1 0
0.999512 0
0.999023 0
0.998535 0
0.998047 0
0.997559 0
0.99707 0
0.996582 0
0.996094 0
0.995605 0
0.995117 0
0.994629 0
0.994141 0
0.993652 0
0.993164 0
0.992676 0
0.992188 0
0.991699 0
0.991211 0
0.990723 0
0.990234 0
0.989746 0
0.989258 0
0.98877 0
0.988281 0
0.987793 0
0.987305 0
0.986816 0
0.986328 0
0.98584 0
0.985352 0
0.984863 0
0.984375 0
0.983887 0
0.983398 0
0.98291 0
0.982422 0
0.981934 0
0.981445 0
0.980957 0
0.980469 0
0.97998 0
0.979492 0
0.979004 0
0.978516 0
0.978027 0
0.977539 0
0.977051 0
0.976562 0
0.976074 0
0.975586 0
0.975098 0
0.974609 0
0.974121 0
0.973633 0
0.973145 0
0.972656 0
0.972168 0
0.97168 0
0.971191 0
0.970703 0
0.970215 0
0.969727 0
0.969238 0
0.96875 0
0.968262 0
0.967773 0
0.967285 0
0.966797 0
0.966309 0
0.96582 0
0.965332 0
0.964844 0
0.964355 0
0.963867 0
0.963379 0
0.962891 0
0.962402 0
0.961914 0
0.961426 0
0.960938 0
0.960449 0
0.959961 0
0.959473 0
0.958984 0
0.958496 0
0.958008 0
0.95752 0
0.957031 0
0.956543 0
0.956055 0
0.955566 0
0.955078 0
0.95459 0
0.954102 0
0.953613 0
0.953125 0
0.952637 0
0.952148 0
0.95166 0
0.951172 0
0.950684 0
0.950195 0
0.949707 0
0.949219 0
0.94873 0
0.948242 0
0.947754 0
0.947266 0
0.946777 0
0.946289 0
0.945801 0
0.945312 0
0.944824 0
0.944336 0
0.943848 0
0.943359 0
0.942871 0
0.942383 0
0.941895 0
0.941406 0
0.940918 0
0.94043 0
0.939941 0
0.939453 0
0.938965 0
0.938477 0
0.937988 0
0.9375 0
0.937012 0
0.936523 0
0.936035 0
0.935547 0
0.935059 0
0.93457 0
0.934082 0
0.933594 0
0.933105 0
0.932617 0
0.932129 0
0.931641 0
0.931152 0
0.930664 0
0.930176 0
0.929688 0
0.929199 0
0.928711 0
0.928223 0
0.927734 0
0.927246 0
0.926758 0
0.92627 0
0.925781 0
0.925293 0
0.924805 0
0.924316 0
0.923828 0
0.92334 0
0.922852 0
0.922363 0
0.921875 0
0.921387 0
0.920898 0
0.92041 0
0.919922 0
0.919434 0
0.918945 0
0.918457 0
0.917969 0
0.91748 0
0.916992 0
0.916504 0
0.916016 0
0.915527 0
0.915039 0
0.914551 0
0.914062 0
0.913574 0
0.913086 0
0.912598 0
0.912109 0
0.911621 0
0.911133 0
0.910645 0
0.910156 0
0.909668 0
0.90918 0
0.908691 0
0.908203 0
0.907715 0
0.907227 0
0.906738 0
0.90625 0
0.905762 0
0.905273 0
0.904785 0
0.904297 0
0.903809 0
0.90332 0
0.902832 0
0.902344 0
0.901855 0
0.901367 0
0.900879 0
0.900391 0
0.899902 0
0.899414 0
0.898926 0
0.898438 0
0.897949 0
0.897461 0
0.896973 0
0.896484 0
0.895996 0
0.895508 0
0.89502 0
0.894531 0
0.894043 0
0.893555 0
0.893066 0
0.892578 0
0.89209 0
0.891602 0
0.891113 0
0.890625 0
0.890137 0
0.889648 0
0.88916 0
0.888672 0
0.888184 0
0.887695 0
0.887207 0
0.886719 0
0.88623 0
0.885742 0
0.885254 0
0.884766 0
0.884277 0
0.883789 0
0.883301 0
0.882812 0
0.882324 0
0.881836 0
0.881348 0
0.880859 0
0.880371 0
0.879883 0
0.879395 0
0.878906 0
0.878418 0
0.87793 0
0.877441 4.35966e-07
0.876953 0
0.876465 6.53949e-07
0.875977 2.17983e-07
0.875488 0
0.875 4.35966e-07
0.874512 0
0.874023 4.35966e-07
0.873535 0
0.873047 8.71932e-07
0.872559 4.35966e-07
0.87207 4.35966e-07
0.871582 1.08992e-06
0.871094 6.53949e-07
0.870605 1.52588e-06
0.870117 1.3079e-06
0.869629 2.39781e-06
0.869141 1.96185e-06
0.868652 2.17983e-06
0.868164 1.3079e-06
0.867676 2.6158e-06
0.867188 2.39781e-06
0.866699 4.57764e-06
0.866211 6.10352e-06
0.865723 5.23159e-06
0.865234 4.79563e-06
0.864746 7.84739e-06
0.864258 5.44957e-06
0.86377 1.06812e-05
0.863281 1.08991e-05
0.862793 1.3297e-05
0.862305 1.61307e-05
0.861816 1.50408e-05
0.861328 1.67847e-05
0.86084 1.76566e-05
0.860352 2.5068e-05
0.859863 2.87737e-05
0.859375 3.22615e-05
0.858887 2.98637e-05
0.858398 3.53132e-05
0.85791 3.64031e-05
0.857422 4.70843e-05
0.856934 5.64576e-05
0.856445 6.3869e-05
0.855957 7.23703e-05
0.855469 8.04357e-05
0.85498 9.24247e-05
0.854492 9.78743e-05
0.854004 0.000112043
0.853516 0.000125776
0.853027 0.000146048
0.852539 0.000149318
0.852051 0.000178746
0.851562 0.000185285
0.851074 0.000206866
0.850586 0.000236947
0.850098 0.000263759
0.849609 0.000298418
0.849121 0.000316075
0.848633 0.00037711
0.848145 0.000392587
0.847656 0.000461251
0.847168 0.000499398
0.84668 0.000534057
0.846191 0.000609697
0.845703 0.000643049
0.845215 0.000730459
0.844727 0.000787789
0.844238 0.000851004
0.84375 0.000917706
0.843262 0.00103563
0.842773 0.00111236
0.842285 0.00123596
0.841797 0.00135629
0.841309 0.00146244
0.84082 0.00161503
0.840332 0.00178266
0.839844 0.00190931
0.839355 0.00208043
0.838867 0.00229405
0.838379 0.00253405
0.837891 0.00267944
0.837402 0.00295345
0.836914 0.00318843
0.836426 0.00338527
0.835938 0.0037347
0.835449 0.00406036
0.834961 0.0043311
0.834473 0.00466112
0.833984 0.00506766
0.833496 0.00544586
0.833008 0.00581512
0.83252 0.00632237
0.832031 0.00683267
0.831543 0.00729239
0.831055 0.00793544
0.830566 0.00836029
0.830078 0.00902645
0.82959 0.00965729
0.829102 0.0103147
0.828613 0.0111723
0.828125 0.0119169
0.827637 0.0127274
0.827148 0.0135077
0.82666 0.014355
0.826172 0.0154657
0.825684 0.0163531
0.825195 0.0174327
0.824707 0.0184841
0.824219 0.019788
0.82373 0.0210981
0.823242 0.0223356
0.822754 0.0236496
0.822266 0.0250488
0.821777 0.026649
0.821289 0.0283364
0.820801 0.0299578
0.820312 0.0316081
0.819824 0.0333993
0.819336 0.0354457
0.818848 0.0372029
0.818359 0.0393751
0.817871 0.0416654
0.817383 0.0439111
0.816895 0.0463263
0.816406 0.0488473
0.815918 0.0512929
0.81543 0.0541554
0.814941 0.0568163
0.814453 0.059787
0.813965 0.0627199
0.813477 0.0659984
0.812988 0.0689861
0.8125 0.0724457
0.812012 0.0760609
0.811523 0.0797878
0.811035 0.0832371
0.810547 0.0872336
0.810059 0.0913121
0.80957 0.0952425
0.809082 0.0996218
0.808594 0.104192
0.808105 0.108944
0.807617 0.113412
0.807129 0.118327
0.806641 0.123581
0.806152 0.12877
0.805664 0.134158
0.805176 0.139743
0.804688 0.145463
0.804199 0.150885
0.803711 0.156826
0.803223 0.16308
0.802734 0.169026
0.802246 0.175845
0.801758 0.182312
0.80127 0.188926
0.800781 0.196004
0.800293 0.203023
0.799805 0.210203
0.799316 0.217725
0.798828 0.22564
0.79834 0.23336
0.797852 0.241214
0.797363 0.248869
0.796875 0.257551
0.796387 0.266327
0.795898 0.274785
0.79541 0.283908
0.794922 0.292737
0.794434 0.301809
0.793945 0.311046
0.793457 0.320478
0.792969 0.330217
0.79248 0.339699
0.791992 0.350099
0.791504 0.360042
0.791016 0.370442
0.790527 0.380769
0.790039 0.391537
0.789551 0.402271
0.789062 0.412233
0.788574 0.424428
0.788086 0.435144
0.787598 0.446784
0.787109 0.457901
0.786621 0.470105
0.786133 0.481112
0.785645 0.493086
0.785156 0.505258
0.784668 0.517442
0.78418 0.529537
0.783691 0.542631
0.783203 0.554542
0.782715 0.566936
0.782227 0.580076
0.781738 0.59317
0.78125 0.605663
0.780762 0.618679
0.780273 0.631871
0.779785 0.644613
0.779297 0.657836
0.778809 0.671537
0.77832 0.684562
0.777832 0.69774
0.777344 0.711053
0.776855 0.725313
0.776367 0.738906
0.775879 0.752514
0.775391 0.76597
0.774902 0.780096
0.774414 0.792812
0.773926 0.808133
0.773438 0.821316
0.772949 0.835087
0.772461 0.84928
0.771973 0.863389
0.771484 0.87586
0.770996 0.890196
0.770508 0.903845
0.77002 0.918507
0.769531 0.932935
0.769043 0.946182
0.768555 0.960027
0.768066 0.97406
0.767578 0.987817
0.76709 1.0017
0.766602 1.01565
0.766113 1.02835
0.765625 1.04236
0.765137 1.05624
0.764648 1.06959
0.76416 1.08293
0.763672 1.09519
0.763184 1.10974
0.762695 1.12289
0.762207 1.13551
0.761719 1.14869
0.76123 1.16116
0.760742 1.1736
0.760254 1.18653
0.759766 1.19999
0.759277 1.21148
0.758789 1.22496
0.758301 1.23709
0.757812 1.24912
0.757324 1.26114
0.756836 1.27433
0.756348 1.28447
0.755859 1.29732
0.755371 1.30865
0.754883 1.32042
0.754395 1.3312
0.753906 1.34109
0.753418 1.35297
0.75293 1.36485
0.752441 1.37411
0.751953 1.38467
0.751465 1.39644
0.750977 1.40664
0.750488 1.41673
0.75 1.42644
0.749512 1.43667
0.749023 1.44673
0.748535 1.45628
0.748047 1.46405
0.747559 1.47427
0.74707 1.48357
0.746582 1.49159
0.746094 1.49993
0.745605 1.50802
0.745117 1.51777
0.744629 1.52497
0.744141 1.5326
0.743652 1.54017
0.743164 1.54871
0.742676 1.55458
0.742188 1.56302
0.741699 1.56996
0.741211 1.5758
0.740723 1.58399
0.740234 1.59068
0.739746 1.59655
0.739258 1.60228
0.73877 1.60916
0.738281 1.61402
0.737793 1.62064
0.737305 1.6255
0.736816 1.63175
0.736328 1.63617
0.73584 1.63954
0.735352 1.64626
0.734863 1.65003
0.734375 1.65543
0.733887 1.65855
0.733398 1.66304
0.73291 1.66822
0.732422 1.67142
0.731934 1.67491
0.731445 1.6776
0.730957 1.68117
0.730469 1.68487
0.72998 1.68764
0.729492 1.68991
0.729004 1.69378
0.728516 1.69495
0.728027 1.69882
0.727539 1.69863
0.727051 1.70169
0.726562 1.70329
0.726074 1.70593
0.725586 1.70679
0.725098 1.70773
0.724609 1.70982
0.724121 1.71021
0.723633 1.71116
0.723145 1.71163
0.722656 1.71207
0.722168 1.71315
0.72168 1.71395
0.721191 1.71461
0.720703 1.71296
0.720215 1.71393
0.719727 1.71466
0.719238 1.71298
0.71875 1.71368
0.718262 1.713
0.717773 1.71145
0.717285 1.71189
0.716797 1.70972
0.716309 1.70915
0.71582 1.70744
0.715332 1.70702
0.714844 1.70522
0.714355 1.70448
0.713867 1.70391
0.713379 1.70137
0.712891 1.6998
0.712402 1.69766
0.711914 1.69506
0.711426 1.69325
0.710938 1.69114
0.710449 1.68877
0.709961 1.68653
0.709473 1.68362
0.708984 1.68178
0.708496 1.67866
0.708008 1.67551
0.70752 1.67388
0.707031 1.67066
0.706543 1.66845
0.706055 1.66458
0.705566 1.66252
0.705078 1.65832
0.70459 1.65501
0.704102 1.65257
0.703613 1.64928
0.703125 1.64588
0.702637 1.64043
0.702148 1.6386
0.70166 1.63497
0.701172 1.63197
0.700684 1.62754
0.700195 1.62442
0.699707 1.62044
0.699219 1.61553
0.69873 1.61131
0.698242 1.60813
0.697754 1.60514
0.697266 1.6001
0.696777 1.59485
0.696289 1.59144
0.695801 1.5881
0.695312 1.58241
0.694824 1.57848
0.694336 1.5747
0.693848 1.57076
0.693359 1.56645
0.692871 1.56247
0.692383 1.55795
0.691895 1.55235
0.691406 1.54778
0.690918 1.54369
0.69043 1.53905
0.689941 1.53391
0.689453 1.53008
0.688965 1.52506
0.688477 1.52073
0.687988 1.51588
0.6875 1.5115
0.687012 1.5053
0.686523 1.50201
0.686035 1.49702
0.685547 1.49102
0.685059 1.48683
0.68457 1.48328
0.684082 1.47826
0.683594 1.4719
0.683105 1.4681
0.682617 1.46295
0.682129 1.45817
0.681641 1.45273
0.681152 1.44889
0.680664 1.44371
0.680176 1.43843
0.679688 1.43429
0.679199 1.42895
0.678711 1.42387
0.678223 1.41855
0.677734 1.41432
0.677246 1.40938
0.676758 1.40421
0.67627 1.39839
0.675781 1.39399
0.675293 1.38901
0.674805 1.38413
0.674316 1.37999
0.673828 1.37499
0.67334 1.36934
0.672852 1.36529
0.672363 1.35983
0.671875 1.35479
0.671387 1.34986
0.670898 1.3448
0.67041 1.33928
0.669922 1.33452
0.669434 1.33064
0.668945 1.32425
0.668457 1.32078
0.667969 1.3161
0.66748 1.31055
0.666992 1.30607
0.666504 1.30099
0.666016 1.29627
0.665527 1.29119
0.665039 1.28723
0.664551 1.28305
0.664062 1.27877
0.663574 1.27281
0.663086 1.26762
0.662598 1.26514
0.662109 1.25855
0.661621 1.25437
0.661133 1.24973
0.660645 1.2434
0.660156 1.24011
0.659668 1.2349
0.65918 1.23056
0.658691 1.22667
0.658203 1.22164
0.657715 1.21694
0.657227 1.2122
0.656738 1.20903
0.65625 1.20432
0.655762 1.19966
0.655273 1.19392
0.654785 1.18975
0.654297 1.18546
0.653809 1.18125
0.65332 1.17764
0.652832 1.17259
0.652344 1.16849
0.651855 1.16308
0.651367 1.15926
0.650879 1.15548
0.650391 1.1507
0.649902 1.14687
0.649414 1.14261
0.648926 1.13822
0.648438 1.13404
0.647949 1.13014
0.647461 1.12545
0.646973 1.12186
0.646484 1.11671
0.645996 1.11352
0.645508 1.10948
0.64502 1.10499
0.644531 1.101
0.644043 1.09667
0.643555 1.09297
0.643066 1.08882
0.642578 1.08564
0.64209 1.08125
0.641602 1.07682
0.641113 1.07265
0.640625 1.06948
0.640137 1.06526
0.639648 1.06092
0.63916 1.0573
0.638672 1.0536
0.638184 1.04902
0.637695 1.04556
0.637207 1.04253
0.636719 1.03799
0.63623 1.0355
0.635742 1.03185
0.635254 1.02764
0.634766 1.02419
0.634277 1.02086
0.633789 1.01623
0.633301 1.01263
0.632812 1.00882
0.632324 1.00542
0.631836 1.00268
0.631348 0.999447
0.630859 0.995066
0.630371 0.991726
0.629883 0.988327
0.629395 0.984989
0.628906 0.981666
0.628418 0.978213
0.62793 0.974556
0.627441 0.970765
0.626953 0.96833
0.626465 0.965139
0.625977 0.961424
0.625488 0.958386
0.625 0.954524
0.624512 0.950928
0.624023 0.94825
0.623535 0.94585
0.623047 0.941403
0.622559 0.939028
0.62207 0.934834
0.621582 0.932952
0.621094 0.928967
0.620605 0.925874
0.620117 0.9233
0.619629 0.920576
0.619141 0.916835
0.618652 0.914354
0.618164 0.91138
0.617676 0.907301
0.617188 0.905489
0.616699 0.902366
0.616211 0.898555
0.615723 0.896608
0.615234 0.892627
0.614746 0.890244
0.614258 0.88791
0.61377 0.884499
0.613281 0.882407
0.612793 0.87799
0.612305 0.876129
0.611816 0.873386
0.611328 0.869924
0.61084 0.868057
0.610352 0.865271
0.609863 0.862326
0.609375 0.859932
0.608887 0.857501
0.608398 0.854949
0.60791 0.851395
0.607422 0.848995
0.606934 0.84637
0.606445 0.844165
0.605957 0.842137
0.605469 0.839129
0.60498 0.835845
0.604492 0.834178
0.604004 0.830959
0.603516 0.829306
0.603027 0.825631
0.602539 0.824015
0.602051 0.821792
0.601562 0.818791
0.601074 0.816445
0.600586 0.813742
0.600098 0.811353
0.599609 0.809382
0.599121 0.808151
0.598633 0.804873
0.598145 0.802613
0.597656 0.799452
0.597168 0.797403
0.59668 0.795183
0.596191 0.792767
0.595703 0.790448
0.595215 0.788675
0.594727 0.785863
0.594238 0.784121
0.59375 0.782514
0.593262 0.779395
0.592773 0.77781
0.592285 0.775336
0.591797 0.773179
0.591309 0.771412
0.59082 0.76969
0.590332 0.766469
0.589844 0.764813
0.589355 0.762511
0.588867 0.76081
0.588379 0.758742
0.587891 0.757684
0.587402 0.754605
0.586914 0.753256
0.586426 0.75048
0.585938 0.748636
0.585449 0.745729
0.584961 0.74417
0.584473 0.743098
0.583984 0.740436
0.583496 0.73846
0.583008 0.737323
0.58252 0.735068
0.582031 0.733008
0.581543 0.731492
0.581055 0.729386
0.580566 0.726995
0.580078 0.725255
0.57959 0.723954
0.579102 0.722045
0.578613 0.719431
0.578125 0.718204
0.577637 0.716626
0.577148 0.714435
0.57666 0.712773
0.576172 0.711601
0.575684 0.709936
0.575195 0.707502
0.574707 0.706328
0.574219 0.704127
0.57373 0.702078
0.573242 0.700832
0.572754 0.699044
0.572266 0.697656
0.571777 0.69609
0.571289 0.694357
0.570801 0.692391
0.570312 0.690959
0.569824 0.689486
0.569336 0.688091
0.568848 0.685979
0.568359 0.684339
0.567871 0.683253
0.567383 0.681512
0.566895 0.680108
0.566406 0.678018
0.565918 0.676705
0.56543 0.67523
0.564941 0.673193
0.564453 0.672089
0.563965 0.67047
0.563477 0.669178
0.562988 0.667393
0.5625 0.666209
0.562012 0.664648
0.561523 0.662767
0.561035 0.66137
0.560547 0.660259
0.560059 0.659115
0.55957 0.657515
0.559082 0.656472
0.558594 0.654638
0.558105 0.653105
0.557617 0.652131
0.557129 0.650965
0.556641 0.649437
0.556152 0.647755
0.555664 0.646516
0.555176 0.645304
0.554688 0.643497
0.554199 0.642214
0.553711 0.641624
0.553223 0.639728
0.552734 0.638474
0.552246 0.637442
0.551758 0.636722
0.55127 0.63429
0.550781 0.633252
0.550293 0.631967
0.549805 0.631683
0.549316 0.629511
0.548828 0.62869
0.54834 0.626966
0.547852 0.626161
0.547363 0.624653
0.546875 0.622903
0.546387 0.622379
0.545898 0.621172
0.54541 0.619705
0.544922 0.618926
0.544434 0.617223
0.543945 0.615977
0.543457 0.615332
0.542969 0.61385
0.54248 0.612744
0.541992 0.611869
0.541504 0.610815
0.541016 0.609412
0.540527 0.608669
0.540039 0.607132
0.539551 0.606557
0.539062 0.604977
0.538574 0.603952
0.538086 0.603322
0.537598 0.601334
0.537109 0.601163
0.536621 0.599572
0.536133 0.59865
0.535645 0.597937
0.535156 0.596712
0.534668 0.595868
0.53418 0.594164
0.533691 0.593963
0.533203 0.592662
0.532715 0.591262
0.532227 0.589733
0.531738 0.589027
0.53125 0.588378
0.530762 0.587174
0.530273 0.585917
0.529785 0.585138
0.529297 0.584046
0.528809 0.583825
0.52832 0.582629
0.527832 0.581396
0.527344 0.58063
0.526855 0.579255
0.526367 0.578403
0.525879 0.577369
0.525391 0.576701
0.524902 0.576008
0.524414 0.574128
0.523926 0.573613
0.523438 0.572612
0.522949 0.572019
0.522461 0.570649
0.521973 0.570498
0.521484 0.569538
0.520996 0.568035
0.520508 0.568145
0.52002 0.567015
0.519531 0.565909
0.519043 0.565626
0.518555 0.564249
0.518066 0.563065
0.517578 0.562284
0.51709 0.561151
0.516602 0.560955
0.516113 0.559592
0.515625 0.558921
0.515137 0.557409
0.514648 0.557344
0.51416 0.556673
0.513672 0.555367
0.513184 0.555219
0.512695 0.554279
0.512207 0.552625
0.511719 0.551805
0.51123 0.551084
0.510742 0.550058
0.510254 0.549791
0.509766 0.548931
0.509277 0.548022
0.508789 0.547582
0.508301 0.547477
0.507812 0.545914
0.507324 0.54484
0.506836 0.544015
0.506348 0.543325
0.505859 0.543626
0.505371 0.542397
0.504883 0.540585
0.504395 0.540703
0.503906 0.540287
0.503418 0.53863
0.50293 0.538187
0.502441 0.537624
0.501953 0.536578
0.501465 0.535497
0.500977 0.535447
0.500488 0.534442
0.5 0.534295
0.499512 0.532719
0.499023 0.531573
0.498535 0.531788
0.498047 0.530902
0.497559 0.529689
0.49707 0.529182
0.496582 0.528514
0.496094 0.527572
0.495605 0.528254
0.495117 0.527547
0.494629 0.5252
0.494141 0.525562
0.493652 0.524381
0.493164 0.524222
0.492676 0.523254
0.492188 0.522458
0.491699 0.521858
0.491211 0.521759
0.490723 0.520788
0.490234 0.519731
0.489746 0.519619
0.489258 0.518318
0.48877 0.517593
0.488281 0.517936
0.487793 0.516698
0.487305 0.515987
0.486816 0.515241
0.486328 0.515247
0.48584 0.513979
0.485352 0.513691
0.484863 0.513094
0.484375 0.512183
0.483887 0.511648
0.483398 0.511401
0.48291 0.509937
0.482422 0.509978
0.481934 0.50916
0.481445 0.508536
0.480957 0.507283
0.480469 0.507926
0.47998 0.506994
0.479492 0.506013
0.479004 0.506
0.478516 0.505325
0.478027 0.503878
0.477539 0.503877
0.477051 0.503732
0.476562 0.502456
0.476074 0.501777
0.475586 0.501338
0.475098 0.500969
0.474609 0.500077
0.474121 0.499478
0.473633 0.499
0.473145 0.498554
0.472656 0.498344
0.472168 0.49798
0.47168 0.496612
0.471191 0.497094
0.470703 0.49601
0.470215 0.495458
0.469727 0.495431
0.469238 0.494644
0.46875 0.493252
0.468262 0.492817
0.467773 0.492397
0.467285 0.492251
0.466797 0.491691
0.466309 0.490856
0.46582 0.490625
0.465332 0.490198
0.464844 0.48974
0.464355 0.489433
0.463867 0.488471
0.463379 0.487915
0.462891 0.487068
0.462402 0.487034
0.461914 0.486791
0.461426 0.485725
0.460938 0.485712
0.460449 0.484823
0.459961 0.484583
0.459473 0.484206
0.458984 0.48369
0.458496 0.482557
0.458008 0.482345
0.45752 0.482459
0.457031 0.48165
0.456543 0.481294
0.456055 0.480622
0.455566 0.480227
0.455078 0.479488
0.45459 0.478677
0.454102 0.478168
0.453613 0.478125
0.453125 0.478001
0.452637 0.476724
0.452148 0.476344
0.45166 0.476118
0.451172 0.47555
0.450684 0.475662
0.450195 0.475611
0.449707 0.474747
0.449219 0.473709
0.44873 0.4732
0.448242 0.473535
0.447754 0.472666
0.447266 0.471708
0.446777 0.471154
0.446289 0.470716
0.445801 0.470702
0.445312 0.470505
0.444824 0.470061
0.444336 0.469268
0.443848 0.469627
0.443359 0.469128
0.442871 0.468234
0.442383 0.467724
0.441895 0.467351
0.441406 0.466784
0.440918 0.466506
0.44043 0.465737
0.439941 0.465569
0.439453 0.465489
0.438965 0.464745
0.438477 0.46377
0.437988 0.463798
0.4375 0.464044
0.437012 0.463354
0.436523 0.46228
0.436035 0.462207
0.435547 0.461808
0.435059 0.461465
0.43457 0.461068
0.434082 0.460199
0.433594 0.459902
0.433105 0.459546
0.432617 0.459616
0.432129 0.458705
0.431641 0.458966
0.431152 0.457922
0.430664 0.457986
0.430176 0.457742
0.429688 0.457192
0.429199 0.456356
0.428711 0.456484
0.428223 0.45578
0.427734 0.455502
0.427246 0.454926
0.426758 0.454988
0.42627 0.453812
0.425781 0.453392
0.425293 0.453849
0.424805 0.452877
0.424316 0.452947
0.423828 0.451612
0.42334 0.451995
0.422852 0.452061
0.422363 0.451297
0.421875 0.450972
0.421387 0.450723
0.420898 0.450415
0.42041 0.449607
0.419922 0.449525
0.419434 0.448696
0.418945 0.448176
0.418457 0.44819
0.417969 0.448269
0.41748 0.447847
0.416992 0.447007
0.416504 0.446845
0.416016 0.446166
0.415527 0.446263
0.415039 0.445872
0.414551 0.44543
0.414062 0.445385
0.413574 0.444278
0.413086 0.444085
0.412598 0.44386
0.412109 0.443937
0.411621 0.443248
0.411133 0.443599
0.410645 0.442275
0.410156 0.442445
0.409668 0.442192
0.40918 0.440805
0.408691 0.441344
0.408203 0.440823
0.407715 0.440362
0.407227 0.440282
0.406738 0.440211
0.40625 0.438989
0.405762 0.439158
0.405273 0.439083
0.404785 0.438456
0.404297 0.438052
0.403809 0.43802
0.40332 0.437481
0.402832 0.437254
0.402344 0.436521
0.401855 0.43636
0.401367 0.435943
0.400879 0.436318
0.400391 0.435356
0.399902 0.435492
0.399414 0.43423
0.398926 0.434229
0.398438 0.433956
0.397949 0.433701
0.397461 0.433002
0.396973 0.433186
0.396484 0.433102
0.395996 0.432321
0.395508 0.432328
0.39502 0.431978
0.394531 0.43153
0.394043 0.431345
0.393555 0.430751
0.393066 0.430623
0.392578 0.430131
0.39209 0.429806
0.391602 0.429484
0.391113 0.429405
0.390625 0.428792
0.390137 0.428523
0.389648 0.428209
0.38916 0.427932
0.388672 0.427707
0.388184 0.427462
0.387695 0.427722
0.387207 0.427366
0.386719 0.426165
0.38623 0.426588
0.385742 0.425785
0.385254 0.425873
0.384766 0.424928
0.384277 0.425332
0.383789 0.425025
0.383301 0.424488
0.382812 0.423537
0.382324 0.424048
0.381836 0.423972
0.381348 0.423204
0.380859 0.422818
0.380371 0.423434
0.379883 0.422451
0.379395 0.421452
0.378906 0.421699
0.378418 0.421121
0.37793 0.421987
0.377441 0.420297
0.376953 0.42067
0.376465 0.420439
0.375977 0.420664
0.375488 0.420168
0.375 0.419352
0.374512 0.419465
0.374023 0.419016
0.373535 0.418904
0.373047 0.418449
0.372559 0.418538
0.37207 0.418311
0.371582 0.418048
0.371094 0.417718
0.370605 0.417817
0.370117 0.416631
0.369629 0.417028
0.369141 0.416479
0.368652 0.41593
0.368164 0.416377
0.367676 0.415798
0.367188 0.415773
0.366699 0.415049
0.366211 0.414995
0.365723 0.414317
0.365234 0.414411
0.364746 0.414177
0.364258 0.41371
0.36377 0.413407
0.363281 0.413646
0.362793 0.412778
0.362305 0.413175
0.361816 0.413116
0.361328 0.411905
0.36084 0.411824
0.360352 0.412191
0.359863 0.412007
0.359375 0.41171
0.358887 0.410837
0.358398 0.410905
0.35791 0.410725
0.357422 0.410356
0.356934 0.410083
0.356445 0.410328
0.355957 0.409894
0.355469 0.409255
0.35498 0.409785
0.354492 0.409163
0.354004 0.408705
0.353516 0.408818
0.353027 0.408466
0.352539 0.408202
0.352051 0.407776
0.351562 0.407807
0.351074 0.407198
0.350586 0.40671
0.350098 0.406553
0.349609 0.40667
0.349121 0.406638
0.348633 0.406258
0.348145 0.406058
0.347656 0.405579
0.347168 0.405447
0.34668 0.405548
0.346191 0.405416
0.345703 0.405144
0.345215 0.404497
0.344727 0.40496
0.344238 0.40455
0.34375 0.404405
0.343262 0.403489
0.342773 0.403702
0.342285 0.403742
0.341797 0.403142
0.341309 0.40266
0.34082 0.402655
0.340332 0.402637
0.339844 0.402425
0.339355 0.402218
0.338867 0.40189
0.338379 0.401453
0.337891 0.401292
0.337402 0.401316
0.336914 0.401253
0.336426 0.400844
0.335938 0.40033
0.335449 0.399995
0.334961 0.400002
0.334473 0.399873
0.333984 0.399292
0.333496 0.399843
0.333008 0.399593
0.33252 0.399386
0.332031 0.399348
0.331543 0.398718
0.331055 0.3985
0.330566 0.398427
0.330078 0.398127
0.32959 0.397135
0.329102 0.397272
0.328613 0.397668
0.328125 0.397221
0.327637 0.397032
0.327148 0.397223
0.32666 0.396605
0.326172 0.396544
0.325684 0.396827
0.325195 0.396305
0.324707 0.395614
0.324219 0.395445
0.32373 0.395588
0.323242 0.394915
0.322754 0.395023
0.322266 0.394577
0.321777 0.394083
0.321289 0.394027
0.320801 0.39374
0.320312 0.394254
0.319824 0.394034
0.319336 0.393837
0.318848 0.392978
0.318359 0.393176
0.317871 0.392637
0.317383 0.392289
0.316895 0.392627
0.316406 0.392136
0.315918 0.392295
0.31543 0.392408
0.314941 0.391754
0.314453 0.391324
0.313965 0.391219
0.313477 0.390983
0.312988 0.390482
0.3125 0.390724
0.312012 0.391029
0.311523 0.390187
0.311035 0.390759
0.310547 0.390256
0.310059 0.390132
0.30957 0.389419
0.309082 0.389607
0.308594 0.389959
0.308105 0.38924
0.307617 0.388708
0.307129 0.388266
0.306641 0.388598
0.306152 0.388332
0.305664 0.388262
0.305176 0.387456
0.304688 0.38815
0.304199 0.387595
0.303711 0.387008
0.303223 0.387526
0.302734 0.387466
0.302246 0.38633
0.301758 0.386482
0.30127 0.385965
0.300781 0.386131
0.300293 0.386172
0.299805 0.385645
0.299316 0.385713
0.298828 0.38531
0.29834 0.384869
0.297852 0.384984
0.297363 0.38445
0.296875 0.384268
0.296387 0.384336
0.295898 0.384228
0.29541 0.383865
0.294922 0.383952
0.294434 0.38349
0.293945 0.383754
0.293457 0.383769
0.292969 0.383224
0.29248 0.382974
0.291992 0.383023
0.291504 0.382154
0.291016 0.382276
0.290527 0.38241
0.290039 0.382094
0.289551 0.382056
0.289062 0.381212
0.288574 0.381567
0.288086 0.381616
0.287598 0.381252
0.287109 0.380536
0.286621 0.380822
0.286133 0.380129
0.285645 0.380943
0.285156 0.379961
0.284668 0.379805
0.28418 0.380059
0.283691 0.379902
0.283203 0.379954
0.282715 0.379267
0.282227 0.379194
0.281738 0.379091
0.28125 0.378785
0.280762 0.378754
0.280273 0.378335
0.279785 0.378736
0.279297 0.378636
0.278809 0.378347
0.27832 0.377887
0.277832 0.377483
0.277344 0.377072
0.276855 0.377337
0.276367 0.3773
0.275879 0.377135
0.275391 0.377147
0.274902 0.376678
0.274414 0.375988
0.273926 0.3761
0.273438 0.37605
0.272949 0.375991
0.272461 0.37612
0.271973 0.375889
0.271484 0.375355
0.270996 0.3747
0.270508 0.375446
0.27002 0.374896
0.269531 0.3748
0.269043 0.374931
0.268555 0.374545
0.268066 0.374271
0.267578 0.374225
0.26709 0.374361
0.266602 0.374016
0.266113 0.373575
0.265625 0.373381
0.265137 0.373444
0.264648 0.373684
0.26416 0.372909
0.263672 0.373429
0.263184 0.373096
0.262695 0.373208
0.262207 0.372263
0.261719 0.372305
0.26123 0.372374
0.260742 0.371918
0.260254 0.371734
0.259766 0.371422
0.259277 0.372026
0.258789 0.371093
0.258301 0.370845
0.257812 0.371417
0.257324 0.371104
0.256836 0.371363
0.256348 0.370513
0.255859 0.370525
0.255371 0.370612
0.254883 0.370665
0.254395 0.370079
0.253906 0.369632
0.253418 0.370318
0.25293 0.369657
0.252441 0.369092
0.251953 0.369542
0.251465 0.368796
0.250977 0.369299
0.250488 0.369357
0.25 0.368563
0.249512 0.368659
0.249023 0.368302
0.248535 0.368275
0.248047 0.36849
0.247559 0.367712
0.24707 0.367921
0.246582 0.36783
0.246094 0.367977
0.245605 0.367202
0.245117 0.36753
0.244629 0.367471
0.244141 0.367192
0.243652 0.367036
0.243164 0.366658
0.242676 0.366934
0.242188 0.366282
0.241699 0.366575
0.241211 0.366556
0.240723 0.365886
0.240234 0.365958
0.239746 0.365271
0.239258 0.365589
0.23877 0.366109
0.238281 0.36539
0.237793 0.365315
0.237305 0.36536
0.236816 0.365037
0.236328 0.365023
0.23584 0.364898
0.235352 0.364337
0.234863 0.364319
0.234375 0.364854
0.233887 0.364134
0.233398 0.364133
0.23291 0.363877
0.232422 0.363868
0.231934 0.363541
0.231445 0.363567
0.230957 0.363372
0.230469 0.363256
0.22998 0.362679
0.229492 0.362764
0.229004 0.363063
0.228516 0.362655
0.228027 0.362224
0.227539 0.362162
0.227051 0.362017
0.226562 0.362355
0.226074 0.362405
0.225586 0.361135
0.225098 0.361687
0.224609 0.360846
0.224121 0.361758
0.223633 0.361684
0.223145 0.361076
0.222656 0.361458
0.222168 0.360755
0.22168 0.360897
0.221191 0.360454
0.220703 0.360509
0.220215 0.360815
0.219727 0.360374
0.219238 0.360164
0.21875 0.359442
0.218262 0.359633
0.217773 0.359739
0.217285 0.359514
0.216797 0.35939
0.216309 0.358486
0.21582 0.359035
0.215332 0.358798
0.214844 0.358932
0.214355 0.358817
0.213867 0.359058
0.213379 0.357903
0.212891 0.358672
0.212402 0.358044
0.211914 0.358122
0.211426 0.357987
0.210938 0.358291
0.210449 0.358008
0.209961 0.357127
0.209473 0.357436
0.208984 0.357947
0.208496 0.357453
0.208008 0.356532
0.20752 0.356697
0.207031 0.356953
0.206543 0.356868
0.206055 0.356448
0.205566 0.356844
0.205078 0.356842
0.20459 0.35635
0.204102 0.3564
0.203613 0.356725
0.203125 0.356483
0.202637 0.355701
0.202148 0.35561
0.20166 0.355795
0.201172 0.355138
0.200684 0.35587
0.200195 0.355762
0.199707 0.355505
0.199219 0.35506
0.19873 0.355092
0.198242 0.35511
0.197754 0.354707
0.197266 0.354642
0.196777 0.354703
0.196289 0.354303
0.195801 0.355173
0.195312 0.354829
0.194824 0.354096
0.194336 0.354464
0.193848 0.353776
0.193359 0.354001
0.192871 0.354293
0.192383 0.353688
0.191895 0.353782
0.191406 0.353568
0.190918 0.353384
0.19043 0.353181
0.189941 0.353131
0.189453 0.352972
0.188965 0.353307
0.188477 0.35329
0.187988 0.352972
0.1875 0.353234
0.187012 0.352905
0.186523 0.352331
0.186035 0.352677
0.185547 0.352528
0.185059 0.352391
0.18457 0.352313
0.184082 0.352465
0.183594 0.351922
0.183105 0.352134
0.182617 0.35231
0.182129 0.351499
0.181641 0.351473
0.181152 0.351371
0.180664 0.351768
0.180176 0.350958
0.179688 0.351112
0.179199 0.351385
0.178711 0.351307
0.178223 0.351278
0.177734 0.350555
0.177246 0.351292
0.176758 0.350653
0.17627 0.350745
0.175781 0.350687
0.175293 0.349969
0.174805 0.35082
0.174316 0.35073
0.173828 0.35026
0.17334 0.350464
0.172852 0.350906
0.172363 0.350448
0.171875 0.350073
0.171387 0.349682
0.170898 0.350324
0.17041 0.350201
0.169922 0.350399
0.169434 0.350117
0.168945 0.349559
0.168457 0.34913
0.167969 0.348932
0.16748 0.349531
0.166992 0.349219
0.166504 0.348759
0.166016 0.348561
0.165527 0.349087
0.165039 0.348518
0.164551 0.349446
0.164062 0.348455
0.163574 0.348804
0.163086 0.349142
0.162598 0.349122
0.162109 0.348658
0.161621 0.348099
0.161133 0.348471
0.160645 0.348791
0.160156 0.348287
0.159668 0.348262
0.15918 0.348163
0.158691 0.348757
0.158203 0.348764
0.157715 0.348015
0.157227 0.348031
0.156738 0.348172
0.15625 0.347414
0.155762 0.348293
0.155273 0.34788
0.154785 0.348231
0.154297 0.347795
0.153809 0.347525
0.15332 0.34721
0.152832 0.347314
0.152344 0.347245
0.151855 0.347527
0.151367 0.347186
0.150879 0.347042
0.150391 0.347258
0.149902 0.346842
0.149414 0.34655
0.148926 0.34719
0.148438 0.347178
0.147949 0.347229
0.147461 0.347053
0.146973 0.347095
0.146484 0.346221
0.145996 0.346515
0.145508 0.346265
0.14502 0.346524
0.144531 0.346349
0.144043 0.346869
0.143555 0.346579
0.143066 0.345853
0.142578 0.345691
0.14209 0.346106
0.141602 0.346446
0.141113 0.345508
0.140625 0.345978
0.140137 0.345867
0.139648 0.345869
0.13916 0.345648
0.138672 0.345462
0.138184 0.345532
0.137695 0.344711
0.137207 0.345114
0.136719 0.345257
0.13623 0.345472
0.135742 0.34523
0.135254 0.344693
0.134766 0.345154
0.134277 0.344494
0.133789 0.344575
0.133301 0.34445
0.132812 0.344606
0.132324 0.344698
0.131836 0.344734
0.131348 0.34457
0.130859 0.344515
0.130371 0.344437
0.129883 0.344037
0.129395 0.344408
0.128906 0.343511
0.128418 0.344025
0.12793 0.343791
0.127441 0.343755
0.126953 0.34371
0.126465 0.343497
0.125977 0.343738
0.125488 0.343653
0.125 0.343819
0.124512 0.343909
0.124023 0.343513
0.123535 0.34338
0.123047 0.343305
0.122559 0.343194
0.12207 0.342985
0.121582 0.342867
0.121094 0.34328
0.120605 0.342659
0.120117 0.343329
0.119629 0.342754
0.119141 0.342586
0.118652 0.342478
0.118164 0.342212
0.117676 0.342282
0.117188 0.342509
0.116699 0.342341
0.116211 0.342227
0.115723 0.341546
0.115234 0.342165
0.114746 0.341883
0.114258 0.341753
0.11377 0.341854
0.113281 0.341938
0.112793 0.34162
0.112305 0.341899
0.111816 0.341444
0.111328 0.341289
0.11084 0.341439
0.110352 0.340835
0.109863 0.3413
0.109375 0.341081
0.108887 0.341487
0.108398 0.341192
0.10791 0.340918
0.107422 0.340314
0.106934 0.340435
0.106445 0.340818
0.105957 0.340262
0.105469 0.340307
0.10498 0.340434
0.104492 0.340661
0.104004 0.340043
0.103516 0.340404
0.103027 0.340455
0.102539 0.340202
0.102051 0.339734
0.101562 0.339833
0.101074 0.339666
0.100586 0.339389
0.100098 0.339843
0.0996094 0.339539
0.0991211 0.33988
0.0986328 0.339452
0.0981445 0.339297
0.0976562 0.339673
0.097168 0.339409
0.0966797 0.339566
0.0961914 0.339291
0.0957031 0.338769
0.0952148 0.339619
0.0947266 0.338624
0.0942383 0.338965
0.09375 0.33831
0.0932617 0.338807
0.0927734 0.338726
0.0922852 0.338649
0.0917969 0.338531
0.0913086 0.338154
0.0908203 0.338015
0.090332 0.338027
0.0898438 0.338083
0.0893555 0.338304
0.0888672 0.337918
0.0883789 0.337888
0.0878906 0.337442
0.0874023 0.33759
0.0869141 0.338158
0.0864258 0.3382
0.0859375 0.337447
0.0854492 0.337882
0.0849609 0.337565
0.0844727 0.337173
0.0839844 0.337223
0.0834961 0.336991
0.0830078 0.337425
0.0825195 0.337484
0.0820312 0.337242
0.081543 0.336724
0.0810547 0.337312
0.0805664 0.337379
0.0800781 0.336804
0.0795898 0.337093
0.0791016 0.336911
0.0786133 0.335841
0.078125 0.336365
0.0776367 0.336966
0.0771484 0.336663
0.0766602 0.336584
0.0761719 0.336214
0.0756836 0.336175
0.0751953 0.336056
0.074707 0.33621
0.0742188 0.335989
0.0737305 0.335743
0.0732422 0.336043
0.0727539 0.335993
0.0722656 0.335902
0.0717773 0.335398
0.0712891 0.335689
0.0708008 0.335784
0.0703125 0.335612
0.0698242 0.335802
0.0693359 0.335651
0.0688477 0.33557
0.0683594 0.336001
0.0678711 0.335938
0.0673828 0.335613
0.0668945 0.335479
0.0664062 0.334815
0.065918 0.335165
0.0654297 0.335076
0.0649414 0.334946
0.0644531 0.334843
0.0639648 0.334658
0.0634766 0.335592
0.0629883 0.334797
0.0625 0.334468
0.0620117 0.335231
0.0615234 0.334549
0.0610352 0.335023
0.0605469 0.334525
0.0600586 0.334002
0.0595703 0.334605
0.059082 0.33519
0.0585938 0.334105
0.0581055 0.335139
0.0576172 0.334439
0.0571289 0.334436
0.0566406 0.334474
0.0561523 0.334356
0.0556641 0.334331
0.0551758 0.334437
0.0546875 0.334412
0.0541992 0.334549
0.0537109 0.334886
0.0532227 0.334068
0.0527344 0.334224
0.0522461 0.33385
0.0517578 0.334046
0.0512695 0.334233
0.0507812 0.33434
0.050293 0.33429
0.0498047 0.334124
0.0493164 0.333629
0.0488281 0.33444
0.0483398 0.334176
0.0478516 0.334436
0.0473633 0.334106
0.046875 0.334415
0.0463867 0.333885
0.0458984 0.333725
0.0454102 0.33374
0.0449219 0.334299
0.0444336 0.333465
0.0439453 0.334255
0.043457 0.333745
0.0429688 0.333789
0.0424805 0.333449
0.0419922 0.333677
0.0415039 0.3334
0.0410156 0.334193
0.0405273 0.333383
0.0400391 0.332831
0.0395508 0.333992
0.0390625 0.333387
0.0385742 0.333892
0.0380859 0.333569
0.0375977 0.333884
0.0371094 0.333408
0.0366211 0.333336
0.0361328 0.333833
0.0356445 0.333767
0.0351562 0.33315
0.034668 0.333756
0.0341797 0.333533
0.0336914 0.333285
0.0332031 0.333277
0.0327148 0.333612
0.0322266 0.333503
0.0317383 0.333024
0.03125 0.333094
0.0307617 0.333708
0.0302734 0.333741
0.0297852 0.333882
0.0292969 0.332957
0.0288086 0.333327
0.0283203 0.333418
0.027832 0.333923
0.0273438 0.333544
0.0268555 0.333192
0.0263672 0.333099
0.0258789 0.333628
0.0253906 0.333291
0.0249023 0.333598
0.0244141 0.333633
0.0239258 0.333126
0.0234375 0.333672
0.0229492 0.333665
0.0224609 0.333329
0.0219727 0.333902
0.0214844 0.333208
0.0209961 0.333134
0.0205078 0.333437
0.0200195 0.333046
0.0195312 0.332942
0.019043 0.333758
0.0185547 0.33338
0.0180664 0.333687
0.0175781 0.333311
0.0170898 0.333364
0.0166016 0.333592
0.0161133 0.333534
0.015625 0.333819
0.0151367 0.333325
0.0146484 0.333823
0.0141602 0.333279
0.0136719 0.333514
0.0131836 0.333581
0.0126953 0.333069
0.012207 0.333536
0.0117188 0.333186
0.0112305 0.333463
0.0107422 0.333582
0.0102539 0.333755
0.00976562 0.333336
0.00927734 0.333057
0.00878906 0.333149
0.00830078 0.334088
0.0078125 0.33306
0.00732422 0.333798
0.00683594 0.3333
0.00634766 0.333582
0.00585938 0.333456
0.00537109 0.333047
0.00488281 0.333084
0.00439453 0.333345
0.00390625 0.333601
0.00341797 0.333113
0.00292969 0.333372
0.00244141 0.333798
0.00195312 0.333794
0.00146484 0.333374
0.000976562 0.333611
0.000488281 0.333997
0 0.333827
-0.000488281 0.333615
-0.000976562 0.332884
-0.00146484 0.333687
-0.00195312 0.333131
-0.00244141 0.333674
-0.00292969 0.333693
-0.00341797 0.333809
-0.00390625 0.333733
-0.00439453 0.332864
-0.00488281 0.333364
-0.00537109 0.333749
-0.00585938 0.33355
-0.00634766 0.333495
-0.00683594 0.333751
-0.00732422 0.333409
-0.0078125 0.333148
-0.00830078 0.333481
-0.00878906 0.333512
-0.00927734 0.333451
-0.00976562 0.333875
-0.0102539 0.333802
-0.0107422 0.333056
-0.0112305 0.333186
-0.0117188 0.333387
-0.012207 0.33362
-0.0126953 0.333536
-0.0131836 0.333848
-0.0136719 0.333756
-0.0141602 0.333994
-0.0146484 0.333935
-0.0151367 0.334255
-0.015625 0.33343
-0.0161133 0.334472
-0.0166016 0.333962
-0.0170898 0.333879
-0.0175781 0.33366
-0.0180664 0.333891
-0.0185547 0.333652
-0.019043 0.333829
-0.0195312 0.33395
-0.0200195 0.33336
-0.0205078 0.333367
-0.0209961 0.333357
-0.0214844 0.333963
-0.0219727 0.333254
-0.0224609 0.333981
-0.0229492 0.333548
-0.0234375 0.333779
-0.0239258 0.334046
-0.0244141 0.333826
-0.0249023 0.333561
-0.0253906 0.333877
-0.0258789 0.333835
-0.0263672 0.333987
-0.0268555 0.333859
-0.0273438 0.333682
-0.027832 0.333415
-0.0283203 0.334376
-0.0288086 0.33363
-0.0292969 0.333826
-0.0297852 0.333736
-0.0302734 0.333907
-0.0307617 0.334017
-0.03125 0.334048
-0.0317383 0.333929
-0.0322266 0.333702
-0.0327148 0.334011
-0.0332031 0.33388
-0.0336914 0.333671
-0.0341797 0.334271
-0.034668 0.333697
-0.0351562 0.333827
-0.0356445 0.333773
-0.0361328 0.334086
-0.0366211 0.334584
-0.0371094 0.334235
-0.0375977 0.333647
-0.0380859 0.33453
-0.0385742 0.333788
-0.0390625 0.333935
-0.0395508 0.334042
-0.0400391 0.334021
-0.0405273 0.334037
-0.0410156 0.333917
-0.0415039 0.334388
-0.0419922 0.334196
-0.0424805 0.334447
-0.0429688 0.334467
-0.043457 0.334418
-0.0439453 0.334557
-0.0444336 0.334132
-0.0449219 0.334331
-0.0454102 0.334621
-0.0458984 0.334686
-0.0463867 0.33448
-0.046875 0.334604
-0.0473633 0.33466
-0.0478516 0.334315
-0.0483398 0.334154
-0.0488281 0.334955
-0.0493164 0.334561
-0.0498047 0.334361
-0.050293 0.3347
-0.0507812 0.334157
-0.0512695 0.334817
-0.0517578 0.334832
-0.0522461 0.334829
-0.0527344 0.33517
-0.0532227 0.335216
-0.0537109 0.334899
-0.0541992 0.335185
-0.0546875 0.335481
-0.0551758 0.334511
-0.0556641 0.334822
-0.0561523 0.335325
-0.0566406 0.335206
-0.0571289 0.33444
-0.0576172 0.334707
-0.0581055 0.335162
-0.0585938 0.335824
-0.059082 0.334823
-0.0595703 0.335218
-0.0600586 0.334918
-0.0605469 0.335558
-0.0610352 0.335801
-0.0615234 0.334897
-0.0620117 0.335025
-0.0625 0.336039
-0.0629883 0.335758
-0.0634766 0.335653
-0.0639648 0.335892
-0.0644531 0.335446
-0.0649414 0.335425
-0.0654297 0.335631
-0.065918 0.336223
-0.0664062 0.335876
-0.0668945 0.336046
-0.0673828 0.336209
-0.0678711 0.336522
-0.0683594 0.336192
-0.0688477 0.33635
-0.0693359 0.336231
-0.0698242 0.336085
-0.0703125 0.336266
-0.0708008 0.336051
-0.0712891 0.336409
-0.0717773 0.336467
-0.0722656 0.336537
-0.0727539 0.336475
-0.0732422 0.336614
-0.0737305 0.336505
-0.0742188 0.336426
-0.074707 0.33651
-0.0751953 0.337177
-0.0756836 0.336893
-0.0761719 0.337071
-0.0766602 0.336999
-0.0771484 0.337679
-0.0776367 0.3371
-0.078125 0.337155
-0.0786133 0.337971
-0.0791016 0.337193
-0.0795898 0.337407
-0.0800781 0.337705
-0.0805664 0.337687
-0.0810547 0.337613
-0.081543 0.337432
-0.0820312 0.337584
-0.0825195 0.338007
-0.0830078 0.337979
-0.0834961 0.338475
-0.0839844 0.337606
-0.0844727 0.337731
-0.0849609 0.337998
-0.0854492 0.337868
-0.0859375 0.337736
-0.0864258 0.338033
-0.0869141 0.338549
-0.0874023 0.33808
-0.0878906 0.338555
-0.0883789 0.338697
-0.0888672 0.33931
-0.0893555 0.338698
-0.0898438 0.338766
-0.090332 0.338469
-0.0908203 0.338679
-0.0913086 0.339221
-0.0917969 0.338652
-0.0922852 0.339096
-0.0927734 0.338829
-0.0932617 0.339011
-0.09375 0.339376
-0.0942383 0.33943
-0.0947266 0.33916
-0.0952148 0.339542
-0.0957031 0.339459
-0.0961914 0.339287
-0.0966797 0.339697
-0.097168 0.340042
-0.0976562 0.339325
-0.0981445 0.340149
-0.0986328 0.339966
-0.0991211 0.339913
-0.0996094 0.34006
-0.100098 0.340158
-0.100586 0.339783
-0.101074 0.340048
-0.101562 0.340231
-0.102051 0.340169
-0.102539 0.340741
-0.103027 0.340489
-0.103516 0.340569
-0.104004 0.340254
-0.104492 0.340772
-0.10498 0.34084
-0.105469 0.340704
-0.105957 0.34053
-0.106445 0.341141
-0.106934 0.34125
-0.107422 0.34077
-0.10791 0.341068
-0.108398 0.34138
-0.108887 0.341347
-0.109375 0.34115
-0.109863 0.341592
-0.110352 0.341739
-0.11084 0.341141
-0.111328 0.3413
-0.111816 0.341911
-0.112305 0.341724
-0.112793 0.342202
-0.113281 0.341628
-0.11377 0.342077
-0.114258 0.341776
-0.114746 0.341988
-0.115234 0.342433
-0.115723 0.342511
-0.116211 0.342496
-0.116699 0.341886
-0.117188 0.342981
-0.117676 0.342554
-0.118164 0.342335
-0.118652 0.342804
-0.119141 0.342194
-0.119629 0.342964
-0.120117 0.342692
-0.120605 0.342931
-0.121094 0.34289
-0.121582 0.342691
-0.12207 0.34334
-0.122559 0.342794
-0.123047 0.342904
-0.123535 0.342628
-0.124023 0.343161
-0.124512 0.343232
-0.125 0.343416
-0.125488 0.343371
-0.125977 0.343292
-0.126465 0.343805
-0.126953 0.343638
-0.127441 0.34393
-0.12793 0.343581
-0.128418 0.343381
-0.128906 0.343749
-0.129395 0.343479
-0.129883 0.343448
-0.130371 0.344062
-0.130859 0.344097
-0.131348 0.344254
-0.131836 0.344248
-0.132324 0.344227
-0.132812 0.344176
-0.133301 0.344426
-0.133789 0.344922
-0.134277 0.344308
-0.134766 0.344575
-0.135254 0.344807
-0.135742 0.344812
-0.13623 0.344549
-0.136719 0.344831
-0.137207 0.345156
-0.137695 0.345534
-0.138184 0.344652
-0.138672 0.345308
-0.13916 0.344621
-0.139648 0.345346
-0.140137 0.345634
-0.140625 0.34495
-0.141113 0.3456
-0.141602 0.34514
-0.14209 0.345582
-0.142578 0.345689
-0.143066 0.345966
-0.143555 0.345353
-0.144043 0.346001
-0.144531 0.3464
-0.14502 0.345716
-0.145508 0.345726
-0.145996 0.345993
-0.146484 0.345857
-0.146973 0.346292
-0.147461 0.345855
-0.147949 0.346198
-0.148438 0.346371
-0.148926 0.346399
-0.149414 0.346834
-0.149902 0.346147
-0.150391 0.346931
-0.150879 0.347156
-0.151367 0.346987
-0.151855 0.347056
-0.152344 0.347164
-0.152832 0.346716
-0.15332 0.3469
-0.153809 0.347001
-0.154297 0.347301
-0.154785 0.347298
-0.155273 0.347258
-0.155762 0.347118
-0.15625 0.347076
-0.156738 0.347784
-0.157227 0.347718
-0.157715 0.347718
-0.158203 0.347942
-0.158691 0.347142
-0.15918 0.347624
-0.159668 0.348278
-0.160156 0.347447
-0.160645 0.347832
-0.161133 0.34796
-0.161621 0.347876
-0.162109 0.348596
-0.162598 0.348142
-0.163086 0.348208
-0.163574 0.348191
-0.164062 0.348891
-0.164551 0.34883
-0.165039 0.348755
-0.165527 0.348922
-0.166016 0.348395
-0.166504 0.348746
-0.166992 0.349316
-0.16748 0.348704
-0.167969 0.349211
-0.168457 0.34919
-0.168945 0.348909
-0.169434 0.349185
-0.169922 0.349466
-0.17041 0.349708
-0.170898 0.349834
-0.171387 0.350454
-0.171875 0.349891
-0.172363 0.34942
-0.172852 0.349869
-0.17334 0.349915
-0.173828 0.350454
-0.174316 0.350095
-0.174805 0.349978
-0.175293 0.350286
-0.175781 0.349855
-0.17627 0.350225
-0.176758 0.351024
-0.177246 0.350776
-0.177734 0.350606
-0.178223 0.350543
-0.178711 0.35112
-0.179199 0.35105
-0.179688 0.351545
-0.180176 0.351925
-0.180664 0.351585
-0.181152 0.350998
-0.181641 0.351304
-0.182129 0.3509
-0.182617 0.351368
-0.183105 0.352336
-0.183594 0.351835
-0.184082 0.352256
-0.18457 0.352234
-0.185059 0.351924
-0.185547 0.352669
-0.186035 0.352803
-0.186523 0.352241
-0.187012 0.352291
-0.1875 0.353294
-0.187988 0.352871
-0.188477 0.352653
-0.188965 0.352953
-0.189453 0.352829
-0.189941 0.353299
-0.19043 0.35378
-0.190918 0.352972
-0.191406 0.352582
-0.191895 0.354124
-0.192383 0.353563
-0.192871 0.353854
-0.193359 0.354061
-0.193848 0.353847
-0.194336 0.354318
-0.194824 0.354112
-0.195312 0.354262
-0.195801 0.354599
-0.196289 0.355003
-0.196777 0.354551
-0.197266 0.354539
-0.197754 0.35524
-0.198242 0.35515
-0.19873 0.355293
-0.199219 0.35595
-0.199707 0.355932
-0.200195 0.355754
-0.200684 0.355328
-0.201172 0.35613
-0.20166 0.355309
-0.202148 0.355841
-0.202637 0.356349
-0.203125 0.35603
-0.203613 0.356003
-0.204102 0.356767
-0.20459 0.356883
-0.205078 0.356366
-0.205566 0.356756
-0.206055 0.356922
-0.206543 0.357316
-0.207031 0.357668
-0.20752 0.357396
-0.208008 0.357948
-0.208496 0.356897
-0.208984 0.357774
-0.209473 0.358499
-0.209961 0.358107
-0.210449 0.358388
-0.210938 0.35848
-0.211426 0.358079
-0.211914 0.358812
-0.212402 0.358393
-0.212891 0.358044
-0.213379 0.35845
-0.213867 0.35972
-0.214355 0.358936
-0.214844 0.359169
-0.215332 0.359296
-0.21582 0.359652
-0.216309 0.35928
-0.216797 0.359273
-0.217285 0.359548
-0.217773 0.360144
-0.218262 0.360226
-0.21875 0.360392
-0.219238 0.360377
-0.219727 0.360785
-0.220215 0.360623
-0.220703 0.361034
-0.221191 0.360921
-0.22168 0.360987
-0.222168 0.360834
-0.222656 0.361546
-0.223145 0.361268
-0.223633 0.36191
-0.224121 0.361574
-0.224609 0.362468
-0.225098 0.361464
-0.225586 0.362337
-0.226074 0.362411
-0.226562 0.362113
-0.227051 0.363055
-0.227539 0.362747
-0.228027 0.362664
-0.228516 0.363141
-0.229004 0.363227
-0.229492 0.363174
-0.22998 0.363387
-0.230469 0.363481
-0.230957 0.363443
-0.231445 0.363971
-0.231934 0.364001
-0.232422 0.363933
-0.23291 0.363621
-0.233398 0.364462
-0.233887 0.364363
-0.234375 0.364695
-0.234863 0.364568
-0.235352 0.364615
-0.23584 0.365331
-0.236328 0.364534
-0.236816 0.364695
-0.237305 0.365607
-0.237793 0.365407
-0.238281 0.365927
-0.23877 0.366204
-0.239258 0.365879
-0.239746 0.365751
-0.240234 0.36598
-0.240723 0.36661
-0.241211 0.367081
-0.241699 0.366799
-0.242188 0.36662
-0.242676 0.366963
-0.243164 0.367328
-0.243652 0.367147
-0.244141 0.367278
-0.244629 0.367668
-0.245117 0.367541
-0.245605 0.367946
-0.246094 0.367606
-0.246582 0.368056
-0.24707 0.368339
-0.247559 0.368759
-0.248047 0.369213
-0.248535 0.369514
-0.249023 0.3688
-0.249512 0.369244
-0.25 0.368905
-0.250488 0.368677
-0.250977 0.369156
-0.251465 0.369705
-0.251953 0.369717
-0.252441 0.370262
-0.25293 0.369878
-0.253418 0.370501
-0.253906 0.369838
-0.254395 0.370486
-0.254883 0.370205
-0.255371 0.370567
-0.255859 0.370726
-0.256348 0.371292
-0.256836 0.371475
-0.257324 0.371275
-0.257812 0.371919
-0.258301 0.371976
-0.258789 0.372105
-0.259277 0.372362
-0.259766 0.372055
-0.260254 0.372271
-0.260742 0.372494
-0.26123 0.372248
-0.261719 0.372792
-0.262207 0.372863
-0.262695 0.373505
-0.263184 0.372925
-0.263672 0.373939
-0.26416 0.374009
-0.264648 0.373921
-0.265137 0.374457
-0.265625 0.374156
-0.266113 0.374462
-0.266602 0.374378
-0.26709 0.374185
-0.267578 0.375169
-0.268066 0.375164
-0.268555 0.374902
-0.269043 0.374995
-0.269531 0.375351
-0.27002 0.375111
-0.270508 0.376029
-0.270996 0.376823
-0.271484 0.376105
-0.271973 0.37653
-0.272461 0.37614
-0.272949 0.375975
-0.273438 0.376862
-0.273926 0.376968
-0.274414 0.377205
-0.274902 0.376977
-0.275391 0.377206
-0.275879 0.377694
-0.276367 0.377699
-0.276855 0.378388
-0.277344 0.378576
-0.277832 0.37894
-0.27832 0.37844
-0.278809 0.378729
-0.279297 0.379154
-0.279785 0.378951
-0.280273 0.379732
-0.280762 0.380232
-0.28125 0.379338
-0.281738 0.379746
-0.282227 0.379207
-0.282715 0.379837
-0.283203 0.380239
-0.283691 0.38016
-0.28418 0.380787
-0.284668 0.380715
-0.285156 0.380748
-0.285645 0.381182
-0.286133 0.381205
-0.286621 0.381763
-0.287109 0.3815
-0.287598 0.381768
-0.288086 0.381955
-0.288574 0.382224
-0.289062 0.382162
-0.289551 0.382866
-0.290039 0.382473
-0.290527 0.382449
-0.291016 0.382712
-0.291504 0.383598
-0.291992 0.383689
-0.29248 0.383369
-0.292969 0.383609
-0.293457 0.384065
-0.293945 0.384262
-0.294434 0.384268
-0.294922 0.384882
-0.29541 0.383998
-0.295898 0.385527
-0.296387 0.384814
-0.296875 0.385429
-0.297363 0.385133
-0.297852 0.385587
-0.29834 0.385529
-0.298828 0.386157
-0.299316 0.386622
-0.299805 0.386416
-0.300293 0.3864
-0.300781 0.386471
-0.30127 0.387393
-0.301758 0.38732
-0.302246 0.386916
-0.302734 0.387257
-0.303223 0.387591
-0.303711 0.388125
-0.304199 0.387718
-0.304688 0.38818
-0.305176 0.388628
-0.305664 0.38837
-0.306152 0.389071
-0.306641 0.388767
-0.307129 0.389655
-0.307617 0.389902
-0.308105 0.389555
-0.308594 0.390446
-0.309082 0.390173
-0.30957 0.390277
-0.310059 0.39061
-0.310547 0.3903
-0.311035 0.39105
-0.311523 0.391534
-0.312012 0.391471
-0.3125 0.391762
-0.312988 0.391702
-0.313477 0.392361
-0.313965 0.392535
-0.314453 0.39246
-0.314941 0.392836
-0.31543 0.392658
-0.315918 0.393322
-0.316406 0.392984
-0.316895 0.393449
-0.317383 0.393473
-0.317871 0.393754
-0.318359 0.394617
-0.318848 0.393837
-0.319336 0.394191
-0.319824 0.394307
-0.320312 0.394456
-0.320801 0.395469
-0.321289 0.39501
-0.321777 0.395359
-0.322266 0.394921
-0.322754 0.395797
-0.323242 0.395838
-0.32373 0.396165
-0.324219 0.395854
-0.324707 0.397182
-0.325195 0.397023
-0.325684 0.397544
-0.326172 0.39737
-0.32666 0.397806
-0.327148 0.398113
-0.327637 0.398242
-0.328125 0.39817
-0.328613 0.398275
-0.329102 0.399401
-0.32959 0.398738
-0.330078 0.398838
-0.330566 0.399057
-0.331055 0.399844
-0.331543 0.400224
-0.332031 0.400611
-0.33252 0.399889
-0.333008 0.400533
-0.333496 0.400613
-0.333984 0.400391
-0.334473 0.400499
-0.334961 0.401263
-0.335449 0.401121
-0.335938 0.401757
-0.336426 0.401559
-0.336914 0.402086
-0.337402 0.402384
-0.337891 0.402069
-0.338379 0.402945
-0.338867 0.403215
-0.339355 0.403464
-0.339844 0.403754
-0.340332 0.403351
-0.34082 0.403893
-0.341309 0.403675
-0.341797 0.40381
-0.342285 0.404583
-0.342773 0.404512
-0.343262 0.405049
-0.34375 0.405424
-0.344238 0.405843
-0.344727 0.405102
-0.345215 0.405738
-0.345703 0.405741
-0.346191 0.406241
-0.34668 0.406587
-0.347168 0.406252
-0.347656 0.40672
-0.348145 0.407424
-0.348633 0.407457
-0.349121 0.407604
-0.349609 0.408007
-0.350098 0.408536
-0.350586 0.40846
-0.351074 0.408789
-0.351562 0.408829
-0.352051 0.409034
-0.352539 0.409428
-0.353027 0.409053
-0.353516 0.409544
-0.354004 0.409963
-0.354492 0.4098
-0.35498 0.409607
-0.355469 0.410625
-0.355957 0.41105
-0.356445 0.41077
-0.356934 0.411168
-0.357422 0.411727
-0.35791 0.411592
-0.358398 0.412274
-0.358887 0.412186
-0.359375 0.412228
-0.359863 0.412653
-0.360352 0.412952
-0.36084 0.413742
-0.361328 0.413479
-0.361816 0.413927
-0.362305 0.413651
-0.362793 0.414602
-0.363281 0.414367
-0.36377 0.41484
-0.364258 0.416047
-0.364746 0.414997
-0.365234 0.415576
-0.365723 0.415847
-0.366211 0.416311
-0.366699 0.415803
-0.367188 0.416559
-0.367676 0.416953
-0.368164 0.41683
-0.368652 0.417508
-0.369141 0.417612
-0.369629 0.417874
-0.370117 0.418114
-0.370605 0.418517
-0.371094 0.418687
-0.371582 0.418345
-0.37207 0.419139
-0.372559 0.419097
-0.373047 0.419534
-0.373535 0.419591
-0.374023 0.420338
-0.374512 0.420592
-0.375 0.420482
-0.375488 0.421679
-0.375977 0.421174
-0.376465 0.421299
-0.376953 0.422212
-0.377441 0.421736
-0.37793 0.422447
-0.378418 0.422484
-0.378906 0.422699
-0.379395 0.423355
-0.379883 0.423748
-0.380371 0.424057
-0.380859 0.42434
-0.381348 0.424617
-0.381836 0.424982
-0.382324 0.424809
-0.382812 0.425298
-0.383301 0.425302
-0.383789 0.425655
-0.384277 0.425482
-0.384766 0.427067
-0.385254 0.426569
-0.385742 0.427197
-0.38623 0.427252
-0.386719 0.427243
-0.387207 0.428178
-0.387695 0.428011
-0.388184 0.428648
-0.388672 0.429061
-0.38916 0.428612
-0.389648 0.429059
-0.390137 0.429718
-0.390625 0.429859
-0.391113 0.430442
-0.391602 0.431063
-0.39209 0.430872
-0.392578 0.431412
-0.393066 0.431708
-0.393555 0.431562
-0.394043 0.432026
-0.394531 0.432771
-0.39502 0.433753
-0.395508 0.433584
-0.395996 0.433044
-0.396484 0.4341
-0.396973 0.434373
-0.397461 0.434042
-0.397949 0.434567
-0.398438 0.434774
-0.398926 0.435071
-0.399414 0.436257
-0.399902 0.436149
-0.400391 0.436412
-0.400879 0.436656
-0.401367 0.437647
-0.401855 0.436592
-0.402344 0.437428
-0.402832 0.437871
-0.40332 0.438538
-0.403809 0.43833
-0.404297 0.438664
-0.404785 0.439438
-0.405273 0.440144
-0.405762 0.440582
-0.40625 0.440779
-0.406738 0.441222
-0.407227 0.441138
-0.407715 0.441438
-0.408203 0.441984
-0.408691 0.442094
-0.40918 0.442291
-0.409668 0.442261
-0.410156 0.442796
-0.410645 0.443455
-0.411133 0.443781
-0.411621 0.443933
-0.412109 0.444216
-0.412598 0.44505
-0.413086 0.44478
-0.413574 0.445447
-0.414062 0.445663
-0.414551 0.446562
-0.415039 0.44686
-0.415527 0.446628
-0.416016 0.448021
-0.416504 0.448604
-0.416992 0.448441
-0.41748 0.44842
-0.417969 0.44929
-0.418457 0.449316
-0.418945 0.448966
-0.419434 0.449703
-0.419922 0.450067
-0.42041 0.450753
-0.420898 0.451051
-0.421387 0.451778
-0.421875 0.451526
-0.422363 0.45239
-0.422852 0.452711
-0.42334 0.452797
-0.423828 0.452991
-0.424316 0.453945
-0.424805 0.453387
-0.425293 0.454449
-0.425781 0.454293
-0.42627 0.455265
-0.426758 0.455355
-0.427246 0.456012
-0.427734 0.456377
-0.428223 0.45636
-0.428711 0.457284
-0.429199 0.457653
-0.429688 0.457554
-0.430176 0.458319
-0.430664 0.458657
-0.431152 0.45935
-0.431641 0.459266
-0.432129 0.459382
-0.432617 0.460465
-0.433105 0.460547
-0.433594 0.46148
-0.434082 0.461128
-0.43457 0.46266
-0.435059 0.462148
-0.435547 0.462581
-0.436035 0.462844
-0.436523 0.463768
-0.437012 0.464297
-0.4375 0.46458
-0.437988 0.464862
-0.438477 0.465384
-0.438965 0.465736
-0.439453 0.465978
-0.439941 0.46641
-0.44043 0.466949
-0.440918 0.467083
-0.441406 0.467851
-0.441895 0.468542
-0.442383 0.468615
-0.442871 0.469193
-0.443359 0.469343
-0.443848 0.469998
-0.444336 0.470673
-0.444824 0.471163
-0.445312 0.47124
-0.445801 0.471536
-0.446289 0.472396
-0.446777 0.472664
-0.447266 0.473151
-0.447754 0.473854
-0.448242 0.474013
-0.44873 0.474888
-0.449219 0.475864
-0.449707 0.475496
-0.450195 0.47618
-0.450684 0.476598
-0.451172 0.476675
-0.45166 0.476653
-0.452148 0.477597
-0.452637 0.478284
-0.453125 0.478462
-0.453613 0.479147
-0.454102 0.479583
-0.45459 0.480203
-0.455078 0.479834
-0.455566 0.481109
-0.456055 0.481341
-0.456543 0.481598
-0.457031 0.482144
-0.45752 0.483161
-0.458008 0.483695
-0.458496 0.483652
-0.458984 0.484283
-0.459473 0.484311
-0.459961 0.485296
-0.460449 0.485736
-0.460938 0.486065
-0.461426 0.486806
-0.461914 0.487291
-0.462402 0.488067
-0.462891 0.488393
-0.463379 0.489106
-0.463867 0.489403
-0.464355 0.489756
-0.464844 0.491016
-0.465332 0.491019
-0.46582 0.491481
-0.466309 0.492058
-0.466797 0.492961
-0.467285 0.492451
-0.467773 0.493529
-0.468262 0.494231
-0.46875 0.494891
-0.469238 0.495164
-0.469727 0.495555
-0.470215 0.496488
-0.470703 0.497267
-0.471191 0.49752
-0.47168 0.497547
-0.472168 0.498596
-0.472656 0.498928
-0.473145 0.499783
-0.473633 0.50031
-0.474121 0.501457
-0.474609 0.50167
-0.475098 0.501576
-0.475586 0.502867
-0.476074 0.503553
-0.476562 0.503382
-0.477051 0.504377
-0.477539 0.504705
-0.478027 0.505311
-0.478516 0.506413
-0.479004 0.506589
-0.479492 0.507021
-0.47998 0.507679
-0.480469 0.508424
-0.480957 0.508578
-0.481445 0.509997
-0.481934 0.510792
-0.482422 0.510984
-0.48291 0.511519
-0.483398 0.511906
-0.483887 0.512477
-0.484375 0.51309
-0.484863 0.51403
-0.485352 0.514774
-0.48584 0.514908
-0.486328 0.515851
-0.486816 0.516579
-0.487305 0.517439
-0.487793 0.517737
-0.488281 0.518577
-0.48877 0.518702
-0.489258 0.519617
-0.489746 0.520075
-0.490234 0.521112
-0.490723 0.520926
-0.491211 0.522271
-0.491699 0.523223
-0.492188 0.524063
-0.492676 0.523889
-0.493164 0.524924
-0.493652 0.525704
-0.494141 0.526528
-0.494629 0.528082
-0.495117 0.527163
-0.495605 0.528485
-0.496094 0.52886
-0.496582 0.530104
-0.49707 0.530624
-0.497559 0.53112
-0.498047 0.532027
-0.498535 0.532775
-0.499023 0.533789
-0.499512 0.535483
-0.5 0.535092
-0.500488 0.535722
-0.500977 0.536593
-0.501465 0.536928
-0.501953 0.537853
-0.502441 0.538759
-0.50293 0.539405
-0.503418 0.540095
-0.503906 0.541079
-0.504395 0.54133
-0.504883 0.54198
-0.505371 0.542294
-0.505859 0.54366
-0.506348 0.545189
-0.506836 0.545064
-0.507324 0.545708
-0.507812 0.546748
-0.508301 0.547348
-0.508789 0.548486
-0.509277 0.54943
-0.509766 0.549962
-0.510254 0.550813
-0.510742 0.551109
-0.51123 0.552064
-0.511719 0.55307
-0.512207 0.553688
-0.512695 0.555381
-0.513184 0.555351
-0.513672 0.557033
-0.51416 0.556797
-0.514648 0.557904
-0.515137 0.559318
-0.515625 0.559542
-0.516113 0.560603
-0.516602 0.561824
-0.51709 0.56234
-0.517578 0.563812
-0.518066 0.563947
-0.518555 0.565051
-0.519043 0.56528
-0.519531 0.567351
-0.52002 0.567469
-0.520508 0.568503
-0.520996 0.569274
-0.521484 0.57033
-0.521973 0.571115
-0.522461 0.572235
-0.522949 0.572998
-0.523438 0.573744
-0.523926 0.574661
-0.524414 0.575476
-0.524902 0.576663
-0.525391 0.577397
-0.525879 0.57848
-0.526367 0.579032
-0.526855 0.580524
-0.527344 0.581589
-0.527832 0.582477
-0.52832 0.583288
-0.528809 0.584135
-0.529297 0.585402
-0.529785 0.585458
-0.530273 0.587298
-0.530762 0.588039
-0.53125 0.588722
-0.531738 0.59018
-0.532227 0.591337
-0.532715 0.592001
-0.533203 0.59322
-0.533691 0.593658
-0.53418 0.593986
-0.534668 0.596069
-0.535156 0.597154
-0.535645 0.598306
-0.536133 0.599587
-0.536621 0.600317
-0.537109 0.60179
-0.537598 0.602517
-0.538086 0.603767
-0.538574 0.604671
-0.539062 0.606424
-0.539551 0.607182
-0.540039 0.60793
-0.540527 0.609245
-0.541016 0.610586
-0.541504 0.611201
-0.541992 0.612377
-0.54248 0.613542
-0.542969 0.614881
-0.543457 0.615758
-0.543945 0.617099
-0.544434 0.618262
-0.544922 0.619364
-0.54541 0.620943
-0.545898 0.621334
-0.546387 0.622389
-0.546875 0.623929
-0.547363 0.625092
-0.547852 0.626139
-0.54834 0.628233
-0.548828 0.628494
-0.549316 0.630057
-0.549805 0.631462
-0.550293 0.633016
-0.550781 0.634163
-0.55127 0.635279
-0.551758 0.637008
-0.552246 0.63761
-0.552734 0.63892
-0.553223 0.640067
-0.553711 0.641228
-0.554199 0.643369
-0.554688 0.643988
-0.555176 0.645352
-0.555664 0.646662
-0.556152 0.648731
-0.556641 0.649127
-0.557129 0.651261
-0.557617 0.651697
-0.558105 0.653551
-0.558594 0.654811
-0.559082 0.656847
-0.55957 0.658531
-0.560059 0.659363
-0.560547 0.660267
-0.561035 0.662348
-0.561523 0.662938
-0.562012 0.665726
-0.5625 0.666484
-0.562988 0.667752
-0.563477 0.6701
-0.563965 0.670804
-0.564453 0.672784
-0.564941 0.673561
-0.56543 0.675603
-0.565918 0.676551
-0.566406 0.678221
-0.566895 0.679699
-0.567383 0.681679
-0.567871 0.683251
-0.568359 0.685276
-0.568848 0.686473
-0.569336 0.687158
-0.569824 0.689544
-0.570312 0.69125
-0.570801 0.692835
-0.571289 0.694359
-0.571777 0.69643
-0.572266 0.698259
-0.572754 0.698672
-0.573242 0.701848
-0.57373 0.703712
-0.574219 0.703949
-0.574707 0.706264
-0.575195 0.707278
-0.575684 0.709455
-0.576172 0.710657
-0.57666 0.712767
-0.577148 0.714541
-0.577637 0.716615
-0.578125 0.719048
-0.578613 0.719916
-0.579102 0.721272
-0.57959 0.723874
-0.580078 0.725909
-0.580566 0.727382
-0.581055 0.729451
-0.581543 0.730764
-0.582031 0.732817
-0.58252 0.73564
-0.583008 0.736794
-0.583496 0.738509
-0.583984 0.740171
-0.584473 0.742606
-0.584961 0.745193
-0.585449 0.746833
-0.585938 0.748802
-0.586426 0.750438
-0.586914 0.753246
-0.587402 0.754703
-0.587891 0.757448
-0.588379 0.758164
-0.588867 0.760428
-0.589355 0.76271
-0.589844 0.765235
-0.590332 0.767375
-0.59082 0.7692
-0.591309 0.771807
-0.591797 0.773463
-0.592285 0.775537
-0.592773 0.7783
-0.593262 0.779801
-0.59375 0.782963
-0.594238 0.783807
-0.594727 0.787733
-0.595215 0.788739
-0.595703 0.791297
-0.596191 0.793815
-0.59668 0.795933
-0.597168 0.798298
-0.597656 0.800845
-0.598145 0.802526
-0.598633 0.805047
-0.599121 0.807004
-0.599609 0.809729
-0.600098 0.812398
-0.600586 0.81458
-0.601074 0.81674
-0.601562 0.819428
-0.602051 0.821746
-0.602539 0.824184
-0.603027 0.827435
-0.603516 0.829298
-0.604004 0.831433
-0.604492 0.833806
-0.60498 0.836197
-0.605469 0.83901
-0.605957 0.84216
-0.606445 0.844101
-0.606934 0.847171
-0.607422 0.849853
-0.60791 0.852437
-0.608398 0.854151
-0.608887 0.858227
-0.609375 0.860388
-0.609863 0.863136
-0.610352 0.865112
-0.61084 0.868146
-0.611328 0.871309
-0.611816 0.873605
-0.612305 0.876435
-0.612793 0.879068
-0.613281 0.882023
-0.61377 0.885064
-0.614258 0.887531
-0.614746 0.890539
-0.615234 0.893661
-0.615723 0.896984
-0.616211 0.899831
-0.616699 0.90282
-0.617188 0.90583
-0.617676 0.908759
-0.618164 0.91142
-0.618652 0.914815
-0.619141 0.917998
-0.619629 0.919803
-0.620117 0.923157
-0.620605 0.926815
-0.621094 0.929383
-0.621582 0.932384
-0.62207 0.936318
-0.622559 0.938493
-0.623047 0.942281
-0.623535 0.945861
-0.624023 0.94912
-0.624512 0.952206
-0.625 0.954699
-0.625488 0.959006
-0.625977 0.961378
-0.626465 0.964883
-0.626953 0.969167
-0.627441 0.971858
-0.62793 0.975685
-0.628418 0.978568
-0.628906 0.981714
-0.629395 0.985035
-0.629883 0.988873
-0.630371 0.991422
-0.630859 0.995923
-0.631348 0.999003
-0.631836 1.00289
-0.632324 1.0058
-0.632812 1.01037
-0.633301 1.01396
-0.633789 1.01656
-0.634277 1.0204
-0.634766 1.0226
-0.635254 1.02756
-0.635742 1.03171
-0.63623 1.03544
-0.636719 1.03916
-0.637207 1.04243
-0.637695 1.0469
-0.638184 1.05004
-0.638672 1.05349
-0.63916 1.05686
-0.639648 1.06088
-0.640137 1.065
-0.640625 1.06888
-0.641113 1.0732
-0.641602 1.07617
-0.64209 1.08076
-0.642578 1.08418
-0.643066 1.08914
-0.643555 1.09336
-0.644043 1.09685
-0.644531 1.10115
-0.64502 1.10514
-0.645508 1.10877
-0.645996 1.11366
-0.646484 1.11688
-0.646973 1.12124
-0.647461 1.12484
-0.647949 1.12964
-0.648438 1.13354
-0.648926 1.1386
-0.649414 1.14265
-0.649902 1.14788
-0.650391 1.15121
-0.650879 1.15577
-0.651367 1.15924
-0.651855 1.16473
-0.652344 1.16785
-0.652832 1.17298
-0.65332 1.17682
-0.653809 1.18064
-0.654297 1.18498
-0.654785 1.18978
-0.655273 1.19385
-0.655762 1.19822
-0.65625 1.2031
-0.656738 1.20864
-0.657227 1.2133
-0.657715 1.21632
-0.658203 1.22165
-0.658691 1.22585
-0.65918 1.22994
-0.659668 1.23558
-0.660156 1.24001
-0.660645 1.2457
-0.661133 1.24902
-0.661621 1.25415
-0.662109 1.25891
-0.662598 1.26312
-0.663086 1.26847
-0.663574 1.27231
-0.664062 1.27817
-0.664551 1.28299
-0.665039 1.28606
-0.665527 1.29237
-0.666016 1.29629
-0.666504 1.30086
-0.666992 1.30651
-0.66748 1.31193
-0.667969 1.31625
-0.668457 1.31957
-0.668945 1.32616
-0.669434 1.33047
-0.669922 1.33454
-0.67041 1.33949
-0.670898 1.34419
-0.671387 1.35106
-0.671875 1.35402
-0.672363 1.36037
-0.672852 1.36488
-0.67334 1.36925
-0.673828 1.37402
-0.674316 1.3786
-0.674805 1.38443
-0.675293 1.38808
-0.675781 1.39417
-0.67627 1.39932
-0.676758 1.40482
-0.677246 1.40838
-0.677734 1.41367
-0.678223 1.41728
-0.678711 1.42392
-0.679199 1.42839
-0.679688 1.43371
-0.680176 1.43879
-0.680664 1.44363
-0.681152 1.44697
-0.681641 1.45299
-0.682129 1.45801
-0.682617 1.46188
-0.683105 1.46707
-0.683594 1.47209
-0.684082 1.47756
-0.68457 1.48111
-0.685059 1.48571
-0.685547 1.49129
-0.686035 1.49679
-0.686523 1.5012
-0.687012 1.50624
-0.6875 1.5106
-0.687988 1.51471
-0.688477 1.51997
-0.688965 1.52586
-0.689453 1.5294
-0.689941 1.53392
-0.69043 1.53906
-0.690918 1.54268
-0.691406 1.54849
-0.691895 1.55174
-0.692383 1.55823
-0.692871 1.56111
-0.693359 1.56619
-0.693848 1.56996
-0.694336 1.57368
-0.694824 1.57935
-0.695312 1.58416
-0.695801 1.58671
-0.696289 1.59188
-0.696777 1.59598
-0.697266 1.59981
-0.697754 1.60491
-0.698242 1.60772
-0.69873 1.61173
-0.699219 1.61547
-0.699707 1.61922
-0.700195 1.62291
-0.700684 1.6268
-0.701172 1.63049
-0.70166 1.63425
-0.702148 1.63985
-0.702637 1.64074
-0.703125 1.64596
-0.703613 1.64801
-0.704102 1.65291
-0.70459 1.6556
-0.705078 1.65858
-0.705566 1.66174
-0.706055 1.66523
-0.706543 1.66768
-0.707031 1.66955
-0.70752 1.674
-0.708008 1.6768
-0.708496 1.67958
-0.708984 1.68189
-0.709473 1.68399
-0.709961 1.68687
-0.710449 1.68913
-0.710938 1.69072
-0.711426 1.69303
-0.711914 1.69519
-0.712402 1.69782
-0.712891 1.69922
-0.713379 1.70012
-0.713867 1.70191
-0.714355 1.70385
-0.714844 1.70569
-0.715332 1.70735
-0.71582 1.70805
-0.716309 1.70876
-0.716797 1.70938
-0.717285 1.7114
-0.717773 1.71145
-0.718262 1.71279
-0.71875 1.71204
-0.719238 1.7131
-0.719727 1.7141
-0.720215 1.71384
-0.720703 1.71331
-0.721191 1.71394
-0.72168 1.7134
-0.722168 1.71318
-0.722656 1.71284
-0.723145 1.71221
-0.723633 1.71123
-0.724121 1.71021
-0.724609 1.70828
-0.725098 1.70728
-0.725586 1.7056
-0.726074 1.70569
-0.726562 1.70365
-0.727051 1.70048
-0.727539 1.70006
-0.728027 1.69732
-0.728516 1.69525
-0.729004 1.69285
-0.729492 1.68987
-0.72998 1.68709
-0.730469 1.68386
-0.730957 1.68125
-0.731445 1.67724
-0.731934 1.67412
-0.732422 1.67002
-0.73291 1.66773
-0.733398 1.66179
-0.733887 1.65852
-0.734375 1.65503
-0.734863 1.65149
-0.735352 1.64509
-0.73584 1.64131
-0.736328 1.63599
-0.736816 1.63096
-0.737305 1.62525
-0.737793 1.62039
-0.738281 1.61392
-0.73877 1.60881
-0.739258 1.60197
-0.739746 1.59625
-0.740234 1.58965
-0.740723 1.58318
-0.741211 1.57538
-0.741699 1.56962
-0.742188 1.56357
-0.742676 1.55475
-0.743164 1.54834
-0.743652 1.54043
-0.744141 1.53338
-0.744629 1.52536
-0.745117 1.51773
-0.745605 1.50832
-0.746094 1.50017
-0.746582 1.49149
-0.74707 1.48275
-0.747559 1.47366
-0.748047 1.46396
-0.748535 1.45539
-0.749023 1.44645
-0.749512 1.43633
-0.75 1.42658
-0.750488 1.41638
-0.750977 1.40742
-0.751465 1.3951
-0.751953 1.38588
-0.752441 1.37463
-0.75293 1.36429
-0.753418 1.35458
-0.753906 1.3417
-0.754395 1.33145
-0.754883 1.32071
-0.755371 1.30898
-0.755859 1.29665
-0.756348 1.28549
-0.756836 1.27295
-0.757324 1.26089
-0.757812 1.24984
-0.758301 1.23684
-0.758789 1.22441
-0.759277 1.2132
-0.759766 1.20092
-0.760254 1.18777
-0.760742 1.17461
-0.76123 1.16139
-0.761719 1.1487
-0.762207 1.13504
-0.762695 1.12302
-0.763184 1.10962
-0.763672 1.09641
-0.76416 1.0819
-0.764648 1.06929
-0.765137 1.05585
-0.765625 1.0422
-0.766113 1.02927
-0.766602 1.01487
-0.76709 1.00142
-0.767578 0.987764
-0.768066 0.97394
-0.768555 0.959761
-0.769043 0.94625
-0.769531 0.932619
-0.77002 0.918871
-0.770508 0.904349
-0.770996 0.889815
-0.771484 0.877439
-0.771973 0.862057
-0.772461 0.848634
-0.772949 0.834272
-0.773438 0.820815
-0.773926 0.806804
-0.774414 0.793856
-0.774902 0.779613
-0.775391 0.765715
-0.775879 0.752557
-0.776367 0.738773
-0.776855 0.725069
-0.777344 0.711346
-0.777832 0.698258
-0.77832 0.684775
-0.778809 0.671036
-0.779297 0.658003
-0.779785 0.645216
-0.780273 0.631477
-0.780762 0.618192
-0.78125 0.605672
-0.781738 0.592639
-0.782227 0.579866
-0.782715 0.566915
-0.783203 0.554291
-0.783691 0.542064
-0.78418 0.52931
-0.784668 0.517478
-0.785156 0.505073
-0.785645 0.492857
-0.786133 0.48134
-0.786621 0.469515
-0.787109 0.458284
-0.787598 0.447042
-0.788086 0.435395
-0.788574 0.423627
-0.789062 0.413037
-0.789551 0.402079
-0.790039 0.391125
-0.790527 0.380533
-0.791016 0.370655
-0.791504 0.360075
-0.791992 0.350034
-0.79248 0.340182
-0.792969 0.329573
-0.793457 0.320666
-0.793945 0.311335
-0.794434 0.301886
-0.794922 0.292326
-0.79541 0.283596
-0.795898 0.274971
-0.796387 0.266408
-0.796875 0.25748
-0.797363 0.249433
-0.797852 0.240953
-0.79834 0.233624
-0.798828 0.2255
-0.799316 0.218215
-0.799805 0.210504
-0.800293 0.2031
-0.800781 0.196374
-0.80127 0.18921
-0.801758 0.18225
-0.802246 0.175252
-0.802734 0.169509
-0.803223 0.162846
-0.803711 0.15689
-0.804199 0.151223
-0.804688 0.145083
-0.805176 0.139195
-0.805664 0.133949
-0.806152 0.12826
-0.806641 0.12319
-0.807129 0.118277
-0.807617 0.113586
-0.808105 0.108277
-0.808594 0.103995
-0.809082 0.0996595
-0.80957 0.0955721
-0.810059 0.0912681
-0.810547 0.0873387
-0.811035 0.0835502
-0.811523 0.0798911
-0.812012 0.0760792
-0.8125 0.0725024
-0.812988 0.0692023
-0.813477 0.0658853
-0.813965 0.062873
-0.814453 0.0597528
-0.814941 0.0567795
-0.81543 0.0541486
-0.815918 0.0513362
-0.816406 0.0488785
-0.816895 0.0461788
-0.817383 0.0441186
-0.817871 0.0416388
-0.818359 0.0394682
-0.818848 0.0373524
-0.819336 0.0351665
-0.819824 0.03359
-0.820312 0.0315988
-0.820801 0.0298915
-0.821289 0.0282671
-0.821777 0.0265638
-0.822266 0.0250826
-0.822754 0.0237427
-0.823242 0.0224612
-0.82373 0.020932
-0.824219 0.0196411
-0.824707 0.0186916
-0.825195 0.0175363
-0.825684 0.0163801
-0.826172 0.0154046
-0.82666 0.0144191
-0.827148 0.0134744
-0.827637 0.0126604
-0.828125 0.0118955
-0.828613 0.0110295
-0.829102 0.0103529
-0.82959 0.00977195
-0.830078 0.00898568
-0.830566 0.00836465
-0.831055 0.0078452
-0.831543 0.00731267
-0.832031 0.00679452
-0.83252 0.00633698
-0.833008 0.00580052
-0.833496 0.00537807
-0.833984 0.00503562
-0.834473 0.0045833
-0.834961 0.00435442
-0.835449 0.00401699
-0.835938 0.00369372
-0.836426 0.00342233
-0.836914 0.00313612
-0.837402 0.00287955
-0.837891 0.00271323
-0.838379 0.00249612
-0.838867 0.00228184
-0.839355 0.00213667
-0.839844 0.00189209
-0.840332 0.00178092
-0.84082 0.00161874
-0.841309 0.00147618
-0.841797 0.0013831
-0.842285 0.00126146
-0.842773 0.00113068
-0.843262 0.00104544
-0.84375 0.000956071
-0.844238 0.000885009
-0.844727 0.000788443
-0.845215 0.000713239
-0.845703 0.00064719
-0.846191 0.000570896
-0.84668 0.000509861
-0.847168 0.000497
-0.847656 0.000423104
-0.848145 0.000384739
-0.848633 0.000347246
-0.849121 0.000328718
-0.849609 0.000291225
-0.850098 0.000246103
-0.850586 0.000238037
-0.851074 0.000204904
-0.851562 0.000187465
-0.852051 0.00018049
-0.852539 0.000146048
-0.853027 0.000139073
-0.853516 0.00012207
-0.854004 0.000103978
-0.854492 8.80651e-05
-0.85498 7.41142e-05
-0.855469 7.21523e-05
-0.855957 6.82286e-05
-0.856445 5.79834e-05
-0.856934 5.71115e-05
-0.857422 4.51225e-05
-0.85791 5.01361e-05
-0.858398 3.48773e-05
-0.858887 3.37874e-05
-0.859375 2.83378e-05
-0.859863 3.05176e-05
-0.860352 2.07084e-05
-0.86084 2.00544e-05
-0.861328 1.89645e-05
-0.861816 1.46049e-05
-0.862305 1.94005e-05
-0.862793 1.46049e-05
-0.863281 8.9373e-06
-0.86377 8.9373e-06
-0.864258 8.9373e-06
-0.864746 7.84739e-06
-0.865234 5.44957e-06
-0.865723 6.75747e-06
-0.866211 5.23159e-06
-0.866699 3.92369e-06
-0.867188 2.17983e-06
-0.867676 2.17983e-06
-0.868164 2.83378e-06
-0.868652 1.3079e-06
-0.869141 2.17983e-06
-0.869629 1.74386e-06
-0.870117 4.35966e-07
-0.870605 1.08992e-06
-0.871094 1.08992e-06
-0.871582 1.08992e-06
-0.87207 0
-0.872559 6.53949e-07
-0.873047 4.35966e-07
-0.873535 6.53949e-07
-0.874023 0
-0.874512 4.35966e-07
-0.875 2.17983e-07
-0.875488 0
-0.875977 0
-0.876465 2.17983e-07
-0.876953 0
-0.877441 2.17983e-07
-0.87793 0
-0.878418 2.17983e-07
-0.878906 0
-0.879395 0
-0.879883 0
-0.880371 0
-0.880859 0
-0.881348 2.17983e-07
-0.881836 0
-0.882324 0
-0.882812 0
-0.883301 0
-0.883789 0
-0.884277 0
-0.884766 0
-0.885254 0
-0.885742 0
-0.88623 0
-0.886719 0
-0.887207 0
-0.887695 0
-0.888184 0
-0.888672 0
-0.88916 0
-0.889648 0
-0.890137 0
-0.890625 0
-0.891113 0
-0.891602 0
-0.89209 0
-0.892578 0
-0.893066 0
-0.893555 0
-0.894043 0
-0.894531 0
-0.89502 0
-0.895508 0
-0.895996 0
-0.896484 0
-0.896973 0
-0.897461 0
-0.897949 0
-0.898438 0
-0.898926 0
-0.899414 0
-0.899902 0
-0.900391 0
-0.900879 0
-0.901367 0
-0.901855 0
-0.902344 0
-0.902832 0
-0.90332 0
-0.903809 0
-0.904297 0
-0.904785 0
-0.905273 0
-0.905762 0
-0.90625 0
-0.906738 0
-0.907227 0
-0.907715 0
-0.908203 0
-0.908691 0
-0.90918 0
-0.909668 0
-0.910156 0
-0.910645 0
-0.911133 0
-0.911621 0
-0.912109 0
-0.912598 0
-0.913086 0
-0.913574 0
-0.914062 0
-0.914551 0
-0.915039 0
-0.915527 0
-0.916016 0
-0.916504 0
-0.916992 0
-0.91748 0
-0.917969 0
-0.918457 0
-0.918945 0
-0.919434 0
-0.919922 0
-0.92041 0
-0.920898 0
-0.921387 0
-0.921875 0
-0.922363 0
-0.922852 0
-0.92334 0
-0.923828 0
-0.924316 0
-0.924805 0
-0.925293 0
-0.925781 0
-0.92627 0
-0.926758 0
-0.927246 0
-0.927734 0
-0.928223 0
-0.928711 0
-0.929199 0
-0.929688 0
-0.930176 0
-0.930664 0
-0.931152 0
-0.931641 0
-0.932129 0
-0.932617 0
-0.933105 0
-0.933594 0
-0.934082 0
-0.93457 0
-0.935059 0
-0.935547 0
-0.936035 0
-0.936523 0
-0.937012 0
-0.9375 0
-0.937988 0
-0.938477 0
-0.938965 0
-0.939453 0
-0.939941 0
-0.94043 0
-0.940918 0
-0.941406 0
-0.941895 0
-0.942383 0
-0.942871 0
-0.943359 0
-0.943848 0
-0.944336 0
-0.944824 0
-0.945312 0
-0.945801 0
-0.946289 0
-0.946777 0
-0.947266 0
-0.947754 0
-0.948242 0
-0.94873 0
-0.949219 0
-0.949707 0
-0.950195 0
-0.950684 0
-0.951172 0
-0.95166 0
-0.952148 0
-0.952637 0
-0.953125 0
-0.953613 0
-0.954102 0
-0.95459 0
-0.955078 0
-0.955566 0
-0.956055 0
-0.956543 0
-0.957031 0
-0.95752 0
-0.958008 0
-0.958496 0
-0.958984 0
-0.959473 0
-0.959961 0
-0.960449 0
-0.960938 0
-0.961426 0
-0.961914 0
-0.962402 0
-0.962891 0
-0.963379 0
-0.963867 0
-0.964355 0
-0.964844 0
-0.965332 0
-0.96582 0
-0.966309 0
-0.966797 0
-0.967285 0
-0.967773 0
-0.968262 0
-0.96875 0
-0.969238 0
-0.969727 0
-0.970215 0
-0.970703 0
-0.971191 0
-0.97168 0
-0.972168 0
-0.972656 0
-0.973145 0
-0.973633 0
-0.974121 0
-0.974609 0
-0.975098 0
-0.975586 0
-0.976074 0
-0.976562 0
-0.977051 0
-0.977539 0
-0.978027 0
-0.978516 0
-0.979004 0
-0.979492 0
-0.97998 0
-0.980469 0
-0.980957 0
-0.981445 0
-0.981934 0
-0.982422 0
-0.98291 0
-0.983398 0
-0.983887 0
-0.984375 0
-0.984863 0
-0.985352 0
-0.98584 0
-0.986328 0
-0.986816 0
-0.987305 0
-0.987793 0
-0.988281 0
-0.98877 0
-0.989258 0
-0.989746 0
-0.990234 0
-0.990723 0
-0.991211 0
-0.991699 0
-0.992188 0
-0.992676 0
-0.993164 0
-0.993652 0
-0.994141 0
-0.994629 0
-0.995117 0
-0.995605 0
-0.996094 0
-0.996582 0
-0.99707 0
-0.997559 0
-0.998047 0
-0.998535 0
-0.999023 0
-0.999512 0
-1 0
