1 0
0.999512 0
0.999023 0
0.998535 0
0.998047 0
0.997559 0
0.99707 0
0.996582 0
0.996094 0
0.995605 0
0.995117 0
0.994629 0
0.994141 0
0.993652 0
0.993164 0
0.992676 0
0.992188 0
0.991699 0
0.991211 0
0.990723 0
0.990234 0
0.989746 0
0.989258 0
0.98877 0
0.988281 0
0.987793 0
0.987305 0
0.986816 0
0.986328 0
0.98584 0
0.985352 0
0.984863 0
0.984375 0
0.983887 0
0.983398 0
0.98291 0
0.982422 0
0.981934 0
0.981445 0
0.980957 0
0.980469 0
0.97998 0
0.979492 0
0.979004 0
0.978516 0
0.978027 0
0.977539 0
0.977051 0
0.976562 0
0.976074 0
0.975586 0
0.975098 0
0.974609 0
0.974121 0
0.973633 0
0.973145 0
0.972656 0
0.972168 0
0.97168 0
0.971191 0
0.970703 0
0.970215 0
0.969727 0
0.969238 0
0.96875 0
0.968262 0
0.967773 0
0.967285 0
0.966797 0
0.966309 0
0.96582 0
0.965332 0
0.964844 0
0.964355 0
0.963867 0
0.963379 0
0.962891 0
0.962402 0
0.961914 0
0.961426 0
0.960938 0
0.960449 0
0.959961 0
0.959473 0
0.958984 0
0.958496 0
0.958008 0
0.95752 0
0.957031 0
0.956543 0
0.956055 0
0.955566 0
0.955078 0
0.95459 0
0.954102 0
0.953613 0
0.953125 0
0.952637 0
0.952148 0
0.95166 0
0.951172 0
0.950684 0
0.950195 0
0.949707 0
0.949219 0
0.94873 0
0.948242 0
0.947754 0
0.947266 0
0.946777 0
0.946289 0
0.945801 0
0.945312 0
0.944824 0
0.944336 0
0.943848 0
0.943359 0
0.942871 0
0.942383 0
0.941895 0
0.941406 0
0.940918 0
0.94043 0
0.939941 0
0.939453 0
0.938965 0
0.938477 0
0.937988 0
0.9375 0
0.937012 0
0.936523 0
0.936035 0
0.935547 0
0.935059 0
0.93457 0
0.934082 0
0.933594 0
0.933105 0
0.932617 0
0.932129 0
0.931641 0
0.931152 0
0.930664 0
0.930176 0
0.929688 0
0.929199 0
0.928711 0
0.928223 0
0.927734 0
0.927246 0
0.926758 0
0.92627 0
0.925781 0
0.925293 0
0.924805 0
0.924316 0
0.923828 0
0.92334 0
0.922852 0
0.922363 0
0.921875 0
0.921387 0
0.920898 0
0.92041 0
0.919922 0
0.919434 0
0.918945 0
0.918457 0
0.917969 0
0.91748 0
0.916992 0
0.916504 0
0.916016 0
0.915527 0
0.915039 0
0.914551 0
0.914062 0
0.913574 0
0.913086 0
0.912598 0
0.912109 0
0.911621 0
0.911133 0
0.910645 0
0.910156 0
0.909668 0
0.90918 0
0.908691 0
0.908203 0
0.907715 0
0.907227 0
0.906738 0
0.90625 0
0.905762 0
0.905273 0
0.904785 0
0.904297 0
0.903809 0
0.90332 0
0.902832 0
0.902344 0
0.901855 0
0.901367 0
0.900879 0
0.900391 0
0.899902 0
0.899414 0
0.898926 0
0.898438 0
0.897949 0
0.897461 0
0.896973 0
0.896484 0
0.895996 0
0.895508 0
0.89502 0
0.894531 0
0.894043 0
0.893555 0
0.893066 0
0.892578 0
0.89209 0
0.891602 0
0.891113 0
0.890625 0
0.890137 0
0.889648 0
0.88916 0
0.888672 0
0.888184 0
0.887695 0
0.887207 0
0.886719 0
0.88623 0
0.885742 0
0.885254 0
0.884766 0
0.884277 0
0.883789 0
0.883301 0
0.882812 0
0.882324 5.81288e-07
0.881836 0
0.881348 5.81288e-07
0.880859 0
0.880371 0
0.879883 5.81288e-07
0.879395 0
0.878906 0
0.878418 5.81288e-07
0.87793 0
0.877441 0
0.876953 0
0.876465 5.81288e-07
0.875977 5.81288e-07
0.875488 5.81288e-07
0.875 1.16258e-06
0.874512 0
0.874023 5.81288e-07
0.873535 1.74386e-06
0.873047 2.90644e-06
0.872559 1.16258e-06
0.87207 1.74386e-06
0.871582 1.74386e-06
0.871094 2.32515e-06
0.870605 2.32515e-06
0.870117 3.48772e-06
0.869629 2.90644e-06
0.869141 6.39416e-06
0.868652 6.39416e-06
0.868164 5.23159e-06
0.867676 6.97545e-06
0.867188 7.55674e-06
0.866699 9.88189e-06
0.866211 6.97545e-06
0.865723 1.39509e-05
0.865234 1.80199e-05
0.864746 1.91825e-05
0.864258 1.74386e-05
0.86377 2.32515e-05
0.863281 2.67392e-05
0.862793 1.97638e-05
0.862305 3.89463e-05
0.861816 4.47591e-05
0.861328 5.11533e-05
0.86084 5.28971e-05
0.860352 5.0572e-05
0.859863 6.33603e-05
0.859375 6.80106e-05
0.858887 7.44048e-05
0.858398 8.25428e-05
0.85791 9.82375e-05
0.857422 0.000118583
0.856934 0.000122652
0.856445 0.000151716
0.855957 0.000170898
0.855469 0.000181362
0.85498 0.000202288
0.854492 0.000242397
0.854004 0.000247628
0.853516 0.000277274
0.853027 0.000329008
0.852539 0.000367955
0.852051 0.000408063
0.851562 0.000481887
0.851074 0.000521995
0.850586 0.000546991
0.850098 0.000623721
0.849609 0.000666155
0.849121 0.000735328
0.848633 0.000816708
0.848145 0.00088995
0.847656 0.000997488
0.847168 0.00111026
0.84668 0.00123233
0.846191 0.00132708
0.845703 0.00147472
0.845215 0.00161365
0.844727 0.00177409
0.844238 0.00190081
0.84375 0.00211821
0.843262 0.00232224
0.842773 0.00255534
0.842285 0.00274774
0.841797 0.0030163
0.841309 0.00333194
0.84082 0.00359468
0.840332 0.00393764
0.839844 0.00422189
0.839355 0.00467064
0.838867 0.00493687
0.838379 0.00545364
0.837891 0.00593552
0.837402 0.00635289
0.836914 0.00679409
0.836426 0.00743641
0.835938 0.00799096
0.835449 0.00868095
0.834961 0.00929304
0.834473 0.00998942
0.833984 0.0109962
0.833496 0.0116345
0.833008 0.0125721
0.83252 0.0134963
0.832031 0.014556
0.831543 0.0155582
0.831055 0.0165318
0.830566 0.0177746
0.830078 0.0189744
0.82959 0.020402
0.829102 0.0217925
0.828613 0.0231718
0.828125 0.0247855
0.827637 0.0266636
0.827148 0.0281593
0.82666 0.030231
0.826172 0.0319702
0.825684 0.0340123
0.825195 0.0362566
0.824707 0.0386329
0.824219 0.0406453
0.82373 0.043235
0.823242 0.0458496
0.822754 0.0486439
0.822266 0.0514555
0.821777 0.0544864
0.821289 0.0573219
0.820801 0.0609299
0.820312 0.0643258
0.819824 0.0679281
0.819336 0.0716977
0.818848 0.0754633
0.818359 0.0802147
0.817871 0.0833176
0.817383 0.0883057
0.816895 0.0923881
0.816406 0.097386
0.815918 0.102763
0.81543 0.10788
0.814941 0.113211
0.814453 0.118632
0.813965 0.124116
0.813477 0.130053
0.812988 0.135699
0.8125 0.142617
0.812012 0.149809
0.811523 0.155938
0.811035 0.163663
0.810547 0.170377
0.810059 0.177789
0.80957 0.186297
0.809082 0.193519
0.808594 0.200777
0.808105 0.210236
0.807617 0.219559
0.807129 0.228174
0.806641 0.237508
0.806152 0.246917
0.805664 0.256785
0.805176 0.266621
0.804688 0.276187
0.804199 0.287215
0.803711 0.298492
0.803223 0.309131
0.802734 0.320734
0.802246 0.331731
0.801758 0.343758
0.80127 0.356468
0.800781 0.368419
0.800293 0.381442
0.799805 0.394181
0.799316 0.407582
0.798828 0.420318
0.79834 0.434029
0.797852 0.448581
0.797363 0.463465
0.796875 0.47632
0.796387 0.492296
0.795898 0.50679
0.79541 0.5224
0.794922 0.537695
0.794434 0.553138
0.793945 0.569629
0.793457 0.58548
0.792969 0.603335
0.79248 0.618611
0.791992 0.635173
0.791504 0.652094
0.791016 0.669975
0.790527 0.687967
0.790039 0.705147
0.789551 0.724225
0.789062 0.741739
0.788574 0.760489
0.788086 0.778606
0.787598 0.798441
0.787109 0.817337
0.786621 0.835166
0.786133 0.855174
0.785645 0.874741
0.785156 0.895215
0.784668 0.912808
0.78418 0.934848
0.783691 0.952908
0.783203 0.973182
0.782715 0.99562
0.782227 1.01377
0.781738 1.03547
0.78125 1.0542
0.780762 1.07378
0.780273 1.09663
0.779785 1.11713
0.779297 1.1386
0.778809 1.15939
0.77832 1.17887
0.777832 1.20108
0.777344 1.22093
0.776855 1.24387
0.776367 1.26357
0.775879 1.28291
0.775391 1.3049
0.774902 1.32655
0.774414 1.3482
0.773926 1.36754
0.773438 1.38875
0.772949 1.41009
0.772461 1.43049
0.771973 1.45132
0.771484 1.47067
0.770996 1.49208
0.770508 1.51065
0.77002 1.53072
0.769531 1.55367
0.769043 1.57421
0.768555 1.59314
0.768066 1.61195
0.767578 1.63211
0.76709 1.65276
0.766602 1.67146
0.766113 1.69188
0.765625 1.70915
0.765137 1.72968
0.764648 1.74803
0.76416 1.76621
0.763672 1.78573
0.763184 1.80232
0.762695 1.8203
0.762207 1.84032
0.761719 1.85816
0.76123 1.87129
0.760742 1.88965
0.760254 1.90887
0.759766 1.92487
0.759277 1.94022
0.758789 1.95729
0.758301 1.97447
0.757812 1.98856
0.757324 2.00486
0.756836 2.0208
0.756348 2.03271
0.755859 2.04954
0.755371 2.06401
0.754883 2.07791
0.754395 2.09061
0.753906 2.10512
0.753418 2.11744
0.75293 2.13435
0.752441 2.14504
0.751953 2.15701
0.751465 2.1694
0.750977 2.17934
0.750488 2.1928
0.75 2.20476
0.749512 2.21425
0.749023 2.22523
0.748535 2.23618
0.748047 2.2447
0.747559 2.2553
0.74707 2.26818
0.746582 2.27461
0.746094 2.28379
0.745605 2.29127
0.745117 2.29936
0.744629 2.30986
0.744141 2.31742
0.743652 2.32272
0.743164 2.33475
0.742676 2.3382
0.742188 2.34612
0.741699 2.35007
0.741211 2.35803
0.740723 2.36268
0.740234 2.36945
0.739746 2.37317
0.739258 2.3791
0.73877 2.3829
0.738281 2.3891
0.737793 2.39068
0.737305 2.39531
0.736816 2.39832
0.736328 2.40239
0.73584 2.40419
0.735352 2.40493
0.734863 2.40812
0.734375 2.4107
0.733887 2.41479
0.733398 2.41752
0.73291 2.41615
0.732422 2.41859
0.731934 2.41935
0.731445 2.41946
0.730957 2.4203
0.730469 2.4216
0.72998 2.41902
0.729492 2.4178
0.729004 2.41921
0.728516 2.41837
0.728027 2.41673
0.727539 2.416
0.727051 2.41386
0.726562 2.41076
0.726074 2.41162
0.725586 2.40815
0.725098 2.40543
0.724609 2.4037
0.724121 2.40118
0.723633 2.39689
0.723145 2.39515
0.722656 2.3911
0.722168 2.38501
0.72168 2.38374
0.721191 2.38074
0.720703 2.37591
0.720215 2.37343
0.719727 2.3669
0.719238 2.36463
0.71875 2.35981
0.718262 2.35448
0.717773 2.34793
0.717285 2.34405
0.716797 2.33703
0.716309 2.33338
0.71582 2.32847
0.715332 2.32141
0.714844 2.31852
0.714355 2.30943
0.713867 2.30555
0.713379 2.2997
0.712891 2.29121
0.712402 2.28549
0.711914 2.27811
0.711426 2.27211
0.710938 2.26504
0.710449 2.25801
0.709961 2.25163
0.709473 2.24217
0.708984 2.2369
0.708496 2.22862
0.708008 2.22279
0.70752 2.21455
0.707031 2.20637
0.706543 2.20184
0.706055 2.19325
0.705566 2.18459
0.705078 2.17699
0.70459 2.1682
0.704102 2.1596
0.703613 2.15241
0.703125 2.1444
0.702637 2.13599
0.702148 2.12842
0.70166 2.12047
0.701172 2.11062
0.700684 2.10194
0.700195 2.09329
0.699707 2.08796
0.699219 2.07847
0.69873 2.07072
0.698242 2.06166
0.697754 2.05141
0.697266 2.04356
0.696777 2.03346
0.696289 2.02623
0.695801 2.01629
0.695312 2.00887
0.694824 1.99952
0.694336 1.99327
0.693848 1.9828
0.693359 1.97323
0.692871 1.96412
0.692383 1.95576
0.691895 1.94461
0.691406 1.93817
0.690918 1.92879
0.69043 1.92207
0.689941 1.90915
0.689453 1.90362
0.688965 1.89466
0.688477 1.88606
0.687988 1.87451
0.6875 1.8668
0.687012 1.85802
0.686523 1.84686
0.686035 1.83937
0.685547 1.83154
0.685059 1.82301
0.68457 1.81393
0.684082 1.80332
0.683594 1.79854
0.683105 1.78806
0.682617 1.77858
0.682129 1.76899
0.681641 1.76153
0.681152 1.75304
0.680664 1.74342
0.680176 1.73469
0.679688 1.72775
0.679199 1.71669
0.678711 1.70966
0.678223 1.69978
0.677734 1.69127
0.677246 1.68376
0.676758 1.67247
0.67627 1.66765
0.675781 1.65923
0.675293 1.65023
0.674805 1.64148
0.674316 1.63239
0.673828 1.62416
0.67334 1.61612
0.672852 1.60706
0.672363 1.59907
0.671875 1.59201
0.671387 1.58339
0.670898 1.57321
0.67041 1.56607
0.669922 1.55917
0.669434 1.55086
0.668945 1.54154
0.668457 1.53232
0.667969 1.5264
0.66748 1.51817
0.666992 1.51141
0.666504 1.50261
0.666016 1.49406
0.665527 1.48587
0.665039 1.47914
0.664551 1.47022
0.664062 1.46359
0.663574 1.45644
0.663086 1.44809
0.662598 1.44159
0.662109 1.43296
0.661621 1.42669
0.661133 1.41734
0.660645 1.41216
0.660156 1.40308
0.659668 1.39514
0.65918 1.39093
0.658691 1.3819
0.658203 1.37493
0.657715 1.3671
0.657227 1.36257
0.656738 1.35286
0.65625 1.34703
0.655762 1.3391
0.655273 1.33364
0.654785 1.32647
0.654297 1.31875
0.653809 1.31055
0.65332 1.3044
0.652832 1.29801
0.652344 1.29146
0.651855 1.28635
0.651367 1.2757
0.650879 1.27244
0.650391 1.26497
0.649902 1.25893
0.649414 1.25286
0.648926 1.24464
0.648438 1.24018
0.647949 1.23391
0.647461 1.22765
0.646973 1.22102
0.646484 1.21506
0.645996 1.20933
0.645508 1.20245
0.64502 1.19665
0.644531 1.19135
0.644043 1.18421
0.643555 1.17839
0.643066 1.17236
0.642578 1.16578
0.64209 1.16099
0.641602 1.15447
0.641113 1.14724
0.640625 1.14223
0.640137 1.13703
0.639648 1.13119
0.63916 1.1257
0.638672 1.1201
0.638184 1.11508
0.637695 1.10883
0.637207 1.10369
0.636719 1.09695
0.63623 1.09293
0.635742 1.08622
0.635254 1.08333
0.634766 1.07652
0.634277 1.07239
0.633789 1.06613
0.633301 1.06262
0.632812 1.05581
0.632324 1.0506
0.631836 1.04531
0.631348 1.04066
0.630859 1.03632
0.630371 1.03122
0.629883 1.0248
0.629395 1.02048
0.628906 1.01593
0.628418 1.01211
0.62793 1.00543
0.627441 1.00072
0.626953 0.996258
0.626465 0.992027
0.625977 0.987044
0.625488 0.982312
0.625 0.977421
0.624512 0.973986
0.624023 0.968064
0.623535 0.963094
0.623047 0.960211
0.622559 0.954271
0.62207 0.950674
0.621582 0.946006
0.621094 0.94077
0.620605 0.937398
0.620117 0.932533
0.619629 0.927877
0.619141 0.92551
0.618652 0.920274
0.618164 0.916645
0.617676 0.912045
0.617188 0.908758
0.616699 0.904872
0.616211 0.899366
0.615723 0.896812
0.615234 0.894015
0.614746 0.889226
0.614258 0.883265
0.61377 0.879397
0.613281 0.876534
0.612793 0.872108
0.612305 0.868337
0.611816 0.864209
0.611328 0.861789
0.61084 0.857973
0.610352 0.851686
0.609863 0.849719
0.609375 0.845555
0.608887 0.840952
0.608398 0.838345
0.60791 0.834326
0.607422 0.831662
0.606934 0.828121
0.606445 0.824957
0.605957 0.821433
0.605469 0.816672
0.60498 0.81442
0.604492 0.809459
0.604004 0.807413
0.603516 0.802001
0.603027 0.799764
0.602539 0.796508
0.602051 0.794252
0.601562 0.790029
0.601074 0.787387
0.600586 0.783968
0.600098 0.77988
0.599609 0.778249
0.599121 0.77315
0.598633 0.771904
0.598145 0.768218
0.597656 0.764442
0.597168 0.76125
0.59668 0.758383
0.596191 0.755917
0.595703 0.752454
0.595215 0.74862
0.594727 0.745908
0.594238 0.74261
0.59375 0.74125
0.593262 0.737799
0.592773 0.735853
0.592285 0.732841
0.591797 0.729295
0.591309 0.726182
0.59082 0.722279
0.590332 0.720849
0.589844 0.717724
0.589355 0.715168
0.588867 0.713243
0.588379 0.709235
0.587891 0.706621
0.587402 0.704961
0.586914 0.701966
0.586426 0.698979
0.585938 0.695469
0.585449 0.693589
0.584961 0.691257
0.584473 0.687859
0.583984 0.686537
0.583496 0.682469
0.583008 0.681057
0.58252 0.679788
0.582031 0.676911
0.581543 0.67297
0.581055 0.671108
0.580566 0.668747
0.580078 0.666849
0.57959 0.664162
0.579102 0.661297
0.578613 0.658266
0.578125 0.657092
0.577637 0.655439
0.577148 0.652115
0.57666 0.649787
0.576172 0.646865
0.575684 0.645515
0.575195 0.643337
0.574707 0.640596
0.574219 0.638749
0.57373 0.634988
0.573242 0.634491
0.572754 0.63127
0.572266 0.629558
0.571777 0.628948
0.571289 0.626098
0.570801 0.623165
0.570312 0.621264
0.569824 0.618959
0.569336 0.616596
0.568848 0.614285
0.568359 0.613047
0.567871 0.610599
0.567383 0.608723
0.566895 0.606842
0.566406 0.604989
0.565918 0.602116
0.56543 0.600702
0.564941 0.59738
0.564453 0.597413
0.563965 0.595474
0.563477 0.592616
0.562988 0.590712
0.5625 0.589354
0.562012 0.587456
0.561523 0.584703
0.561035 0.584349
0.560547 0.581351
0.560059 0.579002
0.55957 0.578024
0.559082 0.575325
0.558594 0.574656
0.558105 0.572463
0.557617 0.570744
0.557129 0.568719
0.556641 0.56789
0.556152 0.565303
0.555664 0.562721
0.555176 0.562112
0.554688 0.560768
0.554199 0.558845
0.553711 0.556001
0.553223 0.554658
0.552734 0.553367
0.552246 0.552615
0.551758 0.550991
0.55127 0.548634
0.550781 0.546516
0.550293 0.545325
0.549805 0.54426
0.549316 0.541647
0.548828 0.539612
0.54834 0.538049
0.547852 0.53754
0.547363 0.535969
0.546875 0.534224
0.546387 0.532456
0.545898 0.530975
0.54541 0.529706
0.544922 0.528696
0.544434 0.526887
0.543945 0.525066
0.543457 0.523515
0.542969 0.521919
0.54248 0.520993
0.541992 0.519071
0.541504 0.518334
0.541016 0.516845
0.540527 0.515407
0.540039 0.513873
0.539551 0.510808
0.539062 0.510551
0.538574 0.510086
0.538086 0.508172
0.537598 0.506669
0.537109 0.504771
0.536621 0.503884
0.536133 0.503432
0.535645 0.501829
0.535156 0.49992
0.534668 0.498338
0.53418 0.496394
0.533691 0.49583
0.533203 0.494617
0.532715 0.493643
0.532227 0.492511
0.531738 0.491061
0.53125 0.489142
0.530762 0.487919
0.530273 0.487589
0.529785 0.485186
0.529297 0.484985
0.528809 0.483801
0.52832 0.481574
0.527832 0.481122
0.527344 0.479257
0.526855 0.47792
0.526367 0.476525
0.525879 0.475911
0.525391 0.475915
0.524902 0.473185
0.524414 0.472553
0.523926 0.471926
0.523438 0.46987
0.522949 0.468881
0.522461 0.467556
0.521973 0.466196
0.521484 0.465691
0.520996 0.464472
0.520508 0.464252
0.52002 0.461671
0.519531 0.461369
0.519043 0.459606
0.518555 0.458085
0.518066 0.45765
0.517578 0.456175
0.51709 0.455754
0.516602 0.454563
0.516113 0.453874
0.515625 0.45157
0.515137 0.452052
0.514648 0.450305
0.51416 0.449969
0.513672 0.44841
0.513184 0.447038
0.512695 0.445694
0.512207 0.445421
0.511719 0.444133
0.51123 0.44241
0.510742 0.441387
0.510254 0.441545
0.509766 0.439686
0.509277 0.439833
0.508789 0.437866
0.508301 0.437348
0.507812 0.436033
0.507324 0.435709
0.506836 0.434371
0.506348 0.433205
0.505859 0.432955
0.505371 0.431515
0.504883 0.429887
0.504395 0.429564
0.503906 0.428365
0.503418 0.426619
0.50293 0.426365
0.502441 0.425382
0.501953 0.425587
0.501465 0.423868
0.500977 0.423339
0.500488 0.420943
0.5 0.42062
0.499512 0.419909
0.499023 0.418879
0.498535 0.418444
0.498047 0.4175
0.497559 0.416474
0.49707 0.41638
0.496582 0.415342
0.496094 0.414709
0.495605 0.413607
0.495117 0.411983
0.494629 0.412444
0.494141 0.411002
0.493652 0.409394
0.493164 0.40908
0.492676 0.408549
0.492188 0.408053
0.491699 0.406827
0.491211 0.405663
0.490723 0.405868
0.490234 0.40421
0.489746 0.403435
0.489258 0.402225
0.48877 0.401948
0.488281 0.400439
0.487793 0.400166
0.487305 0.398957
0.486816 0.399007
0.486328 0.397927
0.48584 0.397115
0.485352 0.396558
0.484863 0.395418
0.484375 0.395036
0.483887 0.393945
0.483398 0.393421
0.48291 0.392895
0.482422 0.391601
0.481934 0.391217
0.481445 0.390277
0.480957 0.389192
0.480469 0.389213
0.47998 0.388226
0.479492 0.387398
0.479004 0.386003
0.478516 0.38596
0.478027 0.385277
0.477539 0.384299
0.477051 0.383661
0.476562 0.383455
0.476074 0.382474
0.475586 0.382275
0.475098 0.382075
0.474609 0.380505
0.474121 0.379037
0.473633 0.379965
0.473145 0.378501
0.472656 0.377252
0.472168 0.37737
0.47168 0.37645
0.471191 0.375154
0.470703 0.375187
0.470215 0.373775
0.469727 0.373353
0.469238 0.372223
0.46875 0.37187
0.468262 0.371207
0.467773 0.370651
0.467285 0.37015
0.466797 0.369711
0.466309 0.368857
0.46582 0.369013
0.465332 0.367759
0.464844 0.366923
0.464355 0.366637
0.463867 0.366488
0.463379 0.365041
0.462891 0.364777
0.462402 0.363796
0.461914 0.362528
0.461426 0.362719
0.460938 0.362485
0.460449 0.361569
0.459961 0.360674
0.459473 0.360089
0.458984 0.3597
0.458496 0.359003
0.458008 0.358348
0.45752 0.357502
0.457031 0.35771
0.456543 0.356804
0.456055 0.356316
0.455566 0.355359
0.455078 0.354782
0.45459 0.354942
0.454102 0.353294
0.453613 0.352944
0.453125 0.352455
0.452637 0.352712
0.452148 0.351842
0.45166 0.350512
0.451172 0.350917
0.450684 0.349729
0.450195 0.348271
0.449707 0.348181
0.449219 0.347482
0.44873 0.347244
0.448242 0.346598
0.447754 0.345721
0.447266 0.346063
0.446777 0.345575
0.446289 0.34491
0.445801 0.343626
0.445312 0.343906
0.444824 0.343682
0.444336 0.343005
0.443848 0.341801
0.443359 0.341017
0.442871 0.341155
0.442383 0.339529
0.441895 0.339249
0.441406 0.339711
0.440918 0.33872
0.44043 0.338347
0.439941 0.338199
0.439453 0.337721
0.438965 0.337244
0.438477 0.336883
0.437988 0.335542
0.4375 0.335503
0.437012 0.334795
0.436523 0.335162
0.436035 0.333719
0.435547 0.333797
0.435059 0.332554
0.43457 0.332151
0.434082 0.332256
0.433594 0.331007
0.433105 0.331376
0.432617 0.330081
0.432129 0.329458
0.431641 0.329973
0.431152 0.328973
0.430664 0.328519
0.430176 0.328526
0.429688 0.327477
0.429199 0.326941
0.428711 0.326525
0.428223 0.326524
0.427734 0.326324
0.427246 0.325642
0.426758 0.324691
0.42627 0.32486
0.425781 0.324706
0.425293 0.323175
0.424805 0.322313
0.424316 0.321884
0.423828 0.32222
0.42334 0.321684
0.422852 0.320696
0.422363 0.321017
0.421875 0.320228
0.421387 0.319146
0.420898 0.31879
0.42041 0.318852
0.419922 0.318691
0.419434 0.317839
0.418945 0.317666
0.418457 0.317163
0.417969 0.317164
0.41748 0.316872
0.416992 0.316289
0.416504 0.316301
0.416016 0.315995
0.415527 0.314862
0.415039 0.314604
0.414551 0.312806
0.414062 0.313274
0.413574 0.313098
0.413086 0.312027
0.412598 0.311164
0.412109 0.311787
0.411621 0.311763
0.411133 0.310712
0.410645 0.311063
0.410156 0.310122
0.409668 0.308992
0.40918 0.309638
0.408691 0.309027
0.408203 0.308028
0.407715 0.308543
0.407227 0.307883
0.406738 0.307864
0.40625 0.307029
0.405762 0.307225
0.405273 0.306857
0.404785 0.306601
0.404297 0.305987
0.403809 0.304609
0.40332 0.304486
0.402832 0.30488
0.402344 0.303594
0.401855 0.303429
0.401367 0.303392
0.400879 0.302597
0.400391 0.303234
0.399902 0.301991
0.399414 0.301567
0.398926 0.301772
0.398438 0.301467
0.397949 0.30043
0.397461 0.300552
0.396973 0.299694
0.396484 0.299681
0.395996 0.299067
0.395508 0.298717
0.39502 0.298163
0.394531 0.298466
0.394043 0.297386
0.393555 0.297499
0.393066 0.296667
0.392578 0.297434
0.39209 0.296243
0.391602 0.295705
0.391113 0.294978
0.390625 0.295063
0.390137 0.29519
0.389648 0.294024
0.38916 0.29503
0.388672 0.293473
0.388184 0.293558
0.387695 0.293499
0.387207 0.292457
0.386719 0.292545
0.38623 0.292435
0.385742 0.292013
0.385254 0.291454
0.384766 0.290941
0.384277 0.290149
0.383789 0.290758
0.383301 0.290759
0.382812 0.289764
0.382324 0.289783
0.381836 0.289514
0.381348 0.289407
0.380859 0.287937
0.380371 0.288303
0.379883 0.2889
0.379395 0.28727
0.378906 0.286596
0.378418 0.286757
0.37793 0.286098
0.377441 0.28561
0.376953 0.286175
0.376465 0.285203
0.375977 0.285811
0.375488 0.284438
0.375 0.284806
0.374512 0.284329
0.374023 0.283683
0.373535 0.282777
0.373047 0.283712
0.372559 0.282194
0.37207 0.282648
0.371582 0.282428
0.371094 0.282352
0.370605 0.281116
0.370117 0.281361
0.369629 0.281589
0.369141 0.281019
0.368652 0.280284
0.368164 0.280367
0.367676 0.27972
0.367188 0.279531
0.366699 0.278907
0.366211 0.278952
0.365723 0.279164
0.365234 0.278385
0.364746 0.277916
0.364258 0.277776
0.36377 0.277322
0.363281 0.276783
0.362793 0.276987
0.362305 0.276581
0.361816 0.276658
0.361328 0.276201
0.36084 0.276188
0.360352 0.275534
0.359863 0.275611
0.359375 0.274937
0.358887 0.274386
0.358398 0.274183
0.35791 0.274311
0.357422 0.273392
0.356934 0.273023
0.356445 0.273764
0.355957 0.273181
0.355469 0.272757
0.35498 0.272055
0.354492 0.271353
0.354004 0.271947
0.353516 0.27074
0.353027 0.271332
0.352539 0.27096
0.352051 0.270049
0.351562 0.270697
0.351074 0.270855
0.350586 0.27065
0.350098 0.26955
0.349609 0.269496
0.349121 0.268657
0.348633 0.268029
0.348145 0.267938
0.347656 0.267536
0.347168 0.267491
0.34668 0.267825
0.346191 0.267688
0.345703 0.266951
0.345215 0.267007
0.344727 0.266964
0.344238 0.266755
0.34375 0.265917
0.343262 0.265437
0.342773 0.266108
0.342285 0.265591
0.341797 0.264925
0.341309 0.265012
0.34082 0.264608
0.340332 0.264585
0.339844 0.26391
0.339355 0.263589
0.338867 0.2634
0.338379 0.262925
0.337891 0.263122
0.337402 0.262516
0.336914 0.262292
0.336426 0.262571
0.335938 0.262172
0.335449 0.262017
0.334961 0.261354
0.334473 0.26066
0.333984 0.260809
0.333496 0.260749
0.333008 0.261057
0.33252 0.260318
0.332031 0.260428
0.331543 0.259689
0.331055 0.25981
0.330566 0.258909
0.330078 0.259769
0.32959 0.259044
0.329102 0.257887
0.328613 0.257572
0.328125 0.257708
0.327637 0.257866
0.327148 0.257452
0.32666 0.257858
0.326172 0.257098
0.325684 0.256743
0.325195 0.256327
0.324707 0.256231
0.324219 0.256284
0.32373 0.256242
0.323242 0.256011
0.322754 0.255819
0.322266 0.255232
0.321777 0.254862
0.321289 0.254882
0.320801 0.254461
0.320312 0.254521
0.319824 0.253742
0.319336 0.254091
0.318848 0.253557
0.318359 0.253287
0.317871 0.253456
0.317383 0.253638
0.316895 0.253149
0.316406 0.252623
0.315918 0.252432
0.31543 0.252519
0.314941 0.251872
0.314453 0.251965
0.313965 0.251468
0.313477 0.251445
0.312988 0.251616
0.3125 0.2501
0.312012 0.250626
0.311523 0.25045
0.311035 0.250401
0.310547 0.24964
0.310059 0.249769
0.30957 0.248785
0.309082 0.249412
0.308594 0.248667
0.308105 0.24984
0.307617 0.249235
0.307129 0.247959
0.306641 0.247952
0.306152 0.247935
0.305664 0.247874
0.305176 0.246981
0.304688 0.247585
0.304199 0.247056
0.303711 0.247221
0.303223 0.246413
0.302734 0.24716
0.302246 0.246508
0.301758 0.246488
0.30127 0.246286
0.300781 0.245471
0.300293 0.245423
0.299805 0.245362
0.299316 0.24541
0.298828 0.245035
0.29834 0.245181
0.297852 0.244968
0.297363 0.24478
0.296875 0.244548
0.296387 0.244351
0.295898 0.243602
0.29541 0.243253
0.294922 0.243047
0.294434 0.243615
0.293945 0.242866
0.293457 0.243316
0.292969 0.242947
0.29248 0.242232
0.291992 0.243005
0.291504 0.24271
0.291016 0.241446
0.290527 0.242426
0.290039 0.241632
0.289551 0.241463
0.289062 0.240945
0.288574 0.241306
0.288086 0.240617
0.287598 0.24
0.287109 0.240559
0.286621 0.240137
0.286133 0.240427
0.285645 0.240755
0.285156 0.239612
0.284668 0.240192
0.28418 0.239875
0.283691 0.238872
0.283203 0.239174
0.282715 0.23901
0.282227 0.238375
0.281738 0.238356
0.28125 0.238317
0.280762 0.237277
0.280273 0.238787
0.279785 0.238486
0.279297 0.237001
0.278809 0.237571
0.27832 0.237087
0.277832 0.237033
0.277344 0.236709
0.276855 0.236586
0.276367 0.236529
0.275879 0.236247
0.275391 0.23663
0.274902 0.236214
0.274414 0.23609
0.273926 0.235752
0.273438 0.235413
0.272949 0.234905
0.272461 0.234694
0.271973 0.235343
0.271484 0.234608
0.270996 0.23499
0.270508 0.234441
0.27002 0.233995
0.269531 0.235085
0.269043 0.23404
0.268555 0.233844
0.268066 0.23362
0.267578 0.233644
0.26709 0.233815
0.266602 0.232615
0.266113 0.233497
0.265625 0.232175
0.265137 0.232836
0.264648 0.232592
0.26416 0.232318
0.263672 0.232748
0.263184 0.231793
0.262695 0.231873
0.262207 0.231306
0.261719 0.231739
0.26123 0.231493
0.260742 0.231817
0.260254 0.231138
0.259766 0.231108
0.259277 0.230441
0.258789 0.230535
0.258301 0.230454
0.257812 0.229965
0.257324 0.229666
0.256836 0.230561
0.256348 0.230075
0.255859 0.230265
0.255371 0.229875
0.254883 0.229659
0.254395 0.229521
0.253906 0.229755
0.253418 0.229053
0.25293 0.228308
0.252441 0.228318
0.251953 0.228228
0.251465 0.228202
0.250977 0.228461
0.250488 0.227895
0.25 0.227833
0.249512 0.227878
0.249023 0.228347
0.248535 0.227545
0.248047 0.227731
0.247559 0.227283
0.24707 0.227734
0.246582 0.227346
0.246094 0.226848
0.245605 0.226973
0.245117 0.227093
0.244629 0.22637
0.244141 0.226723
0.243652 0.226614
0.243164 0.226185
0.242676 0.225693
0.242188 0.225824
0.241699 0.225259
0.241211 0.226237
0.240723 0.224953
0.240234 0.22488
0.239746 0.225588
0.239258 0.225315
0.23877 0.224577
0.238281 0.224242
0.237793 0.224144
0.237305 0.224679
0.236816 0.224394
0.236328 0.223917
0.23584 0.224269
0.235352 0.224421
0.234863 0.22375
0.234375 0.223635
0.233887 0.223299
0.233398 0.223167
0.23291 0.222427
0.232422 0.223045
0.231934 0.222582
0.231445 0.223398
0.230957 0.223236
0.230469 0.222015
0.22998 0.22243
0.229492 0.222563
0.229004 0.222756
0.228516 0.222097
0.228027 0.222119
0.227539 0.221538
0.227051 0.222182
0.226562 0.221103
0.226074 0.221712
0.225586 0.221297
0.225098 0.221009
0.224609 0.220896
0.224121 0.221343
0.223633 0.220471
0.223145 0.220124
0.222656 0.219993
0.222168 0.220551
0.22168 0.220847
0.221191 0.220176
0.220703 0.219926
0.220215 0.220056
0.219727 0.220124
0.219238 0.219906
0.21875 0.219761
0.218262 0.219373
0.217773 0.219592
0.217285 0.21928
0.216797 0.219324
0.216309 0.218486
0.21582 0.218936
0.215332 0.219388
0.214844 0.21869
0.214355 0.218475
0.213867 0.218222
0.213379 0.217913
0.212891 0.217777
0.212402 0.2179
0.211914 0.217938
0.211426 0.216667
0.210938 0.217935
0.210449 0.217722
0.209961 0.217551
0.209473 0.216818
0.208984 0.217401
0.208496 0.217185
0.208008 0.216484
0.20752 0.217422
0.207031 0.21623
0.206543 0.216019
0.206055 0.216789
0.205566 0.215726
0.205078 0.215783
0.20459 0.216218
0.204102 0.215576
0.203613 0.215462
0.203125 0.215773
0.202637 0.215139
0.202148 0.215154
0.20166 0.215501
0.201172 0.214893
0.200684 0.214811
0.200195 0.215026
0.199707 0.214352
0.199219 0.214492
0.19873 0.215218
0.198242 0.214617
0.197754 0.213785
0.197266 0.214042
0.196777 0.214405
0.196289 0.213673
0.195801 0.21419
0.195312 0.213502
0.194824 0.213392
0.194336 0.213134
0.193848 0.213483
0.193359 0.212681
0.192871 0.213233
0.192383 0.213043
0.191895 0.212831
0.191406 0.212997
0.190918 0.212737
0.19043 0.21273
0.189941 0.212037
0.189453 0.212419
0.188965 0.211737
0.188477 0.211844
0.187988 0.211931
0.1875 0.211753
0.187012 0.211584
0.186523 0.211904
0.186035 0.211466
0.185547 0.21146
0.185059 0.211553
0.18457 0.211046
0.184082 0.210612
0.183594 0.210789
0.183105 0.210823
0.182617 0.210482
0.182129 0.210168
0.181641 0.210817
0.181152 0.210906
0.180664 0.210618
0.180176 0.210325
0.179688 0.210853
0.179199 0.209645
0.178711 0.209273
0.178223 0.210152
0.177734 0.209767
0.177246 0.21003
0.176758 0.208918
0.17627 0.210145
0.175781 0.209005
0.175293 0.209067
0.174805 0.208629
0.174316 0.208683
0.173828 0.208351
0.17334 0.208367
0.172852 0.209206
0.172363 0.208722
0.171875 0.208655
0.171387 0.208367
0.170898 0.20795
0.17041 0.20741
0.169922 0.207791
0.169434 0.208343
0.168945 0.208121
0.168457 0.20789
0.167969 0.207753
0.16748 0.20772
0.166992 0.207632
0.166504 0.207453
0.166016 0.207325
0.165527 0.207769
0.165039 0.206431
0.164551 0.206723
0.164062 0.206827
0.163574 0.206487
0.163086 0.206357
0.162598 0.206894
0.162109 0.206769
0.161621 0.206254
0.161133 0.206006
0.160645 0.206762
0.160156 0.206363
0.159668 0.206249
0.15918 0.205577
0.158691 0.206548
0.158203 0.2059
0.157715 0.205984
0.157227 0.205966
0.156738 0.205479
0.15625 0.206456
0.155762 0.20563
0.155273 0.205249
0.154785 0.204847
0.154297 0.205612
0.153809 0.204818
0.15332 0.205298
0.152832 0.204771
0.152344 0.204257
0.151855 0.20484
0.151367 0.20447
0.150879 0.204782
0.150391 0.204552
0.149902 0.203955
0.149414 0.2049
0.148926 0.204529
0.148438 0.204315
0.147949 0.204231
0.147461 0.203966
0.146973 0.204018
0.146484 0.203588
0.145996 0.204603
0.145508 0.203887
0.14502 0.203539
0.144531 0.203351
0.144043 0.203781
0.143555 0.202981
0.143066 0.20355
0.142578 0.203505
0.14209 0.202844
0.141602 0.202535
0.141113 0.203391
0.140625 0.202779
0.140137 0.202679
0.139648 0.202851
0.13916 0.203079
0.138672 0.202521
0.138184 0.202465
0.137695 0.202078
0.137207 0.202588
0.136719 0.203062
0.13623 0.202645
0.135742 0.201841
0.135254 0.202238
0.134766 0.202028
0.134277 0.201944
0.133789 0.202624
0.133301 0.202269
0.132812 0.201846
0.132324 0.20205
0.131836 0.201363
0.131348 0.202182
0.130859 0.202051
0.130371 0.20137
0.129883 0.20165
0.129395 0.201522
0.128906 0.200824
0.128418 0.201133
0.12793 0.201503
0.127441 0.201202
0.126953 0.201281
0.126465 0.201207
0.125977 0.201003
0.125488 0.201134
0.125 0.20046
0.124512 0.200471
0.124023 0.200999
0.123535 0.200578
0.123047 0.200587
0.122559 0.20047
0.12207 0.200028
0.121582 0.200326
0.121094 0.200629
0.120605 0.200138
0.120117 0.199717
0.119629 0.199447
0.119141 0.199515
0.118652 0.19986
0.118164 0.199411
0.117676 0.199698
0.117188 0.199502
0.116699 0.199775
0.116211 0.199485
0.115723 0.19982
0.115234 0.199785
0.114746 0.200047
0.114258 0.199264
0.11377 0.198837
0.113281 0.198792
0.112793 0.199491
0.112305 0.198949
0.111816 0.198516
0.111328 0.199094
0.11084 0.198628
0.110352 0.198637
0.109863 0.198716
0.109375 0.19865
0.108887 0.198802
0.108398 0.198599
0.10791 0.199011
0.107422 0.198636
0.106934 0.198612
0.106445 0.198901
0.105957 0.197995
0.105469 0.198082
0.10498 0.198438
0.104492 0.197824
0.104004 0.198649
0.103516 0.198201
0.103027 0.19748
0.102539 0.197872
0.102051 0.197742
0.101562 0.197673
0.101074 0.197104
0.100586 0.197986
0.100098 0.197742
0.0996094 0.197598
0.0991211 0.197584
0.0986328 0.19815
0.0981445 0.197534
0.0976562 0.19786
0.097168 0.197203
0.0966797 0.197666
0.0961914 0.197682
0.0957031 0.197328
0.0952148 0.19767
0.0947266 0.197331
0.0942383 0.197273
0.09375 0.197321
0.0932617 0.197107
0.0927734 0.197082
0.0922852 0.196748
0.0917969 0.197035
0.0913086 0.196947
0.0908203 0.196792
0.090332 0.196309
0.0898438 0.196472
0.0893555 0.196665
0.0888672 0.196933
0.0883789 0.196898
0.0878906 0.19738
0.0874023 0.196265
0.0869141 0.196522
0.0864258 0.196826
0.0859375 0.196647
0.0854492 0.196277
0.0849609 0.196276
0.0844727 0.196599
0.0839844 0.195922
0.0834961 0.196133
0.0830078 0.196182
0.0825195 0.196036
0.0820312 0.196647
0.081543 0.196522
0.0810547 0.196401
0.0805664 0.196533
0.0800781 0.195679
0.0795898 0.195641
0.0791016 0.195993
0.0786133 0.195422
0.078125 0.195765
0.0776367 0.196125
0.0771484 0.196036
0.0766602 0.196086
0.0761719 0.195333
0.0756836 0.195878
0.0751953 0.195998
0.074707 0.195727
0.0742188 0.195329
0.0737305 0.195359
0.0732422 0.195644
0.0727539 0.195481
0.0722656 0.195389
0.0717773 0.196331
0.0712891 0.195548
0.0708008 0.195743
0.0703125 0.195796
0.0698242 0.194998
0.0693359 0.195412
0.0688477 0.195705
0.0683594 0.195152
0.0678711 0.195042
0.0673828 0.195919
0.0668945 0.195544
0.0664062 0.195326
0.065918 0.194659
0.0654297 0.19522
0.0649414 0.195423
0.0644531 0.195444
0.0639648 0.194972
0.0634766 0.195127
0.0629883 0.195136
0.0625 0.194746
0.0620117 0.194643
0.0615234 0.195061
0.0610352 0.194789
0.0605469 0.195147
0.0600586 0.194515
0.0595703 0.194008
0.059082 0.194877
0.0585938 0.19504
0.0581055 0.194516
0.0576172 0.194907
0.0571289 0.194567
0.0566406 0.194652
0.0561523 0.194846
0.0556641 0.195001
0.0551758 0.194216
0.0546875 0.194758
0.0541992 0.194602
0.0537109 0.195611
0.0532227 0.193985
0.0527344 0.194724
0.0522461 0.194495
0.0517578 0.194832
0.0512695 0.194513
0.0507812 0.194464
0.050293 0.194351
0.0498047 0.194972
0.0493164 0.194139
0.0488281 0.194752
0.0483398 0.193706
0.0478516 0.19406
0.0473633 0.194702
0.046875 0.194301
0.0463867 0.194056
0.0458984 0.193474
0.0454102 0.193955
0.0449219 0.194112
0.0444336 0.194319
0.0439453 0.194917
0.043457 0.194216
0.0429688 0.194096
0.0424805 0.193777
0.0419922 0.194481
0.0415039 0.194716
0.0410156 0.193687
0.0405273 0.193898
0.0400391 0.193696
0.0395508 0.194033
0.0390625 0.194699
0.0385742 0.19398
0.0380859 0.193802
0.0375977 0.193928
0.0371094 0.194466
0.0366211 0.194093
0.0361328 0.194099
0.0356445 0.194219
0.0351562 0.19362
0.034668 0.193995
0.0341797 0.194807
0.0336914 0.193411
0.0332031 0.193846
0.0327148 0.194149
0.0322266 0.193918
0.0317383 0.194129
0.03125 0.194176
0.0307617 0.19428
0.0302734 0.193902
0.0297852 0.19456
0.0292969 0.194534
0.0288086 0.194705
0.0283203 0.194409
0.027832 0.19436
0.0273438 0.194243
0.0268555 0.194427
0.0263672 0.194296
0.0258789 0.194218
0.0253906 0.194569
0.0249023 0.194362
0.0244141 0.194087
0.0239258 0.194095
0.0234375 0.193823
0.0229492 0.193834
0.0224609 0.194021
0.0219727 0.19386
0.0214844 0.194207
0.0209961 0.193967
0.0205078 0.193834
0.0200195 0.194155
0.0195312 0.194102
0.019043 0.19446
0.0185547 0.193837
0.0180664 0.194697
0.0175781 0.194432
0.0170898 0.194497
0.0166016 0.194131
0.0161133 0.193999
0.015625 0.19411
0.0151367 0.194409
0.0146484 0.194474
0.0141602 0.194272
0.0136719 0.194099
0.0131836 0.194312
0.0126953 0.194094
0.012207 0.194323
0.0117188 0.194395
0.0112305 0.193598
0.0107422 0.194086
0.0102539 0.193709
0.00976562 0.194523
0.00927734 0.194187
0.00878906 0.19452
0.00830078 0.194247
0.0078125 0.19415
0.00732422 0.193991
0.00683594 0.193617
0.00634766 0.194203
0.00585938 0.194607
0.00537109 0.193862
0.00488281 0.193885
0.00439453 0.194431
0.00390625 0.19426
0.00341797 0.194473
0.00292969 0.194322
0.00244141 0.194224
0.00195312 0.194323
0.00146484 0.194602
0.000976562 0.19443
0.000488281 0.194001
0 0.194269
-0.000488281 0.194232
-0.000976562 0.194601
-0.00146484 0.194131
-0.00195312 0.193988
-0.00244141 0.194392
-0.00292969 0.19426
-0.00341797 0.194241
-0.00390625 0.193919
-0.00439453 0.194747
-0.00488281 0.194064
-0.00537109 0.193762
-0.00585938 0.194344
-0.00634766 0.194647
-0.00683594 0.194729
-0.00732422 0.193225
-0.0078125 0.194463
-0.00830078 0.194451
-0.00878906 0.19426
-0.00927734 0.194707
-0.00976562 0.194466
-0.0102539 0.194273
-0.0107422 0.194546
-0.0112305 0.19462
-0.0117188 0.194124
-0.012207 0.194035
-0.0126953 0.194406
-0.0131836 0.194567
-0.0136719 0.194432
-0.0141602 0.194457
-0.0146484 0.194271
-0.0151367 0.194695
-0.015625 0.19435
-0.0161133 0.194396
-0.0166016 0.194501
-0.0170898 0.19439
-0.0175781 0.194263
-0.0180664 0.194166
-0.0185547 0.193871
-0.019043 0.19416
-0.0195312 0.194209
-0.0200195 0.194257
-0.0205078 0.19418
-0.0209961 0.194137
-0.0214844 0.194635
-0.0219727 0.194249
-0.0224609 0.194176
-0.0229492 0.194151
-0.0234375 0.195013
-0.0239258 0.194501
-0.0244141 0.193736
-0.0249023 0.194192
-0.0253906 0.194477
-0.0258789 0.194481
-0.0263672 0.19374
-0.0268555 0.194535
-0.0273438 0.194201
-0.027832 0.194264
-0.0283203 0.195128
-0.0288086 0.193896
-0.0292969 0.194582
-0.0297852 0.194027
-0.0302734 0.19438
-0.0307617 0.194632
-0.03125 0.194178
-0.0317383 0.19409
-0.0322266 0.194593
-0.0327148 0.194327
-0.0332031 0.194171
-0.0336914 0.193913
-0.0341797 0.19445
-0.034668 0.194528
-0.0351562 0.194729
-0.0356445 0.194766
-0.0361328 0.194546
-0.0366211 0.194428
-0.0371094 0.194846
-0.0375977 0.194388
-0.0380859 0.194589
-0.0385742 0.194407
-0.0390625 0.194274
-0.0395508 0.193804
-0.0400391 0.194642
-0.0405273 0.194446
-0.0410156 0.193978
-0.0415039 0.194455
-0.0419922 0.195013
-0.0424805 0.194468
-0.0429688 0.194559
-0.043457 0.194642
-0.0439453 0.194249
-0.0444336 0.194568
-0.0449219 0.19443
-0.0454102 0.194076
-0.0458984 0.194805
-0.0463867 0.194985
-0.046875 0.194904
-0.0473633 0.194611
-0.0478516 0.194536
-0.0483398 0.194947
-0.0488281 0.194935
-0.0493164 0.194643
-0.0498047 0.195281
-0.050293 0.194749
-0.0507812 0.195134
-0.0512695 0.19513
-0.0517578 0.194864
-0.0522461 0.194406
-0.0527344 0.194746
-0.0532227 0.194927
-0.0537109 0.194697
-0.0541992 0.195232
-0.0546875 0.194623
-0.0551758 0.195271
-0.0556641 0.194804
-0.0561523 0.195214
-0.0566406 0.19456
-0.0571289 0.195112
-0.0576172 0.194911
-0.0581055 0.194624
-0.0585938 0.194616
-0.059082 0.195015
-0.0595703 0.195382
-0.0600586 0.194967
-0.0605469 0.195089
-0.0610352 0.194905
-0.0615234 0.195589
-0.0620117 0.195294
-0.0625 0.195406
-0.0629883 0.195171
-0.0634766 0.19505
-0.0639648 0.196
-0.0644531 0.195716
-0.0649414 0.195117
-0.0654297 0.195412
-0.065918 0.195771
-0.0664062 0.195702
-0.0668945 0.194986
-0.0673828 0.195031
-0.0678711 0.195557
-0.0683594 0.195698
-0.0688477 0.195829
-0.0693359 0.195332
-0.0698242 0.196104
-0.0703125 0.195679
-0.0708008 0.195925
-0.0712891 0.195272
-0.0717773 0.196115
-0.0722656 0.195576
-0.0727539 0.19569
-0.0732422 0.195815
-0.0737305 0.195075
-0.0742188 0.195416
-0.074707 0.195776
-0.0751953 0.196095
-0.0756836 0.195509
-0.0761719 0.196165
-0.0766602 0.195874
-0.0771484 0.196251
-0.0776367 0.19629
-0.078125 0.196025
-0.0786133 0.195374
-0.0791016 0.196032
-0.0795898 0.196226
-0.0800781 0.196597
-0.0805664 0.196605
-0.0810547 0.196428
-0.081543 0.196888
-0.0820312 0.196291
-0.0825195 0.196155
-0.0830078 0.197406
-0.0834961 0.196623
-0.0839844 0.196179
-0.0844727 0.195943
-0.0849609 0.196847
-0.0854492 0.196623
-0.0859375 0.196804
-0.0864258 0.197021
-0.0869141 0.197177
-0.0874023 0.197007
-0.0878906 0.196557
-0.0883789 0.196915
-0.0888672 0.196814
-0.0893555 0.197146
-0.0898438 0.196916
-0.090332 0.197131
-0.0908203 0.196943
-0.0913086 0.197368
-0.0917969 0.197234
-0.0922852 0.197914
-0.0927734 0.19738
-0.0932617 0.197606
-0.09375 0.198099
-0.0942383 0.197509
-0.0947266 0.197599
-0.0952148 0.197378
-0.0957031 0.197706
-0.0961914 0.197784
-0.0966797 0.197811
-0.097168 0.198151
-0.0976562 0.196866
-0.0981445 0.198154
-0.0986328 0.198568
-0.0991211 0.198902
-0.0996094 0.197982
-0.100098 0.198201
-0.100586 0.198124
-0.101074 0.197631
-0.101562 0.19827
-0.102051 0.198556
-0.102539 0.198225
-0.103027 0.198542
-0.103516 0.198776
-0.104004 0.198726
-0.104492 0.198653
-0.10498 0.198717
-0.105469 0.198956
-0.105957 0.199257
-0.106445 0.199037
-0.106934 0.198564
-0.107422 0.197924
-0.10791 0.198392
-0.108398 0.198518
-0.108887 0.198795
-0.109375 0.198762
-0.109863 0.199293
-0.110352 0.199416
-0.11084 0.199184
-0.111328 0.199421
-0.111816 0.199622
-0.112305 0.199762
-0.112793 0.200292
-0.113281 0.199424
-0.11377 0.199506
-0.114258 0.199849
-0.114746 0.199282
-0.115234 0.199354
-0.115723 0.198726
-0.116211 0.200472
-0.116699 0.200025
-0.117188 0.200187
-0.117676 0.200385
-0.118164 0.200011
-0.118652 0.200329
-0.119141 0.201084
-0.119629 0.200546
-0.120117 0.200456
-0.120605 0.200585
-0.121094 0.200394
-0.121582 0.200235
-0.12207 0.200532
-0.122559 0.201275
-0.123047 0.201256
-0.123535 0.201045
-0.124023 0.201546
-0.124512 0.201557
-0.125 0.201032
-0.125488 0.201457
-0.125977 0.201082
-0.126465 0.201221
-0.126953 0.201517
-0.127441 0.202223
-0.12793 0.201455
-0.128418 0.201833
-0.128906 0.201899
-0.129395 0.201382
-0.129883 0.201686
-0.130371 0.201042
-0.130859 0.201895
-0.131348 0.201651
-0.131836 0.202048
-0.132324 0.202578
-0.132812 0.202098
-0.133301 0.201912
-0.133789 0.202174
-0.134277 0.202332
-0.134766 0.202205
-0.135254 0.202212
-0.135742 0.202121
-0.13623 0.202637
-0.136719 0.202479
-0.137207 0.202716
-0.137695 0.202435
-0.138184 0.202541
-0.138672 0.202823
-0.13916 0.203396
-0.139648 0.202988
-0.140137 0.203412
-0.140625 0.203395
-0.141113 0.203185
-0.141602 0.203519
-0.14209 0.203755
-0.142578 0.203729
-0.143066 0.204511
-0.143555 0.203856
-0.144043 0.203932
-0.144531 0.204272
-0.14502 0.203873
-0.145508 0.203856
-0.145996 0.204181
-0.146484 0.204472
-0.146973 0.204256
-0.147461 0.204416
-0.147949 0.204717
-0.148438 0.204238
-0.148926 0.205193
-0.149414 0.20456
-0.149902 0.204599
-0.150391 0.205237
-0.150879 0.204765
-0.151367 0.204751
-0.151855 0.205055
-0.152344 0.205208
-0.152832 0.205059
-0.15332 0.205405
-0.153809 0.205598
-0.154297 0.205129
-0.154785 0.205776
-0.155273 0.205322
-0.155762 0.205161
-0.15625 0.205597
-0.156738 0.205403
-0.157227 0.205537
-0.157715 0.206715
-0.158203 0.20558
-0.158691 0.205881
-0.15918 0.206492
-0.159668 0.206124
-0.160156 0.206055
-0.160645 0.207232
-0.161133 0.207059
-0.161621 0.206126
-0.162109 0.20676
-0.162598 0.207157
-0.163086 0.207168
-0.163574 0.20666
-0.164062 0.207442
-0.164551 0.206923
-0.165039 0.207163
-0.165527 0.207819
-0.166016 0.207512
-0.166504 0.207538
-0.166992 0.207764
-0.16748 0.207892
-0.167969 0.207834
-0.168457 0.208022
-0.168945 0.208071
-0.169434 0.208459
-0.169922 0.207833
-0.17041 0.208083
-0.170898 0.208292
-0.171387 0.208344
-0.171875 0.208637
-0.172363 0.208386
-0.172852 0.209045
-0.17334 0.209663
-0.173828 0.208467
-0.174316 0.208659
-0.174805 0.208784
-0.175293 0.208698
-0.175781 0.209939
-0.17627 0.209589
-0.176758 0.209292
-0.177246 0.209448
-0.177734 0.209966
-0.178223 0.210854
-0.178711 0.209703
-0.179199 0.210273
-0.179688 0.210254
-0.180176 0.210709
-0.180664 0.210688
-0.181152 0.210239
-0.181641 0.210419
-0.182129 0.210978
-0.182617 0.2104
-0.183105 0.210896
-0.183594 0.210593
-0.184082 0.211161
-0.18457 0.21133
-0.185059 0.211211
-0.185547 0.211739
-0.186035 0.211817
-0.186523 0.211736
-0.187012 0.211353
-0.1875 0.211929
-0.187988 0.211521
-0.188477 0.211381
-0.188965 0.211423
-0.189453 0.212942
-0.189941 0.212155
-0.19043 0.212415
-0.190918 0.212693
-0.191406 0.212491
-0.191895 0.212179
-0.192383 0.212894
-0.192871 0.212776
-0.193359 0.213006
-0.193848 0.212883
-0.194336 0.213356
-0.194824 0.213482
-0.195312 0.213167
-0.195801 0.213979
-0.196289 0.213753
-0.196777 0.213836
-0.197266 0.214018
-0.197754 0.21412
-0.198242 0.214499
-0.19873 0.214637
-0.199219 0.214409
-0.199707 0.214742
-0.200195 0.214175
-0.200684 0.215261
-0.201172 0.215535
-0.20166 0.214664
-0.202148 0.215156
-0.202637 0.21564
-0.203125 0.21512
-0.203613 0.215486
-0.204102 0.21588
-0.20459 0.215912
-0.205078 0.215927
-0.205566 0.216289
-0.206055 0.215947
-0.206543 0.216402
-0.207031 0.215809
-0.20752 0.216443
-0.208008 0.216371
-0.208496 0.2169
-0.208984 0.21689
-0.209473 0.217529
-0.209961 0.217143
-0.210449 0.217182
-0.210938 0.217485
-0.211426 0.217266
-0.211914 0.217865
-0.212402 0.217156
-0.212891 0.217292
-0.213379 0.218434
-0.213867 0.217558
-0.214355 0.218687
-0.214844 0.21826
-0.215332 0.218916
-0.21582 0.219255
-0.216309 0.218283
-0.216797 0.218824
-0.217285 0.219213
-0.217773 0.219039
-0.218262 0.219704
-0.21875 0.219477
-0.219238 0.219437
-0.219727 0.219908
-0.220215 0.220014
-0.220703 0.220335
-0.221191 0.219946
-0.22168 0.220456
-0.222168 0.219918
-0.222656 0.220361
-0.223145 0.220602
-0.223633 0.220504
-0.224121 0.221422
-0.224609 0.221276
-0.225098 0.221304
-0.225586 0.2207
-0.226074 0.22105
-0.226562 0.221322
-0.227051 0.221679
-0.227539 0.221688
-0.228027 0.221804
-0.228516 0.222311
-0.229004 0.221683
-0.229492 0.221915
-0.22998 0.22306
-0.230469 0.222453
-0.230957 0.222473
-0.231445 0.222875
-0.231934 0.222754
-0.232422 0.222859
-0.23291 0.223028
-0.233398 0.223219
-0.233887 0.223288
-0.234375 0.223861
-0.234863 0.223675
-0.235352 0.224421
-0.23584 0.224603
-0.236328 0.224147
-0.236816 0.224109
-0.237305 0.223811
-0.237793 0.224587
-0.238281 0.224595
-0.23877 0.224003
-0.239258 0.224608
-0.239746 0.225022
-0.240234 0.2248
-0.240723 0.22549
-0.241211 0.22584
-0.241699 0.225888
-0.242188 0.225751
-0.242676 0.225494
-0.243164 0.226001
-0.243652 0.225857
-0.244141 0.226312
-0.244629 0.226197
-0.245117 0.226112
-0.245605 0.226873
-0.246094 0.226908
-0.246582 0.227289
-0.24707 0.227257
-0.247559 0.227154
-0.248047 0.227169
-0.248535 0.227586
-0.249023 0.227574
-0.249512 0.228551
-0.25 0.228842
-0.250488 0.227762
-0.250977 0.227977
-0.251465 0.227719
-0.251953 0.228201
-0.252441 0.228399
-0.25293 0.228449
-0.253418 0.228578
-0.253906 0.229641
-0.254395 0.22932
-0.254883 0.229205
-0.255371 0.229261
-0.255859 0.22978
-0.256348 0.230169
-0.256836 0.23008
-0.257324 0.230162
-0.257812 0.230123
-0.258301 0.230136
-0.258789 0.230648
-0.259277 0.23094
-0.259766 0.231097
-0.260254 0.231035
-0.260742 0.231397
-0.26123 0.231214
-0.261719 0.231499
-0.262207 0.231859
-0.262695 0.231644
-0.263184 0.231225
-0.263672 0.231739
-0.26416 0.232384
-0.264648 0.232878
-0.265137 0.232154
-0.265625 0.232743
-0.266113 0.232228
-0.266602 0.232792
-0.26709 0.232941
-0.267578 0.233436
-0.268066 0.233119
-0.268555 0.233476
-0.269043 0.232832
-0.269531 0.234049
-0.27002 0.234363
-0.270508 0.233811
-0.270996 0.234497
-0.271484 0.235352
-0.271973 0.23487
-0.272461 0.235041
-0.272949 0.234573
-0.273438 0.234875
-0.273926 0.235978
-0.274414 0.236428
-0.274902 0.236513
-0.275391 0.236003
-0.275879 0.235643
-0.276367 0.236554
-0.276855 0.236215
-0.277344 0.236364
-0.277832 0.237158
-0.27832 0.236927
-0.278809 0.237079
-0.279297 0.237421
-0.279785 0.23739
-0.280273 0.237194
-0.280762 0.237393
-0.28125 0.237615
-0.281738 0.238245
-0.282227 0.238425
-0.282715 0.239058
-0.283203 0.239031
-0.283691 0.238367
-0.28418 0.239387
-0.284668 0.239288
-0.285156 0.239608
-0.285645 0.239667
-0.286133 0.240154
-0.286621 0.239912
-0.287109 0.240943
-0.287598 0.240595
-0.288086 0.240434
-0.288574 0.24034
-0.289062 0.241542
-0.289551 0.241476
-0.290039 0.241835
-0.290527 0.241707
-0.291016 0.242148
-0.291504 0.24235
-0.291992 0.241391
-0.29248 0.242279
-0.292969 0.243343
-0.293457 0.242934
-0.293945 0.242554
-0.294434 0.243347
-0.294922 0.243634
-0.29541 0.243949
-0.295898 0.244388
-0.296387 0.24433
-0.296875 0.244526
-0.297363 0.244188
-0.297852 0.244732
-0.29834 0.244704
-0.298828 0.246148
-0.299316 0.245327
-0.299805 0.245909
-0.300293 0.246019
-0.300781 0.245588
-0.30127 0.245704
-0.301758 0.246713
-0.302246 0.246595
-0.302734 0.246397
-0.303223 0.247276
-0.303711 0.24723
-0.304199 0.247216
-0.304688 0.247239
-0.305176 0.247281
-0.305664 0.247828
-0.306152 0.248072
-0.306641 0.248289
-0.307129 0.248621
-0.307617 0.248637
-0.308105 0.249487
-0.308594 0.249506
-0.309082 0.249459
-0.30957 0.249094
-0.310059 0.249404
-0.310547 0.250584
-0.311035 0.249644
-0.311523 0.250797
-0.312012 0.250892
-0.3125 0.250805
-0.312988 0.251325
-0.313477 0.251297
-0.313965 0.251289
-0.314453 0.251778
-0.314941 0.251716
-0.31543 0.25268
-0.315918 0.252307
-0.316406 0.252484
-0.316895 0.252373
-0.317383 0.253562
-0.317871 0.253195
-0.318359 0.253126
-0.318848 0.254425
-0.319336 0.253608
-0.319824 0.25419
-0.320312 0.254457
-0.320801 0.255274
-0.321289 0.254707
-0.321777 0.255279
-0.322266 0.255563
-0.322754 0.255374
-0.323242 0.255305
-0.32373 0.255494
-0.324219 0.256898
-0.324707 0.256277
-0.325195 0.256969
-0.325684 0.257434
-0.326172 0.257318
-0.32666 0.257732
-0.327148 0.257729
-0.327637 0.257847
-0.328125 0.258706
-0.328613 0.258441
-0.329102 0.258524
-0.32959 0.258385
-0.330078 0.258777
-0.330566 0.259026
-0.331055 0.259185
-0.331543 0.259751
-0.332031 0.259141
-0.33252 0.260439
-0.333008 0.261443
-0.333496 0.261526
-0.333984 0.261149
-0.334473 0.26099
-0.334961 0.262515
-0.335449 0.262321
-0.335938 0.262285
-0.336426 0.262792
-0.336914 0.262914
-0.337402 0.263251
-0.337891 0.262382
-0.338379 0.263602
-0.338867 0.264535
-0.339355 0.264201
-0.339844 0.264371
-0.340332 0.264415
-0.34082 0.264519
-0.341309 0.265397
-0.341797 0.265194
-0.342285 0.265226
-0.342773 0.265779
-0.343262 0.265799
-0.34375 0.265826
-0.344238 0.266389
-0.344727 0.266771
-0.345215 0.266378
-0.345703 0.266661
-0.346191 0.267404
-0.34668 0.267527
-0.347168 0.268152
-0.347656 0.268986
-0.348145 0.268376
-0.348633 0.268287
-0.349121 0.26847
-0.349609 0.269437
-0.350098 0.270028
-0.350586 0.270149
-0.351074 0.270608
-0.351562 0.270406
-0.352051 0.271119
-0.352539 0.271362
-0.353027 0.272171
-0.353516 0.271589
-0.354004 0.272595
-0.354492 0.272868
-0.35498 0.273185
-0.355469 0.272616
-0.355957 0.273971
-0.356445 0.272947
-0.356934 0.273526
-0.357422 0.273739
-0.35791 0.273857
-0.358398 0.274594
-0.358887 0.274396
-0.359375 0.274364
-0.359863 0.275056
-0.360352 0.275114
-0.36084 0.276114
-0.361328 0.276186
-0.361816 0.276278
-0.362305 0.277026
-0.362793 0.276855
-0.363281 0.277061
-0.36377 0.277736
-0.364258 0.2781
-0.364746 0.278073
-0.365234 0.27872
-0.365723 0.277997
-0.366211 0.278691
-0.366699 0.279631
-0.367188 0.2795
-0.367676 0.280297
-0.368164 0.280496
-0.368652 0.28088
-0.369141 0.281335
-0.369629 0.281802
-0.370117 0.28147
-0.370605 0.281764
-0.371094 0.282928
-0.371582 0.282716
-0.37207 0.282689
-0.372559 0.282844
-0.373047 0.283013
-0.373535 0.28433
-0.374023 0.283629
-0.374512 0.284763
-0.375 0.285153
-0.375488 0.28526
-0.375977 0.285298
-0.376465 0.285343
-0.376953 0.286158
-0.377441 0.286549
-0.37793 0.286479
-0.378418 0.287122
-0.378906 0.28781
-0.379395 0.287658
-0.379883 0.287459
-0.380371 0.287062
-0.380859 0.288899
-0.381348 0.288218
-0.381836 0.288678
-0.382324 0.290078
-0.382812 0.289297
-0.383301 0.289989
-0.383789 0.290362
-0.384277 0.291188
-0.384766 0.291047
-0.385254 0.291488
-0.385742 0.292272
-0.38623 0.29172
-0.386719 0.293108
-0.387207 0.293074
-0.387695 0.293127
-0.388184 0.293477
-0.388672 0.294249
-0.38916 0.293916
-0.389648 0.295204
-0.390137 0.295185
-0.390625 0.294836
-0.391113 0.295615
-0.391602 0.295916
-0.39209 0.296726
-0.392578 0.296912
-0.393066 0.296512
-0.393555 0.297187
-0.394043 0.297497
-0.394531 0.299193
-0.39502 0.299249
-0.395508 0.299229
-0.395996 0.299854
-0.396484 0.299978
-0.396973 0.29996
-0.397461 0.300238
-0.397949 0.300603
-0.398438 0.301409
-0.398926 0.301584
-0.399414 0.301818
-0.399902 0.302404
-0.400391 0.303069
-0.400879 0.302224
-0.401367 0.303791
-0.401855 0.303691
-0.402344 0.304779
-0.402832 0.304174
-0.40332 0.304883
-0.403809 0.305695
-0.404297 0.305225
-0.404785 0.305556
-0.405273 0.306144
-0.405762 0.306186
-0.40625 0.307124
-0.406738 0.307748
-0.407227 0.30803
-0.407715 0.308366
-0.408203 0.309308
-0.408691 0.309594
-0.40918 0.308786
-0.409668 0.309099
-0.410156 0.311089
-0.410645 0.311213
-0.411133 0.311359
-0.411621 0.311311
-0.412109 0.31132
-0.412598 0.312149
-0.413086 0.312361
-0.413574 0.312666
-0.414062 0.314042
-0.414551 0.314183
-0.415039 0.313885
-0.415527 0.315895
-0.416016 0.31486
-0.416504 0.31554
-0.416992 0.315844
-0.41748 0.316511
-0.417969 0.316818
-0.418457 0.317978
-0.418945 0.317671
-0.419434 0.317959
-0.419922 0.319324
-0.42041 0.319391
-0.420898 0.320146
-0.421387 0.319727
-0.421875 0.321235
-0.422363 0.320414
-0.422852 0.321905
-0.42334 0.321864
-0.423828 0.322485
-0.424316 0.322201
-0.424805 0.323543
-0.425293 0.323711
-0.425781 0.323714
-0.42627 0.325284
-0.426758 0.325582
-0.427246 0.324885
-0.427734 0.325459
-0.428223 0.326011
-0.428711 0.326618
-0.429199 0.328101
-0.429688 0.32787
-0.430176 0.328109
-0.430664 0.328693
-0.431152 0.32945
-0.431641 0.329652
-0.432129 0.330021
-0.432617 0.330213
-0.433105 0.331058
-0.433594 0.332141
-0.434082 0.331977
-0.43457 0.332074
-0.435059 0.333614
-0.435547 0.333277
-0.436035 0.33421
-0.436523 0.334927
-0.437012 0.333922
-0.4375 0.335639
-0.437988 0.335631
-0.438477 0.336173
-0.438965 0.337251
-0.439453 0.338121
-0.439941 0.338153
-0.44043 0.337713
-0.440918 0.339683
-0.441406 0.339686
-0.441895 0.340734
-0.442383 0.341355
-0.442871 0.341016
-0.443359 0.341199
-0.443848 0.342703
-0.444336 0.343449
-0.444824 0.342734
-0.445312 0.344671
-0.445801 0.344198
-0.446289 0.344571
-0.446777 0.345197
-0.447266 0.34579
-0.447754 0.346321
-0.448242 0.346591
-0.44873 0.347733
-0.449219 0.347713
-0.449707 0.348171
-0.450195 0.349643
-0.450684 0.349905
-0.451172 0.350775
-0.45166 0.350763
-0.452148 0.350334
-0.452637 0.352215
-0.453125 0.353022
-0.453613 0.353249
-0.454102 0.353812
-0.45459 0.354264
-0.455078 0.355024
-0.455566 0.355703
-0.456055 0.356341
-0.456543 0.357781
-0.457031 0.357926
-0.45752 0.357954
-0.458008 0.359317
-0.458496 0.358443
-0.458984 0.360374
-0.459473 0.360969
-0.459961 0.361344
-0.460449 0.36256
-0.460938 0.362477
-0.461426 0.363353
-0.461914 0.362878
-0.462402 0.363175
-0.462891 0.36472
-0.463379 0.365868
-0.463867 0.366169
-0.464355 0.366921
-0.464844 0.366613
-0.465332 0.368124
-0.46582 0.368724
-0.466309 0.369546
-0.466797 0.36957
-0.467285 0.370938
-0.467773 0.370922
-0.468262 0.372223
-0.46875 0.37305
-0.469238 0.37304
-0.469727 0.374276
-0.470215 0.374835
-0.470703 0.375471
-0.471191 0.375331
-0.47168 0.376359
-0.472168 0.377243
-0.472656 0.377537
-0.473145 0.377502
-0.473633 0.379266
-0.474121 0.379994
-0.474609 0.380501
-0.475098 0.380541
-0.475586 0.382075
-0.476074 0.382186
-0.476562 0.383366
-0.477051 0.383676
-0.477539 0.383974
-0.478027 0.385162
-0.478516 0.387574
-0.479004 0.38645
-0.479492 0.387821
-0.47998 0.389064
-0.480469 0.388579
-0.480957 0.390564
-0.481445 0.391001
-0.481934 0.390502
-0.482422 0.391949
-0.48291 0.392777
-0.483398 0.393349
-0.483887 0.394743
-0.484375 0.395475
-0.484863 0.395622
-0.485352 0.396183
-0.48584 0.397222
-0.486328 0.397923
-0.486816 0.398794
-0.487305 0.399842
-0.487793 0.400541
-0.488281 0.400184
-0.48877 0.401914
-0.489258 0.403428
-0.489746 0.403353
-0.490234 0.405204
-0.490723 0.4055
-0.491211 0.405726
-0.491699 0.407444
-0.492188 0.408414
-0.492676 0.40934
-0.493164 0.409054
-0.493652 0.409755
-0.494141 0.411893
-0.494629 0.412186
-0.495117 0.412929
-0.495605 0.413273
-0.496094 0.414175
-0.496582 0.41564
-0.49707 0.416475
-0.497559 0.417178
-0.498047 0.417123
-0.498535 0.418957
-0.499023 0.419963
-0.499512 0.420599
-0.5 0.420807
-0.500488 0.421797
-0.500977 0.42289
-0.501465 0.422843
-0.501953 0.425528
-0.502441 0.426171
-0.50293 0.426534
-0.503418 0.427574
-0.503906 0.429056
-0.504395 0.42975
-0.504883 0.430497
-0.505371 0.432131
-0.505859 0.432197
-0.506348 0.433626
-0.506836 0.434166
-0.507324 0.435845
-0.507812 0.436323
-0.508301 0.437451
-0.508789 0.438105
-0.509277 0.439499
-0.509766 0.440496
-0.510254 0.441175
-0.510742 0.442714
-0.51123 0.443231
-0.511719 0.444649
-0.512207 0.445859
-0.512695 0.447199
-0.513184 0.447003
-0.513672 0.448978
-0.51416 0.449634
-0.514648 0.450303
-0.515137 0.452195
-0.515625 0.452633
-0.516113 0.45309
-0.516602 0.455252
-0.51709 0.45533
-0.517578 0.458116
-0.518066 0.458427
-0.518555 0.459864
-0.519043 0.459576
-0.519531 0.462397
-0.52002 0.462452
-0.520508 0.464112
-0.520996 0.464601
-0.521484 0.466146
-0.521973 0.467034
-0.522461 0.468073
-0.522949 0.469765
-0.523438 0.471002
-0.523926 0.471807
-0.524414 0.472484
-0.524902 0.473624
-0.525391 0.474797
-0.525879 0.47762
-0.526367 0.477289
-0.526855 0.478032
-0.527344 0.478714
-0.527832 0.481071
-0.52832 0.48206
-0.528809 0.482825
-0.529297 0.485144
-0.529785 0.486172
-0.530273 0.48577
-0.530762 0.487498
-0.53125 0.489208
-0.531738 0.491302
-0.532227 0.492358
-0.532715 0.494342
-0.533203 0.494723
-0.533691 0.496592
-0.53418 0.497469
-0.534668 0.499125
-0.535156 0.499831
-0.535645 0.502726
-0.536133 0.503437
-0.536621 0.504294
-0.537109 0.504125
-0.537598 0.506817
-0.538086 0.507954
-0.538574 0.509698
-0.539062 0.511326
-0.539551 0.512786
-0.540039 0.51413
-0.540527 0.51636
-0.541016 0.516477
-0.541504 0.517889
-0.541992 0.519647
-0.54248 0.520336
-0.542969 0.5225
-0.543457 0.524475
-0.543945 0.525616
-0.544434 0.526845
-0.544922 0.528563
-0.54541 0.529661
-0.545898 0.531262
-0.546387 0.532427
-0.546875 0.534963
-0.547363 0.535876
-0.547852 0.537411
-0.54834 0.539424
-0.548828 0.539637
-0.549316 0.542416
-0.549805 0.54403
-0.550293 0.546512
-0.550781 0.546834
-0.55127 0.549341
-0.551758 0.550662
-0.552246 0.55169
-0.552734 0.5527
-0.553223 0.554607
-0.553711 0.556406
-0.554199 0.55835
-0.554688 0.559748
-0.555176 0.561415
-0.555664 0.56286
-0.556152 0.565829
-0.556641 0.567564
-0.557129 0.569331
-0.557617 0.569804
-0.558105 0.572672
-0.558594 0.573904
-0.559082 0.576009
-0.55957 0.577895
-0.560059 0.580754
-0.560547 0.581273
-0.561035 0.582503
-0.561523 0.585016
-0.562012 0.586586
-0.5625 0.588907
-0.562988 0.591009
-0.563477 0.591604
-0.563965 0.595311
-0.564453 0.596664
-0.564941 0.598901
-0.56543 0.599689
-0.565918 0.602313
-0.566406 0.605
-0.566895 0.606223
-0.567383 0.609348
-0.567871 0.610934
-0.568359 0.613974
-0.568848 0.61361
-0.569336 0.61763
-0.569824 0.619016
-0.570312 0.621893
-0.570801 0.623628
-0.571289 0.624917
-0.571777 0.628155
-0.572266 0.629585
-0.572754 0.632606
-0.573242 0.634741
-0.57373 0.636872
-0.574219 0.638435
-0.574707 0.641288
-0.575195 0.64317
-0.575684 0.645718
-0.576172 0.646916
-0.57666 0.64865
-0.577148 0.652545
-0.577637 0.653465
-0.578125 0.656612
-0.578613 0.658937
-0.579102 0.661748
-0.57959 0.663661
-0.580078 0.664449
-0.580566 0.667613
-0.581055 0.671025
-0.581543 0.673929
-0.582031 0.676321
-0.58252 0.678691
-0.583008 0.681785
-0.583496 0.68465
-0.583984 0.684454
-0.584473 0.690038
-0.584961 0.690748
-0.585449 0.693429
-0.585938 0.696222
-0.586426 0.698531
-0.586914 0.70136
-0.587402 0.704924
-0.587891 0.707765
-0.588379 0.709448
-0.588867 0.712307
-0.589355 0.716096
-0.589844 0.717661
-0.590332 0.720276
-0.59082 0.72488
-0.591309 0.726333
-0.591797 0.729164
-0.592285 0.732035
-0.592773 0.734283
-0.593262 0.737369
-0.59375 0.741621
-0.594238 0.7439
-0.594727 0.747615
-0.595215 0.748535
-0.595703 0.753624
-0.596191 0.755335
-0.59668 0.758444
-0.597168 0.761217
-0.597656 0.764446
-0.598145 0.768483
-0.598633 0.770477
-0.599121 0.773301
-0.599609 0.777224
-0.600098 0.780911
-0.600586 0.782577
-0.601074 0.787127
-0.601562 0.790144
-0.602051 0.793797
-0.602539 0.796505
-0.603027 0.799673
-0.603516 0.805098
-0.604004 0.806125
-0.604492 0.81116
-0.60498 0.813404
-0.605469 0.816099
-0.605957 0.820496
-0.606445 0.823601
-0.606934 0.827768
-0.607422 0.83065
-0.60791 0.833705
-0.608398 0.838609
-0.608887 0.84142
-0.609375 0.847274
-0.609863 0.848571
-0.610352 0.853339
-0.61084 0.857403
-0.611328 0.859611
-0.611816 0.864235
-0.612305 0.868505
-0.612793 0.871461
-0.613281 0.874383
-0.61377 0.881899
-0.614258 0.882775
-0.614746 0.887524
-0.615234 0.892164
-0.615723 0.894692
-0.616211 0.901077
-0.616699 0.902259
-0.617188 0.907689
-0.617676 0.91286
-0.618164 0.915268
-0.618652 0.920661
-0.619141 0.92399
-0.619629 0.928498
-0.620117 0.932889
-0.620605 0.937217
-0.621094 0.94117
-0.621582 0.946547
-0.62207 0.9518
-0.622559 0.954415
-0.623047 0.960148
-0.623535 0.962995
-0.624023 0.968889
-0.624512 0.972668
-0.625 0.977587
-0.625488 0.98265
-0.625977 0.986437
-0.626465 0.991356
-0.626953 0.996481
-0.627441 1.00149
-0.62793 1.00616
-0.628418 1.01123
-0.628906 1.0167
-0.629395 1.02063
-0.629883 1.02456
-0.630371 1.02958
-0.630859 1.03499
-0.631348 1.04091
-0.631836 1.04453
-0.632324 1.05091
-0.632812 1.05549
-0.633301 1.06053
-0.633789 1.06665
-0.634277 1.07159
-0.634766 1.07621
-0.635254 1.08197
-0.635742 1.08818
-0.63623 1.09245
-0.636719 1.09768
-0.637207 1.10406
-0.637695 1.10865
-0.638184 1.11591
-0.638672 1.12093
-0.63916 1.1255
-0.639648 1.1322
-0.640137 1.13525
-0.640625 1.14292
-0.641113 1.14908
-0.641602 1.15435
-0.64209 1.16009
-0.642578 1.16551
-0.643066 1.17133
-0.643555 1.17742
-0.644043 1.18331
-0.644531 1.18893
-0.64502 1.19672
-0.645508 1.20155
-0.645996 1.20804
-0.646484 1.21412
-0.646973 1.22058
-0.647461 1.22767
-0.647949 1.2331
-0.648438 1.23927
-0.648926 1.24603
-0.649414 1.2516
-0.649902 1.25873
-0.650391 1.26587
-0.650879 1.27191
-0.651367 1.2799
-0.651855 1.28452
-0.652344 1.29365
-0.652832 1.29949
-0.65332 1.30518
-0.653809 1.31139
-0.654297 1.318
-0.654785 1.32584
-0.655273 1.33303
-0.655762 1.33908
-0.65625 1.34676
-0.656738 1.35333
-0.657227 1.36013
-0.657715 1.36738
-0.658203 1.37378
-0.658691 1.3832
-0.65918 1.39052
-0.659668 1.39574
-0.660156 1.40287
-0.660645 1.41288
-0.661133 1.418
-0.661621 1.42688
-0.662109 1.4338
-0.662598 1.44201
-0.663086 1.44875
-0.663574 1.45611
-0.664062 1.463
-0.664551 1.47199
-0.665039 1.47931
-0.665527 1.48729
-0.666016 1.49355
-0.666504 1.50294
-0.666992 1.51099
-0.66748 1.51782
-0.667969 1.52434
-0.668457 1.53472
-0.668945 1.54288
-0.669434 1.5486
-0.669922 1.55868
-0.67041 1.56499
-0.670898 1.57287
-0.671387 1.58268
-0.671875 1.58965
-0.672363 1.59926
-0.672852 1.60796
-0.67334 1.61596
-0.673828 1.62394
-0.674316 1.63132
-0.674805 1.64004
-0.675293 1.64939
-0.675781 1.66085
-0.67627 1.66484
-0.676758 1.67519
-0.677246 1.68323
-0.677734 1.69192
-0.678223 1.70067
-0.678711 1.70829
-0.679199 1.71799
-0.679688 1.726
-0.680176 1.7363
-0.680664 1.74377
-0.681152 1.75387
-0.681641 1.76233
-0.682129 1.77048
-0.682617 1.77769
-0.683105 1.789
-0.683594 1.79757
-0.684082 1.80766
-0.68457 1.81501
-0.685059 1.82188
-0.685547 1.83079
-0.686035 1.83988
-0.686523 1.84964
-0.687012 1.85789
-0.6875 1.86715
-0.687988 1.87828
-0.688477 1.88374
-0.688965 1.89385
-0.689453 1.90319
-0.689941 1.91023
-0.69043 1.92236
-0.690918 1.9302
-0.691406 1.93876
-0.691895 1.94507
-0.692383 1.95598
-0.692871 1.96617
-0.693359 1.97415
-0.693848 1.98233
-0.694336 1.9906
-0.694824 2.00182
-0.695312 2.00992
-0.695801 2.01687
-0.696289 2.0256
-0.696777 2.03385
-0.697266 2.04403
-0.697754 2.05289
-0.698242 2.06198
-0.69873 2.07099
-0.699219 2.07863
-0.699707 2.08629
-0.700195 2.09564
-0.700684 2.10213
-0.701172 2.11128
-0.70166 2.12251
-0.702148 2.1293
-0.702637 2.1384
-0.703125 2.14391
-0.703613 2.15264
-0.704102 2.15996
-0.70459 2.17022
-0.705078 2.17443
-0.705566 2.18412
-0.706055 2.19043
-0.706543 2.19848
-0.707031 2.20737
-0.70752 2.21478
-0.708008 2.22242
-0.708496 2.22915
-0.708984 2.23885
-0.709473 2.24525
-0.709961 2.24988
-0.710449 2.257
-0.710938 2.26429
-0.711426 2.27308
-0.711914 2.27953
-0.712402 2.28287
-0.712891 2.29318
-0.713379 2.29868
-0.713867 2.30502
-0.714355 2.30883
-0.714844 2.31616
-0.715332 2.32018
-0.71582 2.32661
-0.716309 2.3331
-0.716797 2.33712
-0.717285 2.34415
-0.717773 2.34967
-0.718262 2.35474
-0.71875 2.35851
-0.719238 2.36227
-0.719727 2.36924
-0.720215 2.3743
-0.720703 2.37598
-0.721191 2.38053
-0.72168 2.38492
-0.722168 2.38785
-0.722656 2.39097
-0.723145 2.39586
-0.723633 2.39975
-0.724121 2.40162
-0.724609 2.40325
-0.725098 2.40703
-0.725586 2.40772
-0.726074 2.412
-0.726562 2.41307
-0.727051 2.41427
-0.727539 2.41629
-0.728027 2.41666
-0.728516 2.42114
-0.729004 2.42119
-0.729492 2.4209
-0.72998 2.42201
-0.730469 2.42087
-0.730957 2.42009
-0.731445 2.4194
-0.731934 2.41803
-0.732422 2.42084
-0.73291 2.41917
-0.733398 2.41686
-0.733887 2.41228
-0.734375 2.41149
-0.734863 2.40911
-0.735352 2.40962
-0.73584 2.40604
-0.736328 2.40289
-0.736816 2.39866
-0.737305 2.39555
-0.737793 2.39193
-0.738281 2.38921
-0.73877 2.38539
-0.739258 2.37804
-0.739746 2.37277
-0.740234 2.36871
-0.740723 2.36411
-0.741211 2.35641
-0.741699 2.35267
-0.742188 2.34554
-0.742676 2.3402
-0.743164 2.3335
-0.743652 2.32463
-0.744141 2.31763
-0.744629 2.30891
-0.745117 2.30154
-0.745605 2.29407
-0.746094 2.28545
-0.746582 2.2746
-0.74707 2.26522
-0.747559 2.25595
-0.748047 2.2475
-0.748535 2.23679
-0.749023 2.22765
-0.749512 2.21597
-0.75 2.20458
-0.750488 2.19174
-0.750977 2.18102
-0.751465 2.17238
-0.751953 2.15755
-0.752441 2.14546
-0.75293 2.13293
-0.753418 2.11836
-0.753906 2.10506
-0.754395 2.09057
-0.754883 2.07702
-0.755371 2.06476
-0.755859 2.0479
-0.756348 2.03269
-0.756836 2.0204
-0.757324 2.00556
-0.757812 1.98775
-0.758301 1.97327
-0.758789 1.95666
-0.759277 1.94295
-0.759766 1.92409
-0.760254 1.90768
-0.760742 1.89162
-0.76123 1.87313
-0.761719 1.85821
-0.762207 1.84039
-0.762695 1.82228
-0.763184 1.80292
-0.763672 1.78322
-0.76416 1.76586
-0.764648 1.74785
-0.765137 1.73014
-0.765625 1.71088
-0.766113 1.69027
-0.766602 1.67141
-0.76709 1.65411
-0.767578 1.633
-0.768066 1.61221
-0.768555 1.59269
-0.769043 1.57393
-0.769531 1.5542
-0.77002 1.53358
-0.770508 1.51247
-0.770996 1.49195
-0.771484 1.4701
-0.771973 1.45109
-0.772461 1.42953
-0.772949 1.40854
-0.773438 1.38891
-0.773926 1.36823
-0.774414 1.34833
-0.774902 1.32666
-0.775391 1.30575
-0.775879 1.28517
-0.776367 1.26421
-0.776855 1.24231
-0.777344 1.22132
-0.777832 1.20151
-0.77832 1.18019
-0.778809 1.15845
-0.779297 1.13704
-0.779785 1.11552
-0.780273 1.09642
-0.780762 1.07546
-0.78125 1.05478
-0.781738 1.03491
-0.782227 1.01514
-0.782715 0.993967
-0.783203 0.974469
-0.783691 0.953264
-0.78418 0.934327
-0.784668 0.912954
-0.785156 0.894292
-0.785645 0.874892
-0.786133 0.855356
-0.786621 0.836702
-0.787109 0.816582
-0.787598 0.797877
-0.788086 0.779738
-0.788574 0.760545
-0.789062 0.741839
-0.789551 0.723442
-0.790039 0.706512
-0.790527 0.689506
-0.791016 0.67015
-0.791504 0.652908
-0.791992 0.635397
-0.79248 0.619575
-0.792969 0.601361
-0.793457 0.586131
-0.793945 0.570055
-0.794434 0.552561
-0.794922 0.537199
-0.79541 0.522659
-0.795898 0.50725
-0.796387 0.492602
-0.796875 0.476433
-0.797363 0.462168
-0.797852 0.448286
-0.79834 0.435059
-0.798828 0.420762
-0.799316 0.408583
-0.799805 0.393805
-0.800293 0.381131
-0.800781 0.367786
-0.80127 0.355495
-0.801758 0.343375
-0.802246 0.332567
-0.802734 0.321755
-0.803223 0.308939
-0.803711 0.298926
-0.804199 0.287337
-0.804688 0.277155
-0.805176 0.266545
-0.805664 0.256267
-0.806152 0.246852
-0.806641 0.237498
-0.807129 0.228108
-0.807617 0.21925
-0.808105 0.210754
-0.808594 0.202364
-0.809082 0.19292
-0.80957 0.18574
-0.810059 0.177757
-0.810547 0.170335
-0.811035 0.163763
-0.811523 0.15613
-0.812012 0.149429
-0.8125 0.142266
-0.812988 0.136785
-0.813477 0.130016
-0.813965 0.124154
-0.814453 0.118368
-0.814941 0.112856
-0.81543 0.10771
-0.815918 0.102801
-0.816406 0.0976824
-0.816895 0.0929443
-0.817383 0.0885603
-0.817871 0.0840588
-0.818359 0.0798834
-0.818848 0.0755546
-0.819336 0.0716157
-0.819824 0.0676275
-0.820312 0.0642973
-0.820801 0.0607759
-0.821289 0.0576143
-0.821777 0.0547549
-0.822266 0.0514195
-0.822754 0.0487433
-0.823242 0.0457217
-0.82373 0.0434692
-0.824219 0.0406442
-0.824707 0.0385289
-0.825195 0.0362671
-0.825684 0.0340733
-0.826172 0.0320121
-0.82666 0.0302054
-0.827148 0.028372
-0.827637 0.0263631
-0.828125 0.0247948
-0.828613 0.023266
-0.829102 0.0216512
-0.82959 0.0202288
-0.830078 0.0189093
-0.830566 0.0178013
-0.831055 0.016608
-0.831543 0.0154332
-0.832031 0.0145008
-0.83252 0.0134254
-0.833008 0.0124773
-0.833496 0.0115775
-0.833984 0.0109596
-0.834473 0.0100679
-0.834961 0.00929072
-0.835449 0.00857806
-0.835938 0.00813395
-0.836426 0.00743234
-0.836914 0.00691093
-0.837402 0.00632906
-0.837891 0.00588612
-0.838379 0.00531762
-0.838867 0.00501593
-0.839355 0.00465611
-0.839844 0.00418352
-0.840332 0.00379522
-0.84082 0.00357492
-0.841309 0.00331799
-0.841797 0.00300816
-0.842285 0.00277681
-0.842773 0.00253499
-0.843262 0.0022833
-0.84375 0.00209612
-0.844238 0.001895
-0.844727 0.00179211
-0.845215 0.00160319
-0.845703 0.00147124
-0.846191 0.00128522
-0.84668 0.00121721
-0.847168 0.00108642
-0.847656 0.000967842
-0.848145 0.000890531
-0.848633 0.000806245
-0.849121 0.000777762
-0.849609 0.000619652
-0.850098 0.00062779
-0.850586 0.000565011
-0.851074 0.000508045
-0.851562 0.000464448
-0.852051 0.000410388
-0.852539 0.000331333
-0.853027 0.000326683
-0.853516 0.000283668
-0.854004 0.00027553
-0.854492 0.000251697
-0.85498 0.000205194
-0.855469 0.000188337
-0.855957 0.000175549
-0.856445 0.000154041
-0.856934 0.000128464
-0.857422 0.000105794
-0.85791 0.000103469
-0.858398 9.00995e-05
-0.858887 7.84738e-05
-0.859375 6.33603e-05
-0.859863 6.16164e-05
-0.860352 6.16165e-05
-0.86084 4.12714e-05
-0.861328 4.6503e-05
-0.861816 4.18527e-05
-0.862305 3.95275e-05
-0.862793 3.31334e-05
-0.863281 2.67392e-05
-0.86377 2.09263e-05
-0.864258 2.20889e-05
-0.864746 1.80199e-05
-0.865234 1.86012e-05
-0.865723 1.45322e-05
-0.866211 1.2207e-05
-0.866699 1.04632e-05
-0.867188 1.04632e-05
-0.867676 8.13802e-06
-0.868164 5.23159e-06
-0.868652 2.90644e-06
-0.869141 3.48772e-06
-0.869629 3.48772e-06
-0.870117 3.48772e-06
-0.870605 4.6503e-06
-0.871094 1.16258e-06
-0.871582 1.16258e-06
-0.87207 5.81288e-07
-0.872559 1.16258e-06
-0.873047 1.16258e-06
-0.873535 1.74386e-06
-0.874023 5.81288e-07
-0.874512 0
-0.875 0
-0.875488 0
-0.875977 5.81288e-07
-0.876465 5.81288e-07
-0.876953 0
-0.877441 0
-0.87793 0
-0.878418 0
-0.878906 0
-0.879395 0
-0.879883 0
-0.880371 0
-0.880859 0
-0.881348 0
-0.881836 0
-0.882324 0
-0.882812 0
-0.883301 0
-0.883789 0
-0.884277 0
-0.884766 0
-0.885254 0
-0.885742 0
-0.88623 0
-0.886719 0
-0.887207 0
-0.887695 0
-0.888184 0
-0.888672 0
-0.88916 0
-0.889648 0
-0.890137 0
-0.890625 0
-0.891113 0
-0.891602 0
-0.89209 0
-0.892578 0
-0.893066 0
-0.893555 0
-0.894043 0
-0.894531 0
-0.89502 0
-0.895508 0
-0.895996 0
-0.896484 0
-0.896973 0
-0.897461 0
-0.897949 0
-0.898438 0
-0.898926 0
-0.899414 0
-0.899902 0
-0.900391 0
-0.900879 0
-0.901367 0
-0.901855 0
-0.902344 0
-0.902832 0
-0.90332 0
-0.903809 0
-0.904297 0
-0.904785 0
-0.905273 0
-0.905762 0
-0.90625 0
-0.906738 0
-0.907227 0
-0.907715 0
-0.908203 0
-0.908691 0
-0.90918 0
-0.909668 0
-0.910156 0
-0.910645 0
-0.911133 0
-0.911621 0
-0.912109 0
-0.912598 0
-0.913086 0
-0.913574 0
-0.914062 0
-0.914551 0
-0.915039 0
-0.915527 0
-0.916016 0
-0.916504 0
-0.916992 0
-0.91748 0
-0.917969 0
-0.918457 0
-0.918945 0
-0.919434 0
-0.919922 0
-0.92041 0
-0.920898 0
-0.921387 0
-0.921875 0
-0.922363 0
-0.922852 0
-0.92334 0
-0.923828 0
-0.924316 0
-0.924805 0
-0.925293 0
-0.925781 0
-0.92627 0
-0.926758 0
-0.927246 0
-0.927734 0
-0.928223 0
-0.928711 0
-0.929199 0
-0.929688 0
-0.930176 0
-0.930664 0
-0.931152 0
-0.931641 0
-0.932129 0
-0.932617 0
-0.933105 0
-0.933594 0
-0.934082 0
-0.93457 0
-0.935059 0
-0.935547 0
-0.936035 0
-0.936523 0
-0.937012 0
-0.9375 0
-0.937988 0
-0.938477 0
-0.938965 0
-0.939453 0
-0.939941 0
-0.94043 0
-0.940918 0
-0.941406 0
-0.941895 0
-0.942383 0
-0.942871 0
-0.943359 0
-0.943848 0
-0.944336 0
-0.944824 0
-0.945312 0
-0.945801 0
-0.946289 0
-0.946777 0
-0.947266 0
-0.947754 0
-0.948242 0
-0.94873 0
-0.949219 0
-0.949707 0
-0.950195 0
-0.950684 0
-0.951172 0
-0.95166 0
-0.952148 0
-0.952637 0
-0.953125 0
-0.953613 0
-0.954102 0
-0.95459 0
-0.955078 0
-0.955566 0
-0.956055 0
-0.956543 0
-0.957031 0
-0.95752 0
-0.958008 0
-0.958496 0
-0.958984 0
-0.959473 0
-0.959961 0
-0.960449 0
-0.960938 0
-0.961426 0
-0.961914 0
-0.962402 0
-0.962891 0
-0.963379 0
-0.963867 0
-0.964355 0
-0.964844 0
-0.965332 0
-0.96582 0
-0.966309 0
-0.966797 0
-0.967285 0
-0.967773 0
-0.968262 0
-0.96875 0
-0.969238 0
-0.969727 0
-0.970215 0
-0.970703 0
-0.971191 0
-0.97168 0
-0.972168 0
-0.972656 0
-0.973145 0
-0.973633 0
-0.974121 0
-0.974609 0
-0.975098 0
-0.975586 0
-0.976074 0
-0.976562 0
-0.977051 0
-0.977539 0
-0.978027 0
-0.978516 0
-0.979004 0
-0.979492 0
-0.97998 0
-0.980469 0
-0.980957 0
-0.981445 0
-0.981934 0
-0.982422 0
-0.98291 0
-0.983398 0
-0.983887 0
-0.984375 0
-0.984863 0
-0.985352 0
-0.98584 0
-0.986328 0
-0.986816 0
-0.987305 0
-0.987793 0
-0.988281 0
-0.98877 0
-0.989258 0
-0.989746 0
-0.990234 0
-0.990723 0
-0.991211 0
-0.991699 0
-0.992188 0
-0.992676 0
-0.993164 0
-0.993652 0
-0.994141 0
-0.994629 0
-0.995117 0
-0.995605 0
-0.996094 0
-0.996582 0
-0.99707 0
-0.997559 0
-0.998047 0
-0.998535 0
-0.999023 0
-0.999512 0
-1 0
