1 0
0.999512 0
0.999023 0
0.998535 0
0.998047 0
0.997559 0
0.99707 0
0.996582 0
0.996094 0
0.995605 0
0.995117 0
0.994629 0
0.994141 0
0.993652 0
0.993164 0
0.992676 0
0.992188 0
0.991699 0
0.991211 0
0.990723 0
0.990234 0
0.989746 0
0.989258 0
0.98877 0
0.988281 0
0.987793 0
0.987305 0
0.986816 0
0.986328 0
0.98584 0
0.985352 0
0.984863 0
0.984375 0
0.983887 0
0.983398 0
0.98291 0
0.982422 0
0.981934 0
0.981445 0
0.980957 0
0.980469 0
0.97998 0
0.979492 0
0.979004 0
0.978516 0
0.978027 0
0.977539 0
0.977051 0
0.976562 0
0.976074 0
0.975586 0
0.975098 0
0.974609 0
0.974121 0
0.973633 0
0.973145 0
0.972656 0
0.972168 0
0.97168 0
0.971191 0
0.970703 0
0.970215 0
0.969727 0
0.969238 0
0.96875 0
0.968262 0
0.967773 0
0.967285 0
0.966797 0
0.966309 0
0.96582 0
0.965332 0
0.964844 0
0.964355 0
0.963867 0
0.963379 0
0.962891 0
0.962402 0
0.961914 0
0.961426 0
0.960938 0
0.960449 0
0.959961 0
0.959473 0
0.958984 0
0.958496 0
0.958008 0
0.95752 0
0.957031 0
0.956543 0
0.956055 0
0.955566 0
0.955078 0
0.95459 0
0.954102 0
0.953613 0
0.953125 0
0.952637 0
0.952148 0
0.95166 0
0.951172 0
0.950684 0
0.950195 0
0.949707 0
0.949219 0
0.94873 0
0.948242 0
0.947754 0
0.947266 0
0.946777 0
0.946289 0
0.945801 0
0.945312 0
0.944824 0
0.944336 0
0.943848 0
0.943359 0
0.942871 0
0.942383 0
0.941895 0
0.941406 0
0.940918 0
0.94043 0
0.939941 0
0.939453 0
0.938965 0
0.938477 0
0.937988 0
0.9375 0
0.937012 0
0.936523 0
0.936035 0
0.935547 0
0.935059 0
0.93457 0
0.934082 0
0.933594 0
0.933105 0
0.932617 0
0.932129 0
0.931641 0
0.931152 0
0.930664 0
0.930176 0
0.929688 0
0.929199 0
0.928711 0
0.928223 0
0.927734 0
0.927246 0
0.926758 0
0.92627 0
0.925781 0
0.925293 0
0.924805 0
0.924316 0
0.923828 0
0.92334 0
0.922852 0
0.922363 0
0.921875 0
0.921387 0
0.920898 0
0.92041 0
0.919922 0
0.919434 0
0.918945 0
0.918457 0
0.917969 0
0.91748 0
0.916992 0
0.916504 0
0.916016 0
0.915527 0
0.915039 0
0.914551 0
0.914062 0
0.913574 0
0.913086 0
0.912598 0
0.912109 0
0.911621 0
0.911133 0
0.910645 0
0.910156 0
0.909668 0
0.90918 0
0.908691 0
0.908203 0
0.907715 0
0.907227 0
0.906738 0
0.90625 0
0.905762 0
0.905273 0
0.904785 0
0.904297 0
0.903809 0
0.90332 0
0.902832 0
0.902344 0
0.901855 0
0.901367 0
0.900879 0
0.900391 0
0.899902 0
0.899414 0
0.898926 0
0.898438 0
0.897949 0
0.897461 0
0.896973 0
0.896484 0
0.895996 0
0.895508 0
0.89502 0
0.894531 0
0.894043 0
0.893555 0
0.893066 0
0.892578 0
0.89209 0
0.891602 0
0.891113 0
0.890625 0
0.890137 0
0.889648 0
0.88916 0
0.888672 0
0.888184 0
0.887695 0
0.887207 0
0.886719 0
0.88623 5.81288e-07
0.885742 0
0.885254 0
0.884766 0
0.884277 0
0.883789 0
0.883301 0
0.882812 0
0.882324 0
0.881836 0
0.881348 0
0.880859 0
0.880371 0
0.879883 0
0.879395 0
0.878906 1.16258e-06
0.878418 1.16258e-06
0.87793 0
0.877441 5.81288e-07
0.876953 5.81288e-07
0.876465 5.81288e-07
0.875977 1.16258e-06
0.875488 1.16258e-06
0.875 2.32515e-06
0.874512 1.16258e-06
0.874023 2.90644e-06
0.873535 1.74386e-06
0.873047 3.48772e-06
0.872559 2.32515e-06
0.87207 3.48772e-06
0.871582 5.23159e-06
0.871094 2.90644e-06
0.870605 6.39416e-06
0.870117 7.55674e-06
0.869629 9.88189e-06
0.869141 1.10445e-05
0.868652 9.3006e-06
0.868164 1.56948e-05
0.867676 1.80199e-05
0.867188 1.56948e-05
0.866699 1.68573e-05
0.866211 2.55766e-05
0.865723 2.38328e-05
0.865234 3.54585e-05
0.864746 4.53404e-05
0.864258 4.99907e-05
0.86377 4.30153e-05
0.863281 5.17346e-05
0.862793 5.81287e-05
0.862305 7.14983e-05
0.861816 6.85919e-05
0.861328 8.31241e-05
0.86084 0.000113351
0.860352 0.000108119
0.859863 0.000147647
0.859375 0.000134859
0.858887 0.000167411
0.858398 0.000172061
0.85791 0.0001988
0.857422 0.000245884
0.856934 0.000268555
0.856445 0.000304013
0.855957 0.000334821
0.855469 0.000370861
0.85498 0.000395275
0.854492 0.000463867
0.854004 0.000540597
0.853516 0.0005871
0.853027 0.000622558
0.852539 0.00074114
0.852051 0.000781249
0.851562 0.000881231
0.851074 0.00102655
0.850586 0.00110968
0.850098 0.00126546
0.849609 0.00136951
0.849121 0.0014567
0.848633 0.00167062
0.848145 0.00180373
0.847656 0.00200951
0.847168 0.00217518
0.84668 0.00241815
0.846191 0.00266288
0.845703 0.00302153
0.845215 0.00327672
0.844727 0.00359701
0.844238 0.00382719
0.84375 0.00430327
0.843262 0.00468227
0.842773 0.00511184
0.842285 0.00554664
0.841797 0.00612619
0.841309 0.00663946
0.84082 0.00729981
0.840332 0.00807699
0.839844 0.00850888
0.839355 0.00923375
0.838867 0.0100464
0.838379 0.0107428
0.837891 0.0118141
0.837402 0.012679
0.836914 0.0139207
0.836426 0.0150821
0.835938 0.0160261
0.835449 0.0173828
0.834961 0.0189319
0.834473 0.0202602
0.833984 0.0218849
0.833496 0.0232997
0.833008 0.0252325
0.83252 0.0270676
0.832031 0.029087
0.831543 0.0315052
0.831055 0.0334176
0.830566 0.03578
0.830078 0.0385696
0.82959 0.0408616
0.829102 0.0437994
0.828613 0.0468442
0.828125 0.0498698
0.827637 0.0535005
0.827148 0.0568842
0.82666 0.0605678
0.826172 0.0645339
0.825684 0.0686401
0.825195 0.0728301
0.824707 0.0776547
0.824219 0.0815965
0.82373 0.0866037
0.823242 0.0922927
0.822754 0.0983393
0.822266 0.103411
0.821777 0.10951
0.821289 0.11587
0.820801 0.122696
0.820312 0.129795
0.819824 0.136726
0.819336 0.144055
0.818848 0.151982
0.818359 0.160124
0.817871 0.16872
0.817383 0.178101
0.816895 0.186406
0.816406 0.196337
0.815918 0.205759
0.81543 0.217297
0.814941 0.226848
0.814453 0.238456
0.813965 0.249667
0.813477 0.262025
0.812988 0.275049
0.8125 0.287372
0.812012 0.300588
0.811523 0.314072
0.811035 0.328524
0.810547 0.343026
0.810059 0.357968
0.80957 0.373993
0.809082 0.389812
0.808594 0.405414
0.808105 0.422599
0.807617 0.439938
0.807129 0.458838
0.806641 0.476705
0.806152 0.495612
0.805664 0.515695
0.805176 0.535046
0.804688 0.556469
0.804199 0.577824
0.803711 0.598612
0.803223 0.620541
0.802734 0.644334
0.802246 0.667144
0.801758 0.690866
0.80127 0.714863
0.800781 0.740509
0.800293 0.765587
0.799805 0.792676
0.799316 0.818887
0.798828 0.843939
0.79834 0.871524
0.797852 0.900646
0.797363 0.928948
0.796875 0.957781
0.796387 0.986961
0.795898 1.01645
0.79541 1.04696
0.794922 1.07747
0.794434 1.10933
0.793945 1.14126
0.793457 1.17575
0.792969 1.20661
0.79248 1.24139
0.791992 1.27619
0.791504 1.30864
0.791016 1.34366
0.790527 1.37853
0.790039 1.41374
0.789551 1.44995
0.789062 1.48498
0.788574 1.52159
0.788086 1.5596
0.787598 1.59765
0.787109 1.63442
0.786621 1.6717
0.786133 1.71261
0.785645 1.74816
0.785156 1.78832
0.784668 1.82715
0.78418 1.867
0.783691 1.90523
0.783203 1.9459
0.782715 1.98785
0.782227 2.02696
0.781738 2.06721
0.78125 2.10718
0.780762 2.15136
0.780273 2.193
0.779785 2.23488
0.779297 2.27328
0.778809 2.31556
0.77832 2.35514
0.777832 2.39686
0.777344 2.43847
0.776855 2.48124
0.776367 2.52213
0.775879 2.56394
0.775391 2.60578
0.774902 2.64418
0.774414 2.69013
0.773926 2.72615
0.773438 2.77256
0.772949 2.81029
0.772461 2.85272
0.771973 2.8925
0.771484 2.9313
0.770996 2.97464
0.770508 3.01355
0.77002 3.05379
0.769531 3.09547
0.769043 3.13424
0.768555 3.17255
0.768066 3.21092
0.767578 3.25341
0.76709 3.28873
0.766602 3.32586
0.766113 3.36729
0.765625 3.40235
0.765137 3.44191
0.764648 3.47805
0.76416 3.50978
0.763672 3.5496
0.763184 3.58454
0.762695 3.61943
0.762207 3.656
0.761719 3.69065
0.76123 3.72229
0.760742 3.75892
0.760254 3.79076
0.759766 3.82308
0.759277 3.85656
0.758789 3.88587
0.758301 3.91763
0.757812 3.94537
0.757324 3.97654
0.756836 4.008
0.756348 4.03837
0.755859 4.06445
0.755371 4.09132
0.754883 4.12147
0.754395 4.14988
0.753906 4.16991
0.753418 4.2006
0.75293 4.22509
0.752441 4.25052
0.751953 4.27719
0.751465 4.29716
0.750977 4.31915
0.750488 4.33799
0.75 4.36217
0.749512 4.38328
0.749023 4.40604
0.748535 4.42281
0.748047 4.44043
0.747559 4.46163
0.74707 4.47918
0.746582 4.49917
0.746094 4.51415
0.745605 4.53305
0.745117 4.54752
0.744629 4.56245
0.744141 4.57699
0.743652 4.59034
0.743164 4.60458
0.742676 4.61604
0.742188 4.62896
0.741699 4.64167
0.741211 4.64974
0.740723 4.66045
0.740234 4.67345
0.739746 4.67857
0.739258 4.6879
0.73877 4.69762
0.738281 4.70582
0.737793 4.71225
0.737305 4.7196
0.736816 4.72025
0.736328 4.7286
0.73584 4.73336
0.735352 4.73541
0.734863 4.74228
0.734375 4.74311
0.733887 4.7462
0.733398 4.74659
0.73291 4.75197
0.732422 4.75129
0.731934 4.75221
0.731445 4.75124
0.730957 4.75285
0.730469 4.75151
0.72998 4.74748
0.729492 4.74365
0.729004 4.74273
0.728516 4.74415
0.728027 4.73996
0.727539 4.73802
0.727051 4.7332
0.726562 4.7284
0.726074 4.72269
0.725586 4.72034
0.725098 4.71003
0.724609 4.70459
0.724121 4.70072
0.723633 4.69313
0.723145 4.68531
0.722656 4.67663
0.722168 4.6712
0.72168 4.66109
0.721191 4.65494
0.720703 4.64154
0.720215 4.63968
0.719727 4.62531
0.719238 4.61488
0.71875 4.60645
0.718262 4.59441
0.717773 4.58355
0.717285 4.57074
0.716797 4.55828
0.716309 4.54822
0.71582 4.538
0.715332 4.52396
0.714844 4.51519
0.714355 4.49875
0.713867 4.4853
0.713379 4.47463
0.712891 4.46248
0.712402 4.44752
0.711914 4.43053
0.711426 4.41966
0.710938 4.40464
0.710449 4.39098
0.709961 4.37456
0.709473 4.36073
0.708984 4.3453
0.708496 4.3305
0.708008 4.31919
0.70752 4.30066
0.707031 4.28393
0.706543 4.26965
0.706055 4.25381
0.705566 4.2374
0.705078 4.21966
0.70459 4.20351
0.704102 4.18672
0.703613 4.1714
0.703125 4.15203
0.702637 4.13695
0.702148 4.11826
0.70166 4.09846
0.701172 4.08422
0.700684 4.06831
0.700195 4.05205
0.699707 4.03552
0.699219 4.01394
0.69873 3.99975
0.698242 3.97991
0.697754 3.96417
0.697266 3.94654
0.696777 3.92671
0.696289 3.91051
0.695801 3.89341
0.695312 3.8763
0.694824 3.85794
0.694336 3.83771
0.693848 3.82112
0.693359 3.80453
0.692871 3.78541
0.692383 3.76578
0.691895 3.74589
0.691406 3.72931
0.690918 3.71324
0.69043 3.69402
0.689941 3.67744
0.689453 3.65749
0.688965 3.64155
0.688477 3.62232
0.687988 3.60562
0.6875 3.58776
0.687012 3.56799
0.686523 3.55067
0.686035 3.53222
0.685547 3.51347
0.685059 3.4949
0.68457 3.48153
0.684082 3.46118
0.683594 3.44132
0.683105 3.42433
0.682617 3.40671
0.682129 3.39133
0.681641 3.37071
0.681152 3.3538
0.680664 3.33716
0.680176 3.31773
0.679688 3.30321
0.679199 3.28347
0.678711 3.26471
0.678223 3.24674
0.677734 3.23148
0.677246 3.21527
0.676758 3.19576
0.67627 3.17907
0.675781 3.16094
0.675293 3.15031
0.674805 3.12895
0.674316 3.11455
0.673828 3.0955
0.67334 3.07907
0.672852 3.06554
0.672363 3.0452
0.671875 3.03049
0.671387 3.01308
0.670898 2.99712
0.67041 2.97925
0.669922 2.96283
0.669434 2.94682
0.668945 2.92971
0.668457 2.91612
0.667969 2.90047
0.66748 2.8832
0.666992 2.866
0.666504 2.85286
0.666016 2.8361
0.665527 2.82048
0.665039 2.80428
0.664551 2.78929
0.664062 2.77377
0.663574 2.75909
0.663086 2.74347
0.662598 2.7296
0.662109 2.71309
0.661621 2.69786
0.661133 2.68277
0.660645 2.66763
0.660156 2.65487
0.659668 2.63699
0.65918 2.62665
0.658691 2.60993
0.658203 2.59632
0.657715 2.58057
0.657227 2.56768
0.656738 2.55058
0.65625 2.53887
0.655762 2.52465
0.655273 2.51144
0.654785 2.4976
0.654297 2.48486
0.653809 2.46903
0.65332 2.45612
0.652832 2.44279
0.652344 2.42964
0.651855 2.41625
0.651367 2.40339
0.650879 2.39151
0.650391 2.37778
0.649902 2.36493
0.649414 2.35139
0.648926 2.33853
0.648438 2.32648
0.647949 2.31221
0.647461 2.30248
0.646973 2.28648
0.646484 2.27612
0.645996 2.26148
0.645508 2.25028
0.64502 2.23931
0.644531 2.2269
0.644043 2.21268
0.643555 2.20241
0.643066 2.19097
0.642578 2.17956
0.64209 2.16834
0.641602 2.15586
0.641113 2.1459
0.640625 2.13294
0.640137 2.1227
0.639648 2.10998
0.63916 2.09918
0.638672 2.08857
0.638184 2.07715
0.637695 2.06595
0.637207 2.0554
0.636719 2.04363
0.63623 2.03302
0.635742 2.02477
0.635254 2.01318
0.634766 2.00022
0.634277 1.99131
0.633789 1.98085
0.633301 1.96935
0.632812 1.96135
0.632324 1.949
0.631836 1.94057
0.631348 1.93116
0.630859 1.92065
0.630371 1.91039
0.629883 1.8975
0.629395 1.89154
0.628906 1.88183
0.628418 1.87046
0.62793 1.8625
0.627441 1.85215
0.626953 1.8428
0.626465 1.83426
0.625977 1.82232
0.625488 1.81627
0.625 1.80689
0.624512 1.79839
0.624023 1.78721
0.623535 1.77915
0.623047 1.77141
0.622559 1.76096
0.62207 1.75302
0.621582 1.74397
0.621094 1.73546
0.620605 1.72778
0.620117 1.71762
0.619629 1.70918
0.619141 1.70034
0.618652 1.69281
0.618164 1.68419
0.617676 1.67667
0.617188 1.6693
0.616699 1.6599
0.616211 1.65269
0.615723 1.64556
0.615234 1.63728
0.614746 1.6299
0.614258 1.62174
0.61377 1.61326
0.613281 1.60603
0.612793 1.59861
0.612305 1.58941
0.611816 1.58141
0.611328 1.57727
0.61084 1.5667
0.610352 1.56205
0.609863 1.5539
0.609375 1.5478
0.608887 1.53964
0.608398 1.53134
0.60791 1.5245
0.607422 1.51839
0.606934 1.51306
0.606445 1.50422
0.605957 1.49722
0.605469 1.48957
0.60498 1.48165
0.604492 1.47673
0.604004 1.46904
0.603516 1.4643
0.603027 1.45655
0.602539 1.45064
0.602051 1.44482
0.601562 1.43654
0.601074 1.43055
0.600586 1.42502
0.600098 1.41831
0.599609 1.40882
0.599121 1.40686
0.598633 1.39886
0.598145 1.39293
0.597656 1.38629
0.597168 1.38199
0.59668 1.37525
0.596191 1.37027
0.595703 1.36365
0.595215 1.35583
0.594727 1.35104
0.594238 1.34517
0.59375 1.33994
0.593262 1.33308
0.592773 1.32882
0.592285 1.32413
0.591797 1.31587
0.591309 1.31152
0.59082 1.30502
0.590332 1.30176
0.589844 1.29533
0.589355 1.2891
0.588867 1.28455
0.588379 1.28047
0.587891 1.27431
0.587402 1.26688
0.586914 1.26409
0.586426 1.25886
0.585938 1.25286
0.585449 1.24797
0.584961 1.24119
0.584473 1.23904
0.583984 1.23294
0.583496 1.22977
0.583008 1.22335
0.58252 1.21811
0.582031 1.21449
0.581543 1.20817
0.581055 1.20654
0.580566 1.20045
0.580078 1.1946
0.57959 1.18884
0.579102 1.18531
0.578613 1.17894
0.578125 1.1766
0.577637 1.17204
0.577148 1.16677
0.57666 1.1631
0.576172 1.15946
0.575684 1.15246
0.575195 1.15128
0.574707 1.1454
0.574219 1.14051
0.57373 1.13655
0.573242 1.13111
0.572754 1.12957
0.572266 1.12425
0.571777 1.11991
0.571289 1.11523
0.570801 1.11056
0.570312 1.10488
0.569824 1.10251
0.569336 1.09785
0.568848 1.09503
0.568359 1.08971
0.567871 1.08641
0.567383 1.08111
0.566895 1.07945
0.566406 1.07469
0.565918 1.07114
0.56543 1.06756
0.564941 1.06241
0.564453 1.05933
0.563965 1.05575
0.563477 1.05298
0.562988 1.04969
0.5625 1.04419
0.562012 1.04053
0.561523 1.0385
0.561035 1.03343
0.560547 1.03008
0.560059 1.02709
0.55957 1.02305
0.559082 1.01791
0.558594 1.01667
0.558105 1.01301
0.557617 1.01028
0.557129 1.00532
0.556641 1.00294
0.556152 0.998866
0.555664 0.994474
0.555176 0.992523
0.554688 0.988268
0.554199 0.985484
0.553711 0.981458
0.553223 0.977966
0.552734 0.97481
0.552246 0.972175
0.551758 0.968888
0.55127 0.964879
0.550781 0.962935
0.550293 0.958279
0.549805 0.956845
0.549316 0.952847
0.548828 0.950464
0.54834 0.948825
0.547852 0.942972
0.547363 0.940809
0.546875 0.937028
0.546387 0.936034
0.545898 0.931149
0.54541 0.929396
0.544922 0.925947
0.544434 0.924928
0.543945 0.919444
0.543457 0.918338
0.542969 0.9144
0.54248 0.910814
0.541992 0.908188
0.541504 0.905836
0.541016 0.903634
0.540527 0.900446
0.540039 0.899761
0.539551 0.895269
0.539062 0.892821
0.538574 0.888243
0.538086 0.884654
0.537598 0.883243
0.537109 0.880719
0.536621 0.878296
0.536133 0.875363
0.535645 0.873326
0.535156 0.870542
0.534668 0.868539
0.53418 0.864768
0.533691 0.863071
0.533203 0.861271
0.532715 0.858719
0.532227 0.856402
0.531738 0.852423
0.53125 0.850231
0.530762 0.847252
0.530273 0.845896
0.529785 0.844551
0.529297 0.838812
0.528809 0.838933
0.52832 0.835822
0.527832 0.832698
0.527344 0.83173
0.526855 0.829717
0.526367 0.826134
0.525879 0.82362
0.525391 0.820755
0.524902 0.818032
0.524414 0.81768
0.523926 0.81539
0.523438 0.810342
0.522949 0.809877
0.522461 0.808293
0.521973 0.804441
0.521484 0.802617
0.520996 0.80036
0.520508 0.798594
0.52002 0.797566
0.519531 0.794037
0.519043 0.792588
0.518555 0.790274
0.518066 0.787628
0.517578 0.784757
0.51709 0.782905
0.516602 0.782207
0.516113 0.779258
0.515625 0.776463
0.515137 0.774216
0.514648 0.772528
0.51416 0.771635
0.513672 0.767455
0.513184 0.76687
0.512695 0.764458
0.512207 0.762372
0.511719 0.761575
0.51123 0.757731
0.510742 0.757275
0.510254 0.754078
0.509766 0.753141
0.509277 0.751128
0.508789 0.749902
0.508301 0.745966
0.507812 0.744757
0.507324 0.743703
0.506836 0.740959
0.506348 0.739741
0.505859 0.736539
0.505371 0.735973
0.504883 0.734049
0.504395 0.731123
0.503906 0.730869
0.503418 0.728388
0.50293 0.726833
0.502441 0.724368
0.501953 0.721488
0.501465 0.720165
0.500977 0.719495
0.500488 0.716764
0.5 0.715639
0.499512 0.713495
0.499023 0.711046
0.498535 0.710011
0.498047 0.707266
0.497559 0.70543
0.49707 0.704662
0.496582 0.703069
0.496094 0.701011
0.495605 0.698989
0.495117 0.699171
0.494629 0.696245
0.494141 0.694674
0.493652 0.692577
0.493164 0.691856
0.492676 0.689373
0.492188 0.686779
0.491699 0.686814
0.491211 0.683326
0.490723 0.682514
0.490234 0.68137
0.489746 0.680894
0.489258 0.677797
0.48877 0.676066
0.488281 0.674084
0.487793 0.672385
0.487305 0.671194
0.486816 0.670267
0.486328 0.668365
0.48584 0.666343
0.485352 0.66587
0.484863 0.663702
0.484375 0.66133
0.483887 0.660058
0.483398 0.659451
0.48291 0.65792
0.482422 0.655765
0.481934 0.654081
0.481445 0.652329
0.480957 0.651898
0.480469 0.650993
0.47998 0.648426
0.479492 0.648186
0.479004 0.646043
0.478516 0.643552
0.478027 0.642433
0.477539 0.642569
0.477051 0.639712
0.476562 0.637943
0.476074 0.636339
0.475586 0.635136
0.475098 0.63413
0.474609 0.63226
0.474121 0.630837
0.473633 0.630974
0.473145 0.629379
0.472656 0.627297
0.472168 0.624658
0.47168 0.623991
0.471191 0.623451
0.470703 0.621175
0.470215 0.620926
0.469727 0.618632
0.469238 0.617714
0.46875 0.616427
0.468262 0.615161
0.467773 0.613709
0.467285 0.613074
0.466797 0.610678
0.466309 0.610102
0.46582 0.608699
0.465332 0.607462
0.464844 0.605772
0.464355 0.603166
0.463867 0.603876
0.463379 0.601696
0.462891 0.601299
0.462402 0.599843
0.461914 0.598592
0.461426 0.597427
0.460938 0.595008
0.460449 0.595078
0.459961 0.593449
0.459473 0.591588
0.458984 0.591618
0.458496 0.588802
0.458008 0.590199
0.45752 0.587229
0.457031 0.586383
0.456543 0.585117
0.456055 0.583999
0.455566 0.583179
0.455078 0.581702
0.45459 0.579455
0.454102 0.579819
0.453613 0.577884
0.453125 0.577258
0.452637 0.576337
0.452148 0.574074
0.45166 0.574284
0.451172 0.571937
0.450684 0.571202
0.450195 0.569425
0.449707 0.568931
0.449219 0.568197
0.44873 0.566784
0.448242 0.565344
0.447754 0.565576
0.447266 0.563457
0.446777 0.562362
0.446289 0.560889
0.445801 0.559636
0.445312 0.559649
0.444824 0.558224
0.444336 0.556581
0.443848 0.555595
0.443359 0.554523
0.442871 0.553431
0.442383 0.552801
0.441895 0.552643
0.441406 0.55053
0.440918 0.550221
0.44043 0.549347
0.439941 0.54797
0.439453 0.54638
0.438965 0.546729
0.438477 0.545466
0.437988 0.543948
0.4375 0.542981
0.437012 0.541367
0.436523 0.540337
0.436035 0.539593
0.435547 0.538545
0.435059 0.538516
0.43457 0.536771
0.434082 0.535894
0.433594 0.535457
0.433105 0.533064
0.432617 0.533782
0.432129 0.531789
0.431641 0.531172
0.431152 0.530455
0.430664 0.52969
0.430176 0.528432
0.429688 0.52792
0.429199 0.525745
0.428711 0.525377
0.428223 0.523872
0.427734 0.523274
0.427246 0.52336
0.426758 0.521846
0.42627 0.521746
0.425781 0.519517
0.425293 0.51837
0.424805 0.517642
0.424316 0.51677
0.423828 0.51577
0.42334 0.516262
0.422852 0.51413
0.422363 0.513084
0.421875 0.512913
0.421387 0.511468
0.420898 0.511313
0.42041 0.509832
0.419922 0.50903
0.419434 0.508651
0.418945 0.507224
0.418457 0.506548
0.417969 0.50432
0.41748 0.50466
0.416992 0.503635
0.416504 0.503482
0.416016 0.502246
0.415527 0.499626
0.415039 0.501516
0.414551 0.498615
0.414062 0.499227
0.413574 0.498352
0.413086 0.496344
0.412598 0.495993
0.412109 0.495878
0.411621 0.495466
0.411133 0.493643
0.410645 0.493112
0.410156 0.492171
0.409668 0.491809
0.40918 0.491668
0.408691 0.489907
0.408203 0.48936
0.407715 0.488664
0.407227 0.487172
0.406738 0.486344
0.40625 0.485563
0.405762 0.484957
0.405273 0.483891
0.404785 0.483626
0.404297 0.483243
0.403809 0.481556
0.40332 0.481535
0.402832 0.480409
0.402344 0.479882
0.401855 0.479801
0.401367 0.478115
0.400879 0.477586
0.400391 0.476762
0.399902 0.476007
0.399414 0.475521
0.398926 0.473674
0.398438 0.473213
0.397949 0.473126
0.397461 0.471909
0.396973 0.471319
0.396484 0.47053
0.395996 0.469853
0.395508 0.469317
0.39502 0.468813
0.394531 0.467987
0.394043 0.466975
0.393555 0.467422
0.393066 0.465613
0.392578 0.46472
0.39209 0.464138
0.391602 0.463057
0.391113 0.46207
0.390625 0.461634
0.390137 0.461638
0.389648 0.460919
0.38916 0.459433
0.388672 0.458866
0.388184 0.458424
0.387695 0.457751
0.387207 0.457237
0.386719 0.455792
0.38623 0.455985
0.385742 0.455774
0.385254 0.454306
0.384766 0.45338
0.384277 0.453685
0.383789 0.452446
0.383301 0.451207
0.382812 0.45155
0.382324 0.450644
0.381836 0.449992
0.381348 0.449455
0.380859 0.448646
0.380371 0.447839
0.379883 0.447353
0.379395 0.445982
0.378906 0.445921
0.378418 0.44447
0.37793 0.444357
0.377441 0.443974
0.376953 0.442829
0.376465 0.441534
0.375977 0.441131
0.375488 0.441277
0.375 0.44036
0.374512 0.438725
0.374023 0.438353
0.373535 0.437696
0.373047 0.437512
0.372559 0.437067
0.37207 0.436214
0.371582 0.434631
0.371094 0.435182
0.370605 0.434058
0.370117 0.434683
0.369629 0.432592
0.369141 0.432694
0.368652 0.431835
0.368164 0.431226
0.367676 0.429943
0.367188 0.430231
0.366699 0.42893
0.366211 0.428124
0.365723 0.428411
0.365234 0.426879
0.364746 0.426785
0.364258 0.426388
0.36377 0.42533
0.363281 0.42501
0.362793 0.424922
0.362305 0.423461
0.361816 0.42245
0.361328 0.421572
0.36084 0.420736
0.360352 0.420703
0.359863 0.420911
0.359375 0.419376
0.358887 0.418488
0.358398 0.417939
0.35791 0.418668
0.357422 0.416576
0.356934 0.416485
0.356445 0.414986
0.355957 0.415519
0.355469 0.414036
0.35498 0.414498
0.354492 0.413753
0.354004 0.41177
0.353516 0.41311
0.353027 0.410958
0.352539 0.410972
0.352051 0.410522
0.351562 0.410497
0.351074 0.408983
0.350586 0.408334
0.350098 0.407077
0.349609 0.407671
0.349121 0.406451
0.348633 0.406845
0.348145 0.405342
0.347656 0.404751
0.347168 0.404077
0.34668 0.404127
0.346191 0.403499
0.345703 0.402064
0.345215 0.401776
0.344727 0.401847
0.344238 0.401403
0.34375 0.401061
0.343262 0.398893
0.342773 0.399901
0.342285 0.398284
0.341797 0.398057
0.341309 0.397529
0.34082 0.397456
0.340332 0.396114
0.339844 0.395544
0.339355 0.39593
0.338867 0.395437
0.338379 0.394458
0.337891 0.393445
0.337402 0.392945
0.336914 0.392361
0.336426 0.391303
0.335938 0.391679
0.335449 0.390195
0.334961 0.389797
0.334473 0.389068
0.333984 0.387896
0.333496 0.387794
0.333008 0.387263
0.33252 0.387051
0.332031 0.386022
0.331543 0.38615
0.331055 0.384792
0.330566 0.384615
0.330078 0.384481
0.32959 0.384087
0.329102 0.383104
0.328613 0.381997
0.328125 0.382385
0.327637 0.381402
0.327148 0.380666
0.32666 0.380275
0.326172 0.379649
0.325684 0.379284
0.325195 0.378838
0.324707 0.378215
0.324219 0.377886
0.32373 0.378089
0.323242 0.376908
0.322754 0.375541
0.322266 0.375896
0.321777 0.375266
0.321289 0.373567
0.320801 0.374076
0.320312 0.372344
0.319824 0.372718
0.319336 0.372867
0.318848 0.371529
0.318359 0.371344
0.317871 0.370364
0.317383 0.369742
0.316895 0.369679
0.316406 0.369069
0.315918 0.3684
0.31543 0.368252
0.314941 0.3671
0.314453 0.368033
0.313965 0.366663
0.313477 0.366102
0.312988 0.365009
0.3125 0.365048
0.312012 0.364958
0.311523 0.363846
0.311035 0.364001
0.310547 0.362085
0.310059 0.36353
0.30957 0.362177
0.309082 0.361205
0.308594 0.360572
0.308105 0.360089
0.307617 0.3606
0.307129 0.358245
0.306641 0.359573
0.306152 0.358448
0.305664 0.358533
0.305176 0.357861
0.304688 0.357745
0.304199 0.35712
0.303711 0.356429
0.303223 0.355401
0.302734 0.355404
0.302246 0.355016
0.301758 0.353702
0.30127 0.353966
0.300781 0.352447
0.300293 0.353544
0.299805 0.352656
0.299316 0.351598
0.298828 0.3516
0.29834 0.35052
0.297852 0.350063
0.297363 0.349848
0.296875 0.349428
0.296387 0.349869
0.295898 0.348453
0.29541 0.34875
0.294922 0.348261
0.294434 0.346198
0.293945 0.346552
0.293457 0.346041
0.292969 0.345126
0.29248 0.34484
0.291992 0.344433
0.291504 0.344312
0.291016 0.343047
0.290527 0.343201
0.290039 0.342121
0.289551 0.343327
0.289062 0.342154
0.288574 0.341241
0.288086 0.341173
0.287598 0.341363
0.287109 0.340984
0.286621 0.339158
0.286133 0.339339
0.285645 0.339276
0.285156 0.33835
0.284668 0.338512
0.28418 0.337187
0.283691 0.336868
0.283203 0.336793
0.282715 0.336797
0.282227 0.335962
0.281738 0.335073
0.28125 0.335343
0.280762 0.334702
0.280273 0.334382
0.279785 0.334635
0.279297 0.333415
0.278809 0.333801
0.27832 0.33249
0.277832 0.331428
0.277344 0.331918
0.276855 0.331169
0.276367 0.330622
0.275879 0.330914
0.275391 0.32955
0.274902 0.329449
0.274414 0.329037
0.273926 0.329307
0.273438 0.329465
0.272949 0.327942
0.272461 0.327841
0.271973 0.326926
0.271484 0.326292
0.270996 0.32635
0.270508 0.325198
0.27002 0.325359
0.269531 0.325706
0.269043 0.324786
0.268555 0.323737
0.268066 0.324039
0.267578 0.32442
0.26709 0.322639
0.266602 0.321899
0.266113 0.322455
0.265625 0.322414
0.265137 0.321351
0.264648 0.321161
0.26416 0.320531
0.263672 0.320288
0.263184 0.31998
0.262695 0.319516
0.262207 0.318777
0.261719 0.318385
0.26123 0.318576
0.260742 0.318265
0.260254 0.317533
0.259766 0.316834
0.259277 0.317031
0.258789 0.316212
0.258301 0.315902
0.257812 0.315845
0.257324 0.315151
0.256836 0.314705
0.256348 0.314387
0.255859 0.313477
0.255371 0.313759
0.254883 0.313373
0.254395 0.313316
0.253906 0.312746
0.253418 0.311796
0.25293 0.311522
0.252441 0.311565
0.251953 0.311365
0.251465 0.310853
0.250977 0.309806
0.250488 0.309804
0.25 0.308675
0.249512 0.309141
0.249023 0.309272
0.248535 0.308789
0.248047 0.308202
0.247559 0.307972
0.24707 0.307912
0.246582 0.306878
0.246094 0.306201
0.245605 0.306367
0.245117 0.306539
0.244629 0.306303
0.244141 0.304903
0.243652 0.304168
0.243164 0.304477
0.242676 0.30465
0.242188 0.304619
0.241699 0.302903
0.241211 0.302971
0.240723 0.302629
0.240234 0.302651
0.239746 0.30175
0.239258 0.301671
0.23877 0.301792
0.238281 0.301498
0.237793 0.301001
0.237305 0.301316
0.236816 0.299481
0.236328 0.29963
0.23584 0.298933
0.235352 0.298303
0.234863 0.29896
0.234375 0.298253
0.233887 0.297866
0.233398 0.297444
0.23291 0.297092
0.232422 0.297046
0.231934 0.296415
0.231445 0.295708
0.230957 0.295875
0.230469 0.295082
0.22998 0.294918
0.229492 0.294596
0.229004 0.294386
0.228516 0.294112
0.228027 0.2937
0.227539 0.293345
0.227051 0.293554
0.226562 0.292633
0.226074 0.292747
0.225586 0.29201
0.225098 0.291986
0.224609 0.291872
0.224121 0.290856
0.223633 0.290247
0.223145 0.291029
0.222656 0.290409
0.222168 0.289893
0.22168 0.289894
0.221191 0.289443
0.220703 0.289093
0.220215 0.288197
0.219727 0.288073
0.219238 0.288761
0.21875 0.287814
0.218262 0.287332
0.217773 0.28777
0.217285 0.286605
0.216797 0.286171
0.216309 0.286049
0.21582 0.285203
0.215332 0.285679
0.214844 0.285284
0.214355 0.284968
0.213867 0.284463
0.213379 0.284646
0.212891 0.284227
0.212402 0.283522
0.211914 0.28388
0.211426 0.282613
0.210938 0.283033
0.210449 0.282409
0.209961 0.282033
0.209473 0.281417
0.208984 0.28193
0.208496 0.28072
0.208008 0.28088
0.20752 0.280253
0.207031 0.28004
0.206543 0.280218
0.206055 0.278892
0.205566 0.279065
0.205078 0.279053
0.20459 0.2788
0.204102 0.278598
0.203613 0.278247
0.203125 0.278416
0.202637 0.277915
0.202148 0.277151
0.20166 0.27673
0.201172 0.276751
0.200684 0.276701
0.200195 0.2759
0.199707 0.275972
0.199219 0.275755
0.19873 0.275223
0.198242 0.274981
0.197754 0.275292
0.197266 0.275131
0.196777 0.274623
0.196289 0.273474
0.195801 0.274261
0.195312 0.272791
0.194824 0.272786
0.194336 0.272932
0.193848 0.272262
0.193359 0.272015
0.192871 0.272319
0.192383 0.271419
0.191895 0.271022
0.191406 0.270733
0.190918 0.270746
0.19043 0.269919
0.189941 0.271061
0.189453 0.270089
0.188965 0.269453
0.188477 0.269081
0.187988 0.269421
0.1875 0.269056
0.187012 0.268856
0.186523 0.268088
0.186035 0.267979
0.185547 0.26884
0.185059 0.267199
0.18457 0.267675
0.184082 0.26705
0.183594 0.266757
0.183105 0.266245
0.182617 0.265404
0.182129 0.265761
0.181641 0.265383
0.181152 0.265037
0.180664 0.264677
0.180176 0.265051
0.179688 0.264153
0.179199 0.263946
0.178711 0.263913
0.178223 0.264075
0.177734 0.263236
0.177246 0.262513
0.176758 0.263355
0.17627 0.262691
0.175781 0.262606
0.175293 0.261798
0.174805 0.262059
0.174316 0.261936
0.173828 0.261669
0.17334 0.260775
0.172852 0.261169
0.172363 0.260401
0.171875 0.261124
0.171387 0.260839
0.170898 0.259274
0.17041 0.260306
0.169922 0.259276
0.169434 0.259302
0.168945 0.258617
0.168457 0.258868
0.167969 0.258202
0.16748 0.258505
0.166992 0.258042
0.166504 0.257962
0.166016 0.257577
0.165527 0.257061
0.165039 0.256762
0.164551 0.257027
0.164062 0.257211
0.163574 0.256265
0.163086 0.255856
0.162598 0.255241
0.162109 0.254805
0.161621 0.25567
0.161133 0.254804
0.160645 0.254188
0.160156 0.253935
0.159668 0.254534
0.15918 0.254098
0.158691 0.253552
0.158203 0.253576
0.157715 0.253228
0.157227 0.252487
0.156738 0.253284
0.15625 0.252529
0.155762 0.252426
0.155273 0.252538
0.154785 0.251123
0.154297 0.251921
0.153809 0.251138
0.15332 0.251187
0.152832 0.251374
0.152344 0.250344
0.151855 0.250059
0.151367 0.250416
0.150879 0.249905
0.150391 0.249297
0.149902 0.249171
0.149414 0.24855
0.148926 0.249213
0.148438 0.248508
0.147949 0.248507
0.147461 0.247555
0.146973 0.248515
0.146484 0.248464
0.145996 0.247317
0.145508 0.247499
0.14502 0.24688
0.144531 0.246359
0.144043 0.246781
0.143555 0.246848
0.143066 0.245692
0.142578 0.245593
0.14209 0.24553
0.141602 0.244404
0.141113 0.245376
0.140625 0.245128
0.140137 0.245103
0.139648 0.244779
0.13916 0.24422
0.138672 0.244445
0.138184 0.242635
0.137695 0.243818
0.137207 0.243784
0.136719 0.242839
0.13623 0.243271
0.135742 0.241863
0.135254 0.242053
0.134766 0.241937
0.134277 0.241792
0.133789 0.24151
0.133301 0.24118
0.132812 0.241532
0.132324 0.241204
0.131836 0.240581
0.131348 0.239715
0.130859 0.240248
0.130371 0.240669
0.129883 0.23978
0.129395 0.240352
0.128906 0.24002
0.128418 0.239164
0.12793 0.238902
0.127441 0.238766
0.126953 0.239085
0.126465 0.238501
0.125977 0.238207
0.125488 0.238045
0.125 0.237944
0.124512 0.23707
0.124023 0.23709
0.123535 0.236874
0.123047 0.236623
0.122559 0.237499
0.12207 0.235869
0.121582 0.235905
0.121094 0.235617
0.120605 0.236017
0.120117 0.234608
0.119629 0.234411
0.119141 0.235005
0.118652 0.234573
0.118164 0.233919
0.117676 0.234066
0.117188 0.233378
0.116699 0.234386
0.116211 0.233074
0.115723 0.233231
0.115234 0.232511
0.114746 0.23264
0.114258 0.232508
0.11377 0.232582
0.113281 0.232409
0.112793 0.232187
0.112305 0.231756
0.111816 0.231686
0.111328 0.231058
0.11084 0.230064
0.110352 0.23178
0.109863 0.230894
0.109375 0.230465
0.108887 0.229782
0.108398 0.229652
0.10791 0.229947
0.107422 0.229453
0.106934 0.229721
0.106445 0.229201
0.105957 0.228952
0.105469 0.228631
0.10498 0.228947
0.104492 0.228632
0.104004 0.227552
0.103516 0.228024
0.103027 0.227578
0.102539 0.227216
0.102051 0.227318
0.101562 0.226966
0.101074 0.226965
0.100586 0.226587
0.100098 0.225899
0.0996094 0.226545
0.0991211 0.226082
0.0986328 0.226279
0.0981445 0.22656
0.0976562 0.225583
0.097168 0.224412
0.0966797 0.224962
0.0961914 0.224706
0.0957031 0.224705
0.0952148 0.224319
0.0947266 0.224684
0.0942383 0.223768
0.09375 0.224409
0.0932617 0.223557
0.0927734 0.223881
0.0922852 0.2231
0.0917969 0.22354
0.0913086 0.222914
0.0908203 0.222402
0.090332 0.222814
0.0898438 0.222228
0.0893555 0.221609
0.0888672 0.22196
0.0883789 0.220918
0.0878906 0.221155
0.0874023 0.22144
0.0869141 0.22138
0.0864258 0.221272
0.0859375 0.220822
0.0854492 0.220419
0.0849609 0.220455
0.0844727 0.220083
0.0839844 0.219129
0.0834961 0.219417
0.0830078 0.219644
0.0825195 0.218944
0.0820312 0.220036
0.081543 0.218244
0.0810547 0.218191
0.0805664 0.217783
0.0800781 0.21752
0.0795898 0.218127
0.0791016 0.217368
0.0786133 0.218079
0.078125 0.217864
0.0776367 0.217067
0.0771484 0.21695
0.0766602 0.216935
0.0761719 0.21684
0.0756836 0.216525
0.0751953 0.216555
0.074707 0.21643
0.0742188 0.216804
0.0737305 0.216356
0.0732422 0.216417
0.0727539 0.215517
0.0722656 0.215458
0.0717773 0.215153
0.0712891 0.215083
0.0708008 0.214618
0.0703125 0.214765
0.0698242 0.214815
0.0693359 0.214877
0.0688477 0.213808
0.0683594 0.214017
0.0678711 0.213793
0.0673828 0.213792
0.0668945 0.213512
0.0664062 0.213235
0.065918 0.21265
0.0654297 0.213231
0.0649414 0.213151
0.0644531 0.213161
0.0639648 0.212441
0.0634766 0.212348
0.0629883 0.212184
0.0625 0.212456
0.0620117 0.21207
0.0615234 0.212055
0.0610352 0.211575
0.0605469 0.210926
0.0600586 0.21113
0.0595703 0.211742
0.059082 0.210595
0.0585938 0.211501
0.0581055 0.210581
0.0576172 0.210671
0.0571289 0.210325
0.0566406 0.210428
0.0561523 0.209834
0.0556641 0.209792
0.0551758 0.209861
0.0546875 0.209995
0.0541992 0.209198
0.0537109 0.208577
0.0532227 0.209083
0.0527344 0.209425
0.0522461 0.208784
0.0517578 0.209489
0.0512695 0.208235
0.0507812 0.208209
0.050293 0.208171
0.0498047 0.207954
0.0493164 0.207546
0.0488281 0.207245
0.0483398 0.207445
0.0478516 0.207713
0.0473633 0.20731
0.046875 0.207332
0.0463867 0.206564
0.0458984 0.207528
0.0454102 0.206856
0.0449219 0.207009
0.0444336 0.20618
0.0439453 0.205667
0.043457 0.206485
0.0429688 0.205799
0.0424805 0.205989
0.0419922 0.205777
0.0415039 0.205896
0.0410156 0.205956
0.0405273 0.205386
0.0400391 0.20468
0.0395508 0.204274
0.0390625 0.204768
0.0385742 0.20489
0.0380859 0.205159
0.0375977 0.20483
0.0371094 0.204086
0.0366211 0.204431
0.0361328 0.204039
0.0356445 0.204489
0.0351562 0.203488
0.034668 0.203143
0.0341797 0.203346
0.0336914 0.202976
0.0332031 0.203051
0.0327148 0.202751
0.0322266 0.202921
0.0317383 0.203123
0.03125 0.202443
0.0307617 0.20331
0.0302734 0.20231
0.0297852 0.202202
0.0292969 0.202218
0.0288086 0.202574
0.0283203 0.202143
0.027832 0.202065
0.0273438 0.20139
0.0268555 0.202007
0.0263672 0.201315
0.0258789 0.200675
0.0253906 0.201485
0.0249023 0.200614
0.0244141 0.200323
0.0239258 0.200997
0.0234375 0.199821
0.0229492 0.200496
0.0224609 0.199944
0.0219727 0.200217
0.0214844 0.200073
0.0209961 0.199966
0.0205078 0.199429
0.0200195 0.199823
0.0195312 0.198983
0.019043 0.198349
0.0185547 0.199368
0.0180664 0.199365
0.0175781 0.198753
0.0170898 0.199051
0.0166016 0.199083
0.0161133 0.198203
0.015625 0.198034
0.0151367 0.198779
0.0146484 0.197695
0.0141602 0.197069
0.0136719 0.197347
0.0131836 0.197793
0.0126953 0.197428
0.012207 0.197712
0.0117188 0.197946
0.0112305 0.196991
0.0107422 0.196526
0.0102539 0.197012
0.00976562 0.197146
0.00927734 0.196919
0.00878906 0.196895
0.00830078 0.197213
0.0078125 0.195972
0.00732422 0.196645
0.00683594 0.19621
0.00634766 0.196081
0.00585938 0.195669
0.00537109 0.196101
0.00488281 0.196272
0.00439453 0.195231
0.00390625 0.195375
0.00341797 0.195141
0.00292969 0.19517
0.00244141 0.195134
0.00195312 0.195011
0.00146484 0.195375
0.000976562 0.194831
0.000488281 0.194655
0 0.193868
-0.000488281 0.194335
-0.000976562 0.193955
-0.00146484 0.193665
-0.00195312 0.193937
-0.00244141 0.19396
-0.00292969 0.192935
-0.00341797 0.192772
-0.00390625 0.193529
-0.00439453 0.193499
-0.00488281 0.192965
-0.00537109 0.192967
-0.00585938 0.192437
-0.00634766 0.192734
-0.00683594 0.192482
-0.00732422 0.192794
-0.0078125 0.192148
-0.00830078 0.192812
-0.00878906 0.191922
-0.00927734 0.191942
-0.00976562 0.191943
-0.0102539 0.192196
-0.0107422 0.19185
-0.0112305 0.191399
-0.0117188 0.191902
-0.012207 0.191206
-0.0126953 0.191729
-0.0131836 0.19083
-0.0136719 0.191102
-0.0141602 0.191604
-0.0146484 0.190476
-0.0151367 0.190615
-0.015625 0.190529
-0.0161133 0.189831
-0.0166016 0.190545
-0.0170898 0.190215
-0.0175781 0.190187
-0.0180664 0.190533
-0.0185547 0.18994
-0.019043 0.18999
-0.0195312 0.189278
-0.0200195 0.189928
-0.0205078 0.189428
-0.0209961 0.189125
-0.0214844 0.188983
-0.0219727 0.188826
-0.0224609 0.18875
-0.0229492 0.189507
-0.0234375 0.188423
-0.0239258 0.188343
-0.0244141 0.188467
-0.0249023 0.18836
-0.0253906 0.188784
-0.0258789 0.187794
-0.0263672 0.188437
-0.0268555 0.187513
-0.0273438 0.187531
-0.027832 0.18745
-0.0283203 0.18779
-0.0288086 0.187604
-0.0292969 0.187475
-0.0297852 0.186394
-0.0302734 0.186706
-0.0307617 0.187028
-0.03125 0.18614
-0.0317383 0.187166
-0.0322266 0.186396
-0.0327148 0.186541
-0.0332031 0.186608
-0.0336914 0.18608
-0.0341797 0.186875
-0.034668 0.186712
-0.0351562 0.186293
-0.0356445 0.185813
-0.0361328 0.185796
-0.0366211 0.185103
-0.0371094 0.185679
-0.0375977 0.185475
-0.0380859 0.185289
-0.0385742 0.184706
-0.0390625 0.185045
-0.0395508 0.184367
-0.0400391 0.184276
-0.0405273 0.18459
-0.0410156 0.185117
-0.0415039 0.184391
-0.0419922 0.18488
-0.0424805 0.183595
-0.0429688 0.183981
-0.043457 0.184486
-0.0439453 0.184563
-0.0444336 0.183997
-0.0449219 0.184137
-0.0454102 0.183773
-0.0458984 0.183541
-0.0463867 0.183615
-0.046875 0.183429
-0.0473633 0.183142
-0.0478516 0.183014
-0.0483398 0.183109
-0.0488281 0.183223
-0.0493164 0.183393
-0.0498047 0.183696
-0.050293 0.182784
-0.0507812 0.181984
-0.0512695 0.182783
-0.0517578 0.182409
-0.0522461 0.182142
-0.0527344 0.182169
-0.0532227 0.181889
-0.0537109 0.182136
-0.0541992 0.181592
-0.0546875 0.181917
-0.0551758 0.182003
-0.0556641 0.181459
-0.0561523 0.181361
-0.0566406 0.181306
-0.0571289 0.180851
-0.0576172 0.181115
-0.0581055 0.181069
-0.0585938 0.181717
-0.059082 0.1813
-0.0595703 0.180855
-0.0600586 0.180171
-0.0605469 0.180563
-0.0610352 0.180271
-0.0615234 0.179835
-0.0620117 0.180499
-0.0625 0.179688
-0.0629883 0.18014
-0.0634766 0.180376
-0.0639648 0.179813
-0.0644531 0.179304
-0.0649414 0.179896
-0.0654297 0.179377
-0.065918 0.179497
-0.0664062 0.179522
-0.0668945 0.179112
-0.0673828 0.178862
-0.0678711 0.179468
-0.0683594 0.178984
-0.0688477 0.178907
-0.0693359 0.179101
-0.0698242 0.178353
-0.0703125 0.178769
-0.0708008 0.178486
-0.0712891 0.179254
-0.0717773 0.178244
-0.0722656 0.177971
-0.0727539 0.178146
-0.0732422 0.17778
-0.0737305 0.177866
-0.0742188 0.177658
-0.074707 0.177861
-0.0751953 0.177489
-0.0756836 0.17759
-0.0761719 0.17725
-0.0766602 0.177112
-0.0771484 0.177004
-0.0776367 0.177081
-0.078125 0.176941
-0.0786133 0.176932
-0.0791016 0.176222
-0.0795898 0.176857
-0.0800781 0.177142
-0.0805664 0.176686
-0.0810547 0.176907
-0.081543 0.176304
-0.0820312 0.175845
-0.0825195 0.176518
-0.0830078 0.176511
-0.0834961 0.175848
-0.0839844 0.175579
-0.0844727 0.175086
-0.0849609 0.175996
-0.0854492 0.175581
-0.0859375 0.175403
-0.0864258 0.175382
-0.0869141 0.175241
-0.0874023 0.174938
-0.0878906 0.17538
-0.0883789 0.174679
-0.0888672 0.175116
-0.0893555 0.174741
-0.0898438 0.175231
-0.090332 0.174579
-0.0908203 0.174858
-0.0913086 0.174234
-0.0917969 0.174437
-0.0922852 0.173976
-0.0927734 0.173944
-0.0932617 0.174136
-0.09375 0.173843
-0.0942383 0.1741
-0.0947266 0.17384
-0.0952148 0.174034
-0.0957031 0.172786
-0.0961914 0.173792
-0.0966797 0.172816
-0.097168 0.173393
-0.0976562 0.173347
-0.0981445 0.173587
-0.0986328 0.173105
-0.0991211 0.17262
-0.0996094 0.172346
-0.100098 0.173105
-0.100586 0.172046
-0.101074 0.172504
-0.101562 0.172416
-0.102051 0.172477
-0.102539 0.171965
-0.103027 0.172062
-0.103516 0.172483
-0.104004 0.171898
-0.104492 0.171707
-0.10498 0.171704
-0.105469 0.171737
-0.105957 0.171487
-0.106445 0.171341
-0.106934 0.171209
-0.107422 0.170683
-0.10791 0.17078
-0.108398 0.17084
-0.108887 0.17103
-0.109375 0.170807
-0.109863 0.170404
-0.110352 0.170333
-0.11084 0.170725
-0.111328 0.170296
-0.111816 0.170187
-0.112305 0.170295
-0.112793 0.170227
-0.113281 0.170021
-0.11377 0.170825
-0.114258 0.169842
-0.114746 0.170319
-0.115234 0.170336
-0.115723 0.169457
-0.116211 0.169295
-0.116699 0.169463
-0.117188 0.169528
-0.117676 0.168872
-0.118164 0.16956
-0.118652 0.169257
-0.119141 0.168641
-0.119629 0.168829
-0.120117 0.169021
-0.120605 0.168774
-0.121094 0.168813
-0.121582 0.168783
-0.12207 0.167967
-0.122559 0.168082
-0.123047 0.169076
-0.123535 0.167662
-0.124023 0.167555
-0.124512 0.167837
-0.125 0.167848
-0.125488 0.167765
-0.125977 0.167715
-0.126465 0.167737
-0.126953 0.167054
-0.127441 0.167927
-0.12793 0.167534
-0.128418 0.167376
-0.128906 0.166896
-0.129395 0.167103
-0.129883 0.167186
-0.130371 0.166704
-0.130859 0.166986
-0.131348 0.166921
-0.131836 0.166874
-0.132324 0.166163
-0.132812 0.165964
-0.133301 0.166256
-0.133789 0.165886
-0.134277 0.166212
-0.134766 0.165952
-0.135254 0.16616
-0.135742 0.166035
-0.13623 0.165458
-0.136719 0.165316
-0.137207 0.165431
-0.137695 0.165109
-0.138184 0.165243
-0.138672 0.164658
-0.13916 0.164829
-0.139648 0.164128
-0.140137 0.165283
-0.140625 0.165038
-0.141113 0.164501
-0.141602 0.165194
-0.14209 0.164922
-0.142578 0.164837
-0.143066 0.164321
-0.143555 0.164265
-0.144043 0.16446
-0.144531 0.164155
-0.14502 0.163925
-0.145508 0.164055
-0.145996 0.162838
-0.146484 0.163248
-0.146973 0.163388
-0.147461 0.163149
-0.147949 0.163985
-0.148438 0.163631
-0.148926 0.163072
-0.149414 0.162218
-0.149902 0.162703
-0.150391 0.16278
-0.150879 0.162774
-0.151367 0.16267
-0.151855 0.162551
-0.152344 0.163091
-0.152832 0.162438
-0.15332 0.162669
-0.153809 0.162613
-0.154297 0.161779
-0.154785 0.162175
-0.155273 0.161462
-0.155762 0.161523
-0.15625 0.161631
-0.156738 0.161579
-0.157227 0.16178
-0.157715 0.161598
-0.158203 0.160678
-0.158691 0.161473
-0.15918 0.160939
-0.159668 0.160995
-0.160156 0.160822
-0.160645 0.160901
-0.161133 0.160475
-0.161621 0.160484
-0.162109 0.160213
-0.162598 0.160201
-0.163086 0.160571
-0.163574 0.159962
-0.164062 0.16016
-0.164551 0.160295
-0.165039 0.160114
-0.165527 0.159636
-0.166016 0.159537
-0.166504 0.160035
-0.166992 0.15989
-0.16748 0.159709
-0.167969 0.159012
-0.168457 0.159308
-0.168945 0.15932
-0.169434 0.159416
-0.169922 0.159013
-0.17041 0.159113
-0.170898 0.159092
-0.171387 0.159209
-0.171875 0.158856
-0.172363 0.158485
-0.172852 0.158379
-0.17334 0.158041
-0.173828 0.15815
-0.174316 0.158199
-0.174805 0.158201
-0.175293 0.158439
-0.175781 0.158096
-0.17627 0.15803
-0.176758 0.157599
-0.177246 0.157639
-0.177734 0.158006
-0.178223 0.157384
-0.178711 0.157229
-0.179199 0.157151
-0.179688 0.157154
-0.180176 0.156804
-0.180664 0.157103
-0.181152 0.157191
-0.181641 0.157093
-0.182129 0.15628
-0.182617 0.156183
-0.183105 0.156552
-0.183594 0.156974
-0.184082 0.156406
-0.18457 0.15624
-0.185059 0.156309
-0.185547 0.156487
-0.186035 0.15597
-0.186523 0.155669
-0.187012 0.156542
-0.1875 0.156219
-0.187988 0.155837
-0.188477 0.155801
-0.188965 0.155333
-0.189453 0.155291
-0.189941 0.155097
-0.19043 0.155358
-0.190918 0.155312
-0.191406 0.155345
-0.191895 0.155003
-0.192383 0.155258
-0.192871 0.154508
-0.193359 0.154785
-0.193848 0.154615
-0.194336 0.154265
-0.194824 0.154774
-0.195312 0.154894
-0.195801 0.154431
-0.196289 0.154196
-0.196777 0.154271
-0.197266 0.154117
-0.197754 0.153476
-0.198242 0.153621
-0.19873 0.153828
-0.199219 0.15321
-0.199707 0.153553
-0.200195 0.153365
-0.200684 0.152785
-0.201172 0.153521
-0.20166 0.153127
-0.202148 0.153319
-0.202637 0.152932
-0.203125 0.15323
-0.203613 0.153385
-0.204102 0.152914
-0.20459 0.152575
-0.205078 0.152712
-0.205566 0.152537
-0.206055 0.15252
-0.206543 0.152413
-0.207031 0.152473
-0.20752 0.15257
-0.208008 0.152404
-0.208496 0.151932
-0.208984 0.152163
-0.209473 0.151814
-0.209961 0.151744
-0.210449 0.151864
-0.210938 0.151714
-0.211426 0.151507
-0.211914 0.15095
-0.212402 0.151324
-0.212891 0.151142
-0.213379 0.151282
-0.213867 0.151128
-0.214355 0.151406
-0.214844 0.151056
-0.215332 0.151057
-0.21582 0.150725
-0.216309 0.15097
-0.216797 0.151333
-0.217285 0.150785
-0.217773 0.150585
-0.218262 0.150813
-0.21875 0.150339
-0.219238 0.150445
-0.219727 0.150589
-0.220215 0.150626
-0.220703 0.149884
-0.221191 0.149872
-0.22168 0.149709
-0.222168 0.149581
-0.222656 0.149628
-0.223145 0.149956
-0.223633 0.14949
-0.224121 0.149736
-0.224609 0.149284
-0.225098 0.149226
-0.225586 0.149425
-0.226074 0.14907
-0.226562 0.149111
-0.227051 0.149413
-0.227539 0.149369
-0.228027 0.148661
-0.228516 0.148688
-0.229004 0.148668
-0.229492 0.148439
-0.22998 0.148681
-0.230469 0.147914
-0.230957 0.148664
-0.231445 0.148092
-0.231934 0.148616
-0.232422 0.148531
-0.23291 0.148204
-0.233398 0.148947
-0.233887 0.148249
-0.234375 0.147563
-0.234863 0.147893
-0.235352 0.147807
-0.23584 0.148189
-0.236328 0.147659
-0.236816 0.147671
-0.237305 0.148212
-0.237793 0.147406
-0.238281 0.147062
-0.23877 0.14746
-0.239258 0.147091
-0.239746 0.147528
-0.240234 0.1475
-0.240723 0.146794
-0.241211 0.146677
-0.241699 0.146768
-0.242188 0.147129
-0.242676 0.146683
-0.243164 0.146561
-0.243652 0.146766
-0.244141 0.146714
-0.244629 0.146913
-0.245117 0.146434
-0.245605 0.146366
-0.246094 0.145749
-0.246582 0.145595
-0.24707 0.145798
-0.247559 0.14574
-0.248047 0.145965
-0.248535 0.145346
-0.249023 0.14589
-0.249512 0.146324
-0.25 0.145954
-0.250488 0.145785
-0.250977 0.145299
-0.251465 0.145104
-0.251953 0.145751
-0.252441 0.144734
-0.25293 0.145705
-0.253418 0.144995
-0.253906 0.144793
-0.254395 0.144889
-0.254883 0.144619
-0.255371 0.144451
-0.255859 0.144831
-0.256348 0.145322
-0.256836 0.14484
-0.257324 0.14454
-0.257812 0.144584
-0.258301 0.144151
-0.258789 0.144113
-0.259277 0.144109
-0.259766 0.144561
-0.260254 0.144522
-0.260742 0.143952
-0.26123 0.144287
-0.261719 0.143965
-0.262207 0.143433
-0.262695 0.14366
-0.263184 0.143907
-0.263672 0.143511
-0.26416 0.143552
-0.264648 0.143492
-0.265137 0.143291
-0.265625 0.14362
-0.266113 0.143294
-0.266602 0.143058
-0.26709 0.143367
-0.267578 0.143319
-0.268066 0.142619
-0.268555 0.143317
-0.269043 0.143073
-0.269531 0.14257
-0.27002 0.142576
-0.270508 0.142653
-0.270996 0.142724
-0.271484 0.14248
-0.271973 0.142862
-0.272461 0.142834
-0.272949 0.142157
-0.273438 0.142729
-0.273926 0.142594
-0.274414 0.142776
-0.274902 0.142374
-0.275391 0.14199
-0.275879 0.142048
-0.276367 0.142467
-0.276855 0.142193
-0.277344 0.142237
-0.277832 0.141707
-0.27832 0.142012
-0.278809 0.141829
-0.279297 0.141963
-0.279785 0.141946
-0.280273 0.14176
-0.280762 0.141238
-0.28125 0.141695
-0.281738 0.141909
-0.282227 0.141413
-0.282715 0.141174
-0.283203 0.141156
-0.283691 0.141102
-0.28418 0.141034
-0.284668 0.14093
-0.285156 0.141049
-0.285645 0.141007
-0.286133 0.141275
-0.286621 0.141556
-0.287109 0.140366
-0.287598 0.141005
-0.288086 0.140651
-0.288574 0.140701
-0.289062 0.140191
-0.289551 0.140438
-0.290039 0.140656
-0.290527 0.140509
-0.291016 0.140302
-0.291504 0.140204
-0.291992 0.140063
-0.29248 0.140079
-0.292969 0.140406
-0.293457 0.140559
-0.293945 0.139842
-0.294434 0.140136
-0.294922 0.140148
-0.29541 0.139533
-0.295898 0.140217
-0.296387 0.140116
-0.296875 0.139319
-0.297363 0.139202
-0.297852 0.1397
-0.29834 0.139055
-0.298828 0.139365
-0.299316 0.139187
-0.299805 0.139501
-0.300293 0.139077
-0.300781 0.138883
-0.30127 0.138983
-0.301758 0.138663
-0.302246 0.139253
-0.302734 0.139229
-0.303223 0.139051
-0.303711 0.139832
-0.304199 0.13892
-0.304688 0.138912
-0.305176 0.138639
-0.305664 0.138517
-0.306152 0.138917
-0.306641 0.138484
-0.307129 0.138752
-0.307617 0.138171
-0.308105 0.138684
-0.308594 0.138219
-0.309082 0.138892
-0.30957 0.138488
-0.310059 0.138338
-0.310547 0.137728
-0.311035 0.137912
-0.311523 0.137903
-0.312012 0.138187
-0.3125 0.137674
-0.312988 0.138
-0.313477 0.138012
-0.313965 0.138115
-0.314453 0.137863
-0.314941 0.137916
-0.31543 0.137657
-0.315918 0.13758
-0.316406 0.137478
-0.316895 0.137472
-0.317383 0.137427
-0.317871 0.137721
-0.318359 0.137184
-0.318848 0.137265
-0.319336 0.137497
-0.319824 0.137383
-0.320312 0.137379
-0.320801 0.137303
-0.321289 0.137237
-0.321777 0.136961
-0.322266 0.136737
-0.322754 0.136865
-0.323242 0.136828
-0.32373 0.137175
-0.324219 0.136607
-0.324707 0.137083
-0.325195 0.13635
-0.325684 0.136679
-0.326172 0.13646
-0.32666 0.136352
-0.327148 0.136154
-0.327637 0.136344
-0.328125 0.136458
-0.328613 0.136392
-0.329102 0.136594
-0.32959 0.136412
-0.330078 0.135471
-0.330566 0.136121
-0.331055 0.13634
-0.331543 0.13638
-0.332031 0.136029
-0.33252 0.135846
-0.333008 0.136131
-0.333496 0.136695
-0.333984 0.135693
-0.334473 0.136281
-0.334961 0.135688
-0.335449 0.135876
-0.335938 0.135496
-0.336426 0.135889
-0.336914 0.135496
-0.337402 0.135299
-0.337891 0.13596
-0.338379 0.135763
-0.338867 0.135552
-0.339355 0.135209
-0.339844 0.135151
-0.340332 0.135616
-0.34082 0.135032
-0.341309 0.134889
-0.341797 0.134552
-0.342285 0.134856
-0.342773 0.135298
-0.343262 0.134659
-0.34375 0.134484
-0.344238 0.134513
-0.344727 0.1343
-0.345215 0.134552
-0.345703 0.134699
-0.346191 0.133931
-0.34668 0.134342
-0.347168 0.134278
-0.347656 0.134139
-0.348145 0.134438
-0.348633 0.134141
-0.349121 0.134201
-0.349609 0.134165
-0.350098 0.133971
-0.350586 0.133663
-0.351074 0.134084
-0.351562 0.133267
-0.352051 0.133582
-0.352539 0.133859
-0.353027 0.133557
-0.353516 0.133754
-0.354004 0.133444
-0.354492 0.133985
-0.35498 0.133898
-0.355469 0.133081
-0.355957 0.133322
-0.356445 0.13316
-0.356934 0.133865
-0.357422 0.132935
-0.35791 0.132688
-0.358398 0.133005
-0.358887 0.133394
-0.359375 0.133266
-0.359863 0.133212
-0.360352 0.133115
-0.36084 0.132893
-0.361328 0.132583
-0.361816 0.132552
-0.362305 0.132828
-0.362793 0.132977
-0.363281 0.131766
-0.36377 0.132302
-0.364258 0.132121
-0.364746 0.132176
-0.365234 0.132159
-0.365723 0.13141
-0.366211 0.132412
-0.366699 0.13216
-0.367188 0.132198
-0.367676 0.131681
-0.368164 0.131925
-0.368652 0.131909
-0.369141 0.13176
-0.369629 0.132097
-0.370117 0.131379
-0.370605 0.131689
-0.371094 0.131213
-0.371582 0.131519
-0.37207 0.131402
-0.372559 0.130939
-0.373047 0.130862
-0.373535 0.131166
-0.374023 0.131148
-0.374512 0.130819
-0.375 0.131417
-0.375488 0.130808
-0.375977 0.131376
-0.376465 0.13089
-0.376953 0.131399
-0.377441 0.130952
-0.37793 0.130608
-0.378418 0.130881
-0.378906 0.130802
-0.379395 0.130748
-0.379883 0.13074
-0.380371 0.130627
-0.380859 0.130736
-0.381348 0.130368
-0.381836 0.130422
-0.382324 0.130536
-0.382812 0.131056
-0.383301 0.130335
-0.383789 0.130731
-0.384277 0.130133
-0.384766 0.130103
-0.385254 0.1307
-0.385742 0.130338
-0.38623 0.12989
-0.386719 0.129929
-0.387207 0.130295
-0.387695 0.130558
-0.388184 0.12962
-0.388672 0.129595
-0.38916 0.129433
-0.389648 0.130048
-0.390137 0.129992
-0.390625 0.129769
-0.391113 0.129508
-0.391602 0.129925
-0.39209 0.129226
-0.392578 0.129074
-0.393066 0.129314
-0.393555 0.129411
-0.394043 0.129547
-0.394531 0.128905
-0.39502 0.129406
-0.395508 0.129143
-0.395996 0.129531
-0.396484 0.129305
-0.396973 0.129032
-0.397461 0.12896
-0.397949 0.128961
-0.398438 0.128662
-0.398926 0.128827
-0.399414 0.1285
-0.399902 0.128881
-0.400391 0.129241
-0.400879 0.129159
-0.401367 0.128791
-0.401855 0.128434
-0.402344 0.128916
-0.402832 0.12887
-0.40332 0.128782
-0.403809 0.128934
-0.404297 0.128499
-0.404785 0.128375
-0.405273 0.128502
-0.405762 0.128414
-0.40625 0.128656
-0.406738 0.129053
-0.407227 0.128612
-0.407715 0.12801
-0.408203 0.12866
-0.408691 0.128101
-0.40918 0.128482
-0.409668 0.128003
-0.410156 0.128348
-0.410645 0.128053
-0.411133 0.128228
-0.411621 0.128543
-0.412109 0.12824
-0.412598 0.128199
-0.413086 0.12799
-0.413574 0.127909
-0.414062 0.127899
-0.414551 0.127927
-0.415039 0.127822
-0.415527 0.127737
-0.416016 0.127837
-0.416504 0.128009
-0.416992 0.127437
-0.41748 0.12807
-0.417969 0.127932
-0.418457 0.127519
-0.418945 0.127936
-0.419434 0.12804
-0.419922 0.12703
-0.42041 0.127286
-0.420898 0.127483
-0.421387 0.127383
-0.421875 0.127483
-0.422363 0.127633
-0.422852 0.127568
-0.42334 0.127289
-0.423828 0.126778
-0.424316 0.127539
-0.424805 0.127629
-0.425293 0.1273
-0.425781 0.127433
-0.42627 0.127045
-0.426758 0.127312
-0.427246 0.127032
-0.427734 0.127393
-0.428223 0.127033
-0.428711 0.127024
-0.429199 0.126972
-0.429688 0.127056
-0.430176 0.126974
-0.430664 0.1274
-0.431152 0.126852
-0.431641 0.12739
-0.432129 0.127141
-0.432617 0.126703
-0.433105 0.127041
-0.433594 0.127305
-0.434082 0.127197
-0.43457 0.126731
-0.435059 0.12705
-0.435547 0.126546
-0.436035 0.126769
-0.436523 0.127226
-0.437012 0.126684
-0.4375 0.1272
-0.437988 0.126515
-0.438477 0.126601
-0.438965 0.126669
-0.439453 0.126155
-0.439941 0.126275
-0.44043 0.126576
-0.440918 0.126319
-0.441406 0.126097
-0.441895 0.126493
-0.442383 0.126585
-0.442871 0.126362
-0.443359 0.126586
-0.443848 0.126989
-0.444336 0.126642
-0.444824 0.125891
-0.445312 0.126097
-0.445801 0.126353
-0.446289 0.126296
-0.446777 0.126429
-0.447266 0.126502
-0.447754 0.126634
-0.448242 0.125738
-0.44873 0.126325
-0.449219 0.126198
-0.449707 0.125578
-0.450195 0.125935
-0.450684 0.125996
-0.451172 0.125919
-0.45166 0.125857
-0.452148 0.125885
-0.452637 0.125599
-0.453125 0.12566
-0.453613 0.125974
-0.454102 0.125725
-0.45459 0.125714
-0.455078 0.125668
-0.455566 0.126262
-0.456055 0.126025
-0.456543 0.126034
-0.457031 0.125624
-0.45752 0.125792
-0.458008 0.125583
-0.458496 0.12596
-0.458984 0.125399
-0.459473 0.125476
-0.459961 0.125777
-0.460449 0.125094
-0.460938 0.125711
-0.461426 0.12598
-0.461914 0.125217
-0.462402 0.125691
-0.462891 0.125103
-0.463379 0.125863
-0.463867 0.125451
-0.464355 0.125634
-0.464844 0.125473
-0.465332 0.125264
-0.46582 0.12558
-0.466309 0.125359
-0.466797 0.125364
-0.467285 0.125283
-0.467773 0.125946
-0.468262 0.125571
-0.46875 0.125326
-0.469238 0.125679
-0.469727 0.125417
-0.470215 0.125698
-0.470703 0.125176
-0.471191 0.124937
-0.47168 0.125851
-0.472168 0.125184
-0.472656 0.125178
-0.473145 0.125119
-0.473633 0.124955
-0.474121 0.124866
-0.474609 0.125376
-0.475098 0.125041
-0.475586 0.125456
-0.476074 0.125065
-0.476562 0.125137
-0.477051 0.124826
-0.477539 0.125202
-0.478027 0.12463
-0.478516 0.125531
-0.479004 0.124666
-0.479492 0.124983
-0.47998 0.125081
-0.480469 0.125072
-0.480957 0.125143
-0.481445 0.125329
-0.481934 0.124526
-0.482422 0.125265
-0.48291 0.124586
-0.483398 0.125298
-0.483887 0.125007
-0.484375 0.124953
-0.484863 0.124623
-0.485352 0.124697
-0.48584 0.125159
-0.486328 0.124505
-0.486816 0.124526
-0.487305 0.125044
-0.487793 0.124365
-0.488281 0.124702
-0.48877 0.124715
-0.489258 0.12463
-0.489746 0.124699
-0.490234 0.124655
-0.490723 0.124699
-0.491211 0.125027
-0.491699 0.124565
-0.492188 0.124824
-0.492676 0.124443
-0.493164 0.124617
-0.493652 0.124391
-0.494141 0.124039
-0.494629 0.124307
-0.495117 0.124449
-0.495605 0.124505
-0.496094 0.124407
-0.496582 0.124762
-0.49707 0.124495
-0.497559 0.124815
-0.498047 0.124479
-0.498535 0.124688
-0.499023 0.124723
-0.499512 0.124608
-0.5 0.124469
-0.500488 0.124529
-0.500977 0.124213
-0.501465 0.12462
-0.501953 0.12457
-0.502441 0.124486
-0.50293 0.123856
-0.503418 0.124644
-0.503906 0.124328
-0.504395 0.124618
-0.504883 0.123931
-0.505371 0.124469
-0.505859 0.124401
-0.506348 0.124096
-0.506836 0.123858
-0.507324 0.124631
-0.507812 0.124554
-0.508301 0.124122
-0.508789 0.124767
-0.509277 0.124534
-0.509766 0.124137
-0.510254 0.124477
-0.510742 0.124232
-0.51123 0.124573
-0.511719 0.124222
-0.512207 0.124715
-0.512695 0.124318
-0.513184 0.12405
-0.513672 0.124456
-0.51416 0.124446
-0.514648 0.124299
-0.515137 0.124295
-0.515625 0.124313
-0.516113 0.124497
-0.516602 0.123835
-0.51709 0.124784
-0.517578 0.124955
-0.518066 0.124709
-0.518555 0.124426
-0.519043 0.124426
-0.519531 0.124684
-0.52002 0.124891
-0.520508 0.124529
-0.520996 0.124439
-0.521484 0.124614
-0.521973 0.124336
-0.522461 0.124799
-0.522949 0.124462
-0.523438 0.124611
-0.523926 0.124637
-0.524414 0.124262
-0.524902 0.124612
-0.525391 0.124787
-0.525879 0.125165
-0.526367 0.124225
-0.526855 0.124491
-0.527344 0.124894
-0.527832 0.124913
-0.52832 0.124998
-0.528809 0.124759
-0.529297 0.124644
-0.529785 0.125067
-0.530273 0.124636
-0.530762 0.125136
-0.53125 0.124919
-0.531738 0.125135
-0.532227 0.124962
-0.532715 0.125221
-0.533203 0.125231
-0.533691 0.125042
-0.53418 0.125317
-0.534668 0.124758
-0.535156 0.125431
-0.535645 0.125204
-0.536133 0.125295
-0.536621 0.124833
-0.537109 0.125009
-0.537598 0.125492
-0.538086 0.125148
-0.538574 0.125201
-0.539062 0.126231
-0.539551 0.125344
-0.540039 0.125371
-0.540527 0.125484
-0.541016 0.125201
-0.541504 0.125736
-0.541992 0.125575
-0.54248 0.125436
-0.542969 0.12571
-0.543457 0.125728
-0.543945 0.125821
-0.544434 0.125988
-0.544922 0.125886
-0.54541 0.125615
-0.545898 0.126075
-0.546387 0.125938
-0.546875 0.126025
-0.547363 0.126068
-0.547852 0.125703
-0.54834 0.126212
-0.548828 0.126069
-0.549316 0.126545
-0.549805 0.12594
-0.550293 0.12618
-0.550781 0.126256
-0.55127 0.126409
-0.551758 0.126507
-0.552246 0.126624
-0.552734 0.126442
-0.553223 0.12647
-0.553711 0.126793
-0.554199 0.126489
-0.554688 0.126837
-0.555176 0.126608
-0.555664 0.126927
-0.556152 0.126875
-0.556641 0.1264
-0.557129 0.126972
-0.557617 0.127272
-0.558105 0.126868
-0.558594 0.127392
-0.559082 0.127144
-0.55957 0.126935
-0.560059 0.127012
-0.560547 0.127084
-0.561035 0.127397
-0.561523 0.127114
-0.562012 0.127933
-0.5625 0.127387
-0.562988 0.127831
-0.563477 0.127694
-0.563965 0.1279
-0.564453 0.127984
-0.564941 0.127801
-0.56543 0.12739
-0.565918 0.127677
-0.566406 0.127862
-0.566895 0.128103
-0.567383 0.128273
-0.567871 0.127887
-0.568359 0.12801
-0.568848 0.128711
-0.569336 0.128327
-0.569824 0.12803
-0.570312 0.1281
-0.570801 0.1283
-0.571289 0.128813
-0.571777 0.128595
-0.572266 0.127906
-0.572754 0.128745
-0.573242 0.128834
-0.57373 0.128669
-0.574219 0.128973
-0.574707 0.12838
-0.575195 0.128933
-0.575684 0.128603
-0.576172 0.129247
-0.57666 0.129617
-0.577148 0.129288
-0.577637 0.128998
-0.578125 0.129432
-0.578613 0.12912
-0.579102 0.129625
-0.57959 0.129091
-0.580078 0.129636
-0.580566 0.129159
-0.581055 0.129693
-0.581543 0.12993
-0.582031 0.12998
-0.58252 0.130013
-0.583008 0.130173
-0.583496 0.130389
-0.583984 0.130545
-0.584473 0.130005
-0.584961 0.13019
-0.585449 0.129964
-0.585938 0.130383
-0.586426 0.130371
-0.586914 0.130125
-0.587402 0.13028
-0.587891 0.130464
-0.588379 0.1304
-0.588867 0.130509
-0.589355 0.130506
-0.589844 0.130989
-0.590332 0.131232
-0.59082 0.130821
-0.591309 0.130972
-0.591797 0.131229
-0.592285 0.131073
-0.592773 0.131798
-0.593262 0.131668
-0.59375 0.131114
-0.594238 0.131488
-0.594727 0.131652
-0.595215 0.131692
-0.595703 0.131349
-0.596191 0.131409
-0.59668 0.132
-0.597168 0.131254
-0.597656 0.131819
-0.598145 0.132192
-0.598633 0.13191
-0.599121 0.132239
-0.599609 0.132211
-0.600098 0.1327
-0.600586 0.132843
-0.601074 0.132665
-0.601562 0.132823
-0.602051 0.132094
-0.602539 0.132606
-0.603027 0.133228
-0.603516 0.132496
-0.604004 0.132649
-0.604492 0.132837
-0.60498 0.133106
-0.605469 0.133032
-0.605957 0.133143
-0.606445 0.133532
-0.606934 0.13312
-0.607422 0.133618
-0.60791 0.133283
-0.608398 0.133713
-0.608887 0.133577
-0.609375 0.134217
-0.609863 0.133818
-0.610352 0.133827
-0.61084 0.133525
-0.611328 0.133931
-0.611816 0.133514
-0.612305 0.134404
-0.612793 0.134244
-0.613281 0.134503
-0.61377 0.134227
-0.614258 0.134307
-0.614746 0.134441
-0.615234 0.134435
-0.615723 0.134965
-0.616211 0.135122
-0.616699 0.134964
-0.617188 0.135109
-0.617676 0.134881
-0.618164 0.134825
-0.618652 0.134917
-0.619141 0.135053
-0.619629 0.135495
-0.620117 0.135088
-0.620605 0.135464
-0.621094 0.135732
-0.621582 0.135985
-0.62207 0.135471
-0.622559 0.135462
-0.623047 0.135561
-0.623535 0.135842
-0.624023 0.136018
-0.624512 0.135913
-0.625 0.136426
-0.625488 0.136197
-0.625977 0.136315
-0.626465 0.136339
-0.626953 0.136435
-0.627441 0.136125
-0.62793 0.136672
-0.628418 0.137111
-0.628906 0.13672
-0.629395 0.137244
-0.629883 0.137332
-0.630371 0.137031
-0.630859 0.136952
-0.631348 0.137302
-0.631836 0.136845
-0.632324 0.137362
-0.632812 0.137238
-0.633301 0.137107
-0.633789 0.137926
-0.634277 0.137061
-0.634766 0.138148
-0.635254 0.138141
-0.635742 0.137864
-0.63623 0.137543
-0.636719 0.137892
-0.637207 0.137911
-0.637695 0.137696
-0.638184 0.138028
-0.638672 0.138052
-0.63916 0.13845
-0.639648 0.138229
-0.640137 0.138749
-0.640625 0.13832
-0.641113 0.138363
-0.641602 0.138761
-0.64209 0.138667
-0.642578 0.138543
-0.643066 0.138996
-0.643555 0.138254
-0.644043 0.139103
-0.644531 0.138951
-0.64502 0.138619
-0.645508 0.138852
-0.645996 0.13926
-0.646484 0.139245
-0.646973 0.139519
-0.647461 0.139189
-0.647949 0.139278
-0.648438 0.13933
-0.648926 0.139161
-0.649414 0.139298
-0.649902 0.138773
-0.650391 0.139937
-0.650879 0.139862
-0.651367 0.139343
-0.651855 0.139624
-0.652344 0.139215
-0.652832 0.139569
-0.65332 0.139458
-0.653809 0.140154
-0.654297 0.139783
-0.654785 0.139981
-0.655273 0.14006
-0.655762 0.140548
-0.65625 0.139916
-0.656738 0.140061
-0.657227 0.14055
-0.657715 0.14061
-0.658203 0.140287
-0.658691 0.140161
-0.65918 0.140185
-0.659668 0.139479
-0.660156 0.140005
-0.660645 0.140084
-0.661133 0.140281
-0.661621 0.140398
-0.662109 0.139866
-0.662598 0.1395
-0.663086 0.140068
-0.663574 0.14017
-0.664062 0.139949
-0.664551 0.140653
-0.665039 0.140396
-0.665527 0.140262
-0.666016 0.140222
-0.666504 0.140169
-0.666992 0.140734
-0.66748 0.140307
-0.667969 0.140288
-0.668457 0.140159
-0.668945 0.140201
-0.669434 0.140361
-0.669922 0.14007
-0.67041 0.139822
-0.670898 0.139906
-0.671387 0.140087
-0.671875 0.139634
-0.672363 0.140024
-0.672852 0.139916
-0.67334 0.139443
-0.673828 0.139485
-0.674316 0.139445
-0.674805 0.139433
-0.675293 0.139434
-0.675781 0.139347
-0.67627 0.139264
-0.676758 0.139373
-0.677246 0.139695
-0.677734 0.139403
-0.678223 0.13906
-0.678711 0.13845
-0.679199 0.139147
-0.679688 0.138622
-0.680176 0.138098
-0.680664 0.138258
-0.681152 0.138526
-0.681641 0.138382
-0.682129 0.138628
-0.682617 0.138177
-0.683105 0.13823
-0.683594 0.137977
-0.684082 0.137509
-0.68457 0.137683
-0.685059 0.137386
-0.685547 0.137243
-0.686035 0.137499
-0.686523 0.13694
-0.687012 0.137046
-0.6875 0.136519
-0.687988 0.136484
-0.688477 0.136904
-0.688965 0.136367
-0.689453 0.13575
-0.689941 0.136199
-0.69043 0.136219
-0.690918 0.135095
-0.691406 0.13567
-0.691895 0.135723
-0.692383 0.134951
-0.692871 0.134871
-0.693359 0.133972
-0.693848 0.13423
-0.694336 0.134159
-0.694824 0.13379
-0.695312 0.133723
-0.695801 0.133448
-0.696289 0.133221
-0.696777 0.13255
-0.697266 0.132867
-0.697754 0.132062
-0.698242 0.132561
-0.69873 0.131597
-0.699219 0.131968
-0.699707 0.131621
-0.700195 0.131374
-0.700684 0.130893
-0.701172 0.130389
-0.70166 0.129714
-0.702148 0.129635
-0.702637 0.129993
-0.703125 0.129607
-0.703613 0.128519
-0.704102 0.128071
-0.70459 0.127692
-0.705078 0.127565
-0.705566 0.126997
-0.706055 0.126553
-0.706543 0.126544
-0.707031 0.126625
-0.70752 0.125402
-0.708008 0.125089
-0.708496 0.124909
-0.708984 0.124441
-0.709473 0.124141
-0.709961 0.124014
-0.710449 0.123449
-0.710938 0.123102
-0.711426 0.122199
-0.711914 0.121642
-0.712402 0.121763
-0.712891 0.120957
-0.713379 0.120532
-0.713867 0.119562
-0.714355 0.119574
-0.714844 0.118918
-0.715332 0.11801
-0.71582 0.117948
-0.716309 0.117771
-0.716797 0.117143
-0.717285 0.11676
-0.717773 0.115899
-0.718262 0.115752
-0.71875 0.114663
-0.719238 0.114521
-0.719727 0.113749
-0.720215 0.112845
-0.720703 0.11306
-0.721191 0.112016
-0.72168 0.111399
-0.722168 0.110521
-0.722656 0.11058
-0.723145 0.109913
-0.723633 0.108844
-0.724121 0.108353
-0.724609 0.107629
-0.725098 0.106769
-0.725586 0.106583
-0.726074 0.105639
-0.726562 0.105476
-0.727051 0.104978
-0.727539 0.103737
-0.728027 0.102994
-0.728516 0.102508
-0.729004 0.10162
-0.729492 0.101294
-0.72998 0.100612
-0.730469 0.0998309
-0.730957 0.099188
-0.731445 0.0985009
-0.731934 0.0976876
-0.732422 0.0971901
-0.73291 0.0963205
-0.733398 0.095609
-0.733887 0.0945696
-0.734375 0.0940075
-0.734863 0.0936192
-0.735352 0.0923189
-0.73584 0.0916161
-0.736328 0.0907442
-0.736816 0.0900327
-0.737305 0.0892485
-0.737793 0.0885725
-0.738281 0.0878912
-0.73877 0.0869489
-0.739258 0.0863031
-0.739746 0.0852179
-0.740234 0.0843512
-0.740723 0.0835653
-0.741211 0.083399
-0.741699 0.0826178
-0.742188 0.0811593
-0.742676 0.0804734
-0.743164 0.0796125
-0.743652 0.0788028
-0.744141 0.0779715
-0.744629 0.0776332
-0.745117 0.0765084
-0.745605 0.0756952
-0.746094 0.0746082
-0.746582 0.0743676
-0.74707 0.0730876
-0.747559 0.0724429
-0.748047 0.0713391
-0.748535 0.0708124
-0.749023 0.0698039
-0.749512 0.0691325
-0.75 0.0681838
-0.750488 0.0673096
-0.750977 0.0660749
-0.751465 0.0654082
-0.751953 0.0646781
-0.752441 0.0638806
-0.75293 0.0624686
-0.753418 0.0619152
-0.753906 0.0613932
-0.754395 0.060766
-0.754883 0.0599022
-0.755371 0.0589768
-0.755859 0.0577119
-0.756348 0.056965
-0.756836 0.056425
-0.757324 0.0554984
-0.757812 0.054555
-0.758301 0.0536813
-0.758789 0.0529268
-0.759277 0.0521293
-0.759766 0.0512364
-0.760254 0.0501785
-0.760742 0.0497779
-0.76123 0.0486136
-0.761719 0.0477969
-0.762207 0.0470285
-0.762695 0.0461763
-0.763184 0.0454468
-0.763672 0.0446516
-0.76416 0.0441395
-0.764648 0.0431716
-0.765137 0.0426171
-0.765625 0.0414981
-0.766113 0.0413272
-0.766602 0.0400606
-0.76709 0.0391706
-0.767578 0.0387335
-0.768066 0.038033
-0.768555 0.0371315
-0.769043 0.0362508
-0.769531 0.035594
-0.77002 0.0351289
-0.770508 0.0343215
-0.770996 0.033724
-0.771484 0.0324044
-0.771973 0.0320626
-0.772461 0.0314784
-0.772949 0.0305153
-0.773438 0.0301095
-0.773926 0.0293823
-0.774414 0.0285145
-0.774902 0.0280872
-0.775391 0.0274269
-0.775879 0.0267346
-0.776367 0.0261608
-0.776855 0.0255464
-0.777344 0.0249919
-0.777832 0.0242804
-0.77832 0.0237293
-0.778809 0.0231806
-0.779297 0.0224952
-0.779785 0.0219122
-0.780273 0.021596
-0.780762 0.0208124
-0.78125 0.0203823
-0.781738 0.0195836
-0.782227 0.0191662
-0.782715 0.0187814
-0.783203 0.0183036
-0.783691 0.0177566
-0.78418 0.0169532
-0.784668 0.0167916
-0.785156 0.0161615
-0.785645 0.0156953
-0.786133 0.0152332
-0.786621 0.0149397
-0.787109 0.0144153
-0.787598 0.0137945
-0.788086 0.0135969
-0.788574 0.0131319
-0.789062 0.0126831
-0.789551 0.0124209
-0.790039 0.0118803
-0.790527 0.0114886
-0.791016 0.0112624
-0.791504 0.0107364
-0.791992 0.0104428
-0.79248 0.0100888
-0.792969 0.00972087
-0.793457 0.00944592
-0.793945 0.00906518
-0.794434 0.00888381
-0.794922 0.00841878
-0.79541 0.00790958
-0.795898 0.00786831
-0.796387 0.00744513
-0.796875 0.00735677
-0.797363 0.007033
-0.797852 0.00683419
-0.79834 0.00644241
-0.798828 0.00628139
-0.799316 0.00605992
-0.799805 0.00582276
-0.800293 0.00549956
-0.800781 0.00526704
-0.80127 0.00508045
-0.801758 0.00493455
-0.802246 0.00480434
-0.802734 0.0045538
-0.803223 0.00438174
-0.803711 0.00425618
-0.804199 0.00389521
-0.804688 0.00376267
-0.805176 0.00366734
-0.805664 0.00349935
-0.806152 0.00329706
-0.806641 0.00319999
-0.807129 0.00303723
-0.807617 0.00297038
-0.808105 0.00279657
-0.808594 0.00260824
-0.809082 0.00247221
-0.80957 0.00238676
-0.810059 0.00227341
-0.810547 0.00217053
-0.811035 0.00202579
-0.811523 0.00197231
-0.812012 0.00187872
-0.8125 0.00173456
-0.812988 0.00170666
-0.813477 0.00159621
-0.813965 0.00145612
-0.814453 0.00134917
-0.814941 0.00135324
-0.81543 0.00128058
-0.815918 0.0012085
-0.816406 0.00111433
-0.816895 0.00105852
-0.817383 0.000997488
-0.817871 0.000930059
-0.818359 0.000918433
-0.818848 0.000825427
-0.819336 0.000840541
-0.819824 0.000728352
-0.820312 0.000719052
-0.820801 0.0006958
-0.821289 0.000639997
-0.821777 0.000570242
-0.822266 0.000544666
-0.822754 0.000544085
-0.823242 0.000464448
-0.82373 0.000485375
-0.824219 0.000419689
-0.824707 0.000384812
-0.825195 0.000384231
-0.825684 0.000355748
-0.826172 0.00032959
-0.82666 0.000305757
-0.827148 0.000297619
-0.827637 0.000272624
-0.828125 0.000260417
-0.828613 0.000227865
-0.829102 0.000218564
-0.82959 0.000178455
-0.830078 0.000202288
-0.830566 0.000154041
-0.831055 0.000158691
-0.831543 0.000139509
-0.832031 0.000137765
-0.83252 0.000133115
-0.833008 0.000119164
-0.833496 9.59124e-05
-0.833984 0.000102307
-0.834473 8.89369e-05
-0.834961 9.06808e-05
-0.835449 7.14983e-05
-0.835938 6.51042e-05
-0.836426 6.16164e-05
-0.836914 6.10351e-05
-0.837402 5.58036e-05
-0.837891 5.69661e-05
-0.838379 4.99907e-05
-0.838867 4.53404e-05
-0.839355 4.82468e-05
-0.839844 3.95275e-05
-0.840332 3.19708e-05
-0.84082 3.31334e-05
-0.841309 2.90644e-05
-0.841797 2.79018e-05
-0.842285 2.55766e-05
-0.842773 2.15076e-05
-0.843262 1.56948e-05
-0.84375 1.86012e-05
-0.844238 1.68573e-05
-0.844727 9.3006e-06
-0.845215 1.45322e-05
-0.845703 1.27883e-05
-0.846191 9.3006e-06
-0.84668 1.10445e-05
-0.847168 5.23158e-06
-0.847656 4.6503e-06
-0.848145 6.39416e-06
-0.848633 5.81287e-06
-0.849121 4.6503e-06
-0.849609 4.06901e-06
-0.850098 5.23159e-06
-0.850586 5.23159e-06
-0.851074 4.06901e-06
-0.851562 2.90644e-06
-0.852051 3.48772e-06
-0.852539 1.16258e-06
-0.853027 2.90644e-06
-0.853516 1.74386e-06
-0.854004 2.32515e-06
-0.854492 1.16258e-06
-0.85498 2.32515e-06
-0.855469 0
-0.855957 5.81288e-07
-0.856445 5.81288e-07
-0.856934 1.16258e-06
-0.857422 5.81288e-07
-0.85791 0
-0.858398 5.81288e-07
-0.858887 1.16258e-06
-0.859375 2.32515e-06
-0.859863 0
-0.860352 1.16258e-06
-0.86084 5.81288e-07
-0.861328 5.81288e-07
-0.861816 0
-0.862305 5.81288e-07
-0.862793 5.81288e-07
-0.863281 0
-0.86377 0
-0.864258 5.81288e-07
-0.864746 0
-0.865234 0
-0.865723 0
-0.866211 0
-0.866699 0
-0.867188 0
-0.867676 0
-0.868164 0
-0.868652 0
-0.869141 0
-0.869629 0
-0.870117 0
-0.870605 0
-0.871094 0
-0.871582 0
-0.87207 0
-0.872559 0
-0.873047 0
-0.873535 0
-0.874023 0
-0.874512 0
-0.875 0
-0.875488 0
-0.875977 0
-0.876465 0
-0.876953 0
-0.877441 0
-0.87793 0
-0.878418 0
-0.878906 0
-0.879395 0
-0.879883 0
-0.880371 0
-0.880859 0
-0.881348 0
-0.881836 0
-0.882324 0
-0.882812 0
-0.883301 0
-0.883789 0
-0.884277 0
-0.884766 0
-0.885254 0
-0.885742 0
-0.88623 0
-0.886719 0
-0.887207 0
-0.887695 0
-0.888184 0
-0.888672 0
-0.88916 0
-0.889648 0
-0.890137 0
-0.890625 0
-0.891113 0
-0.891602 0
-0.89209 0
-0.892578 0
-0.893066 0
-0.893555 0
-0.894043 0
-0.894531 0
-0.89502 0
-0.895508 0
-0.895996 0
-0.896484 0
-0.896973 0
-0.897461 0
-0.897949 0
-0.898438 0
-0.898926 0
-0.899414 0
-0.899902 0
-0.900391 0
-0.900879 0
-0.901367 0
-0.901855 0
-0.902344 0
-0.902832 0
-0.90332 0
-0.903809 0
-0.904297 0
-0.904785 0
-0.905273 0
-0.905762 0
-0.90625 0
-0.906738 0
-0.907227 0
-0.907715 0
-0.908203 0
-0.908691 0
-0.90918 0
-0.909668 0
-0.910156 0
-0.910645 0
-0.911133 0
-0.911621 0
-0.912109 0
-0.912598 0
-0.913086 0
-0.913574 0
-0.914062 0
-0.914551 0
-0.915039 0
-0.915527 0
-0.916016 0
-0.916504 0
-0.916992 0
-0.91748 0
-0.917969 0
-0.918457 0
-0.918945 0
-0.919434 0
-0.919922 0
-0.92041 0
-0.920898 0
-0.921387 0
-0.921875 0
-0.922363 0
-0.922852 0
-0.92334 0
-0.923828 0
-0.924316 0
-0.924805 0
-0.925293 0
-0.925781 0
-0.92627 0
-0.926758 0
-0.927246 0
-0.927734 0
-0.928223 0
-0.928711 0
-0.929199 0
-0.929688 0
-0.930176 0
-0.930664 0
-0.931152 0
-0.931641 0
-0.932129 0
-0.932617 0
-0.933105 0
-0.933594 0
-0.934082 0
-0.93457 0
-0.935059 0
-0.935547 0
-0.936035 0
-0.936523 0
-0.937012 0
-0.9375 0
-0.937988 0
-0.938477 0
-0.938965 0
-0.939453 0
-0.939941 0
-0.94043 0
-0.940918 0
-0.941406 0
-0.941895 0
-0.942383 0
-0.942871 0
-0.943359 0
-0.943848 0
-0.944336 0
-0.944824 0
-0.945312 0
-0.945801 0
-0.946289 0
-0.946777 0
-0.947266 0
-0.947754 0
-0.948242 0
-0.94873 0
-0.949219 0
-0.949707 0
-0.950195 0
-0.950684 0
-0.951172 0
-0.95166 0
-0.952148 0
-0.952637 0
-0.953125 0
-0.953613 0
-0.954102 0
-0.95459 0
-0.955078 0
-0.955566 0
-0.956055 0
-0.956543 0
-0.957031 0
-0.95752 0
-0.958008 0
-0.958496 0
-0.958984 0
-0.959473 0
-0.959961 0
-0.960449 0
-0.960938 0
-0.961426 0
-0.961914 0
-0.962402 0
-0.962891 0
-0.963379 0
-0.963867 0
-0.964355 0
-0.964844 0
-0.965332 0
-0.96582 0
-0.966309 0
-0.966797 0
-0.967285 0
-0.967773 0
-0.968262 0
-0.96875 0
-0.969238 0
-0.969727 0
-0.970215 0
-0.970703 0
-0.971191 0
-0.97168 0
-0.972168 0
-0.972656 0
-0.973145 0
-0.973633 0
-0.974121 0
-0.974609 0
-0.975098 0
-0.975586 0
-0.976074 0
-0.976562 0
-0.977051 0
-0.977539 0
-0.978027 0
-0.978516 0
-0.979004 0
-0.979492 0
-0.97998 0
-0.980469 0
-0.980957 0
-0.981445 0
-0.981934 0
-0.982422 0
-0.98291 0
-0.983398 0
-0.983887 0
-0.984375 0
-0.984863 0
-0.985352 0
-0.98584 0
-0.986328 0
-0.986816 0
-0.987305 0
-0.987793 0
-0.988281 0
-0.98877 0
-0.989258 0
-0.989746 0
-0.990234 0
-0.990723 0
-0.991211 0
-0.991699 0
-0.992188 0
-0.992676 0
-0.993164 0
-0.993652 0
-0.994141 0
-0.994629 0
-0.995117 0
-0.995605 0
-0.996094 0
-0.996582 0
-0.99707 0
-0.997559 0
-0.998047 0
-0.998535 0
-0.999023 0
-0.999512 0
-1 0
