0.0177965 1.42867e-17
0.0178542 6.58969e-17
0.0180746 1.56131e-16
0.0186982 2.35326e-16
0.0188165 4.26961e-16
0.0188715 4.2991e-16
0.0199257 4.76202e-16
0.0206689 5.28455e-16
0.020776 2.01918e-15
0.0208749 2.98975e-15
0.0218838 3.69943e-15
0.0228999 8.09306e-15
0.0234328 9.21198e-15
0.0237017 9.94249e-15
0.0241023 2.70244e-14
0.024365 3.7972e-14
0.024538 5.7282e-14
0.024772 1.12821e-13
0.0249742 1.15659e-13
0.0250008 1.18141e-13
0.0251775 1.18833e-13
0.0254104 1.23894e-13
0.0254993 1.29004e-13
0.0255651 1.36539e-13
0.0257563 1.4013e-13
0.026137 2.27831e-13
0.0264656 2.41701e-13
0.0266266 2.57066e-13
0.027115 3.1449e-13
0.0280473 3.15515e-13
0.028754 3.20249e-13
0.0289637 5.56293e-13
0.0290827 6.27319e-13
0.0292646 8.36948e-13
0.0292802 8.40239e-13
0.0293149 9.16815e-13
0.0296499 9.40613e-13
0.0298317 9.96155e-13
0.0312618 1.03937e-12
0.0314048 1.3068e-12
0.0314371 1.3506e-12
0.0319603 1.4791e-12
0.0319967 1.70967e-12
0.0323856 1.81481e-12
0.0327424 1.98493e-12
0.0330608 2.10918e-12
0.0333095 2.14097e-12
0.0334223 2.3213e-12
0.0336471 2.3965e-12
0.0336739 2.63385e-12
0.0336793 2.70129e-12
0.033882 2.72249e-12
0.0340777 2.8155e-12
0.034457 2.83009e-12
0.0344672 3.3871e-12
0.0346815 3.5839e-12
0.0348702 3.68059e-12
0.0348789 3.87462e-12
0.0350007 3.88291e-12
0.0350254 3.95825e-12
0.0355542 4.04041e-12
0.0356833 4.11767e-12
0.0361184 4.20431e-12
0.0363097 4.46307e-12
0.0366506 4.59652e-12
0.0367007 5.13434e-12
0.0368855 5.2048e-12
0.0373736 5.67859e-12
0.0379013 6.08366e-12
0.037945 6.09851e-12
0.0380672 6.10113e-12
0.0380809 6.10677e-12
0.0382907 6.11817e-12
0.0384338 6.18695e-12
0.0384362 6.38391e-12
0.0388189 7.58156e-12
0.0389586 7.76473e-12
0.0390417 8.09502e-12
0.0390871 8.48497e-12
0.0391274 8.52724e-12
0.0393857 8.66184e-12
0.039485 9.42364e-12
0.0395853 9.779e-12
0.0398494 1.02214e-11
0.0399409 1.20276e-11
0.0399773 1.42437e-11
0.0401253 1.42549e-11
0.0404455 1.59277e-11
0.0404495 1.74651e-11
0.0406246 1.81201e-11
0.0406265 1.82657e-11
0.0406835 1.98597e-11
0.040757 2.01064e-11
0.0410222 2.11995e-11
0.0413744 2.202e-11
0.0413749 2.23146e-11
0.0415104 2.27126e-11
0.0419706 2.42288e-11
0.0421708 2.47632e-11
0.0425285 2.64229e-11
0.0426251 2.70314e-11
0.0426434 2.78444e-11
0.0432265 2.92324e-11
0.0432671 3.02185e-11
0.0432779 3.18513e-11
0.0433403 3.35465e-11
0.0433638 3.44892e-11
0.043475 3.79984e-11
0.0435199 4.39849e-11
0.0436214 4.53917e-11
0.0437124 4.55085e-11
0.0437898 4.64017e-11
0.0440731 5.26056e-11
0.0445635 5.43173e-11
0.044713 5.76596e-11
0.0447477 6.07806e-11
0.0447951 6.10739e-11
0.0451383 6.18818e-11
0.0451765 6.40557e-11
0.0451776 6.82812e-11
0.0452033 7.42324e-11
0.0452799 7.84499e-11
0.0453141 8.3912e-11
0.0457314 8.517e-11
0.0460912 8.64141e-11
0.0461089 9.54429e-11
0.0461245 9.84565e-11
0.0461962 9.85657e-11
0.0463386 9.92746e-11
0.0465494 1.02455e-10
0.0466595 1.03187e-10
0.0467465 1.11827e-10
0.0467971 1.16389e-10
0.0468013 1.21051e-10
0.0469111 1.27203e-10
0.0469543 1.30832e-10
0.0470593 1.35129e-10
0.0472112 1.40061e-10
0.0473345 1.40275e-10
0.0473367 1.50002e-10
0.047451 1.51975e-10
0.0475052 1.58528e-10
0.0476808 1.60331e-10
0.0479392 1.61532e-10
0.0481276 1.65512e-10
0.0481333 1.66528e-10
0.0481824 1.83394e-10
0.0484641 1.92819e-10
0.0485074 1.95579e-10
0.0485262 1.98721e-10
0.0486371 1.99296e-10
0.0493106 2.01329e-10
0.0494968 2.02829e-10
0.049891 2.15454e-10
0.0504052 2.225e-10
0.0506799 2.37654e-10
0.0509307 2.45132e-10
0.05098 2.46192e-10
0.0512417 2.66522e-10
0.0514929 2.66581e-10
0.0515461 2.81322e-10
0.0515504 3.23662e-10
0.0516543 3.32137e-10
0.0517435 3.37631e-10
0.0517917 3.37916e-10
0.0520021 3.63254e-10
0.0522087 3.64066e-10
0.0523405 3.68614e-10
0.0523767 3.71358e-10
0.0524558 4.03978e-10
0.0524625 4.08599e-10
0.0524861 4.20993e-10
0.052721 4.21511e-10
0.0530251 4.41236e-10
0.0530282 4.73518e-10
0.0531038 4.98707e-10
0.0531241 5.02204e-10
0.0531615 5.04141e-10
0.0534181 5.22606e-10
0.0534458 5.32792e-10
0.053447 5.34698e-10
0.0534589 5.6087e-10
0.0535816 5.69978e-10
0.0535999 5.84457e-10
0.0537466 5.84592e-10
0.0538075 5.95511e-10
0.0538145 6.03095e-10
0.05385 6.25991e-10
0.0538799 6.29222e-10
0.0539962 6.32059e-10
0.0540725 6.79956e-10
0.0541506 6.86753e-10
0.054369 6.87372e-10
0.0546901 6.99835e-10
0.0548973 7.10852e-10
0.0549922 7.18398e-10
0.0550245 7.49163e-10
0.0552287 7.61803e-10
0.0552535 7.76275e-10
0.0552819 7.92242e-10
0.0553243 7.95101e-10
0.0553508 8.09835e-10
0.0553887 8.1117e-10
0.0554212 8.1242e-10
0.0554866 8.20992e-10
0.0556638 8.28985e-10
0.0557042 8.3952e-10
0.0558081 8.43722e-10
0.0559252 8.46202e-10
0.0561106 8.50064e-10
0.0561459 8.72382e-10
0.056223 8.87149e-10
0.0562358 8.89688e-10
0.0562424 8.9688e-10
0.0562974 9.42286e-10
0.0563026 1.00338e-09
0.0564609 1.03485e-09
0.0569519 1.04217e-09
0.0569695 1.06555e-09
0.0570222 1.08978e-09
0.0574958 1.18186e-09
0.0575018 1.19243e-09
0.0575455 1.22915e-09
0.0577537 1.24366e-09
0.0577696 1.25201e-09
0.0578313 1.26179e-09
0.0580868 1.27533e-09
0.0581382 1.31247e-09
0.0581504 1.33072e-09
0.0581924 1.35702e-09
0.0582116 1.41056e-09
0.0583519 1.41592e-09
0.0584293 1.42928e-09
0.0587185 1.43007e-09
0.0587729 1.47004e-09
0.0588079 1.50189e-09
0.0588354 1.52463e-09
0.0589572 1.62286e-09
0.059085 1.62603e-09
0.0590856 1.62766e-09
0.0591585 1.66744e-09
0.0592411 1.74358e-09
0.059255 1.77702e-09
0.0593641 1.7815e-09
0.059376 1.79845e-09
0.0593814 1.81243e-09
0.0593885 1.81807e-09
0.0594116 1.8994e-09
0.0594189 1.90223e-09
0.0596874 1.9575e-09
0.0597218 1.99522e-09
0.0598264 1.99982e-09
0.0599316 2.0006e-09
0.0600774 2.054e-09
0.060149 2.0814e-09
0.0602806 2.08159e-09
0.0603597 2.08591e-09
0.0606691 2.158e-09
0.0609378 2.18753e-09
0.0609847 2.23386e-09
0.0610809 2.23557e-09
0.0612123 2.34759e-09
0.0612614 2.44219e-09
0.0614423 2.48366e-09
0.0615975 2.56346e-09
0.0617553 2.66091e-09
0.0618923 2.70686e-09
0.0619262 3.00113e-09
0.0623421 3.18231e-09
0.0624335 3.21513e-09
0.0624614 3.24707e-09
0.062607 3.42349e-09
0.0626456 3.43423e-09
0.0626479 3.44934e-09
0.0628452 3.47128e-09
0.0630344 3.58494e-09
0.0633956 3.60454e-09
0.0636391 3.65261e-09
0.0636951 3.6538e-09
0.0638941 3.65951e-09
0.0639715 3.69512e-09
0.0641643 3.70225e-09
0.0641815 3.7299e-09
0.0642302 3.84269e-09
0.064309 3.87161e-09
0.0644168 3.88515e-09
0.0645963 4.02532e-09
0.0646095 4.02859e-09
0.0647759 4.03003e-09
0.0648916 4.10072e-09
0.06504 4.21929e-09
0.0650704 4.23815e-09
0.0652486 4.27817e-09
0.0654086 4.40823e-09
0.0655511 4.5743e-09
0.0656123 4.68287e-09
0.06589 4.69463e-09
0.0659463 4.89447e-09
0.0659586 4.89816e-09
0.0660896 4.9273e-09
0.0661917 4.95082e-09
0.0662248 5.02573e-09
0.0662628 5.04369e-09
0.0663822 5.04597e-09
0.0665183 5.0912e-09
0.0666223 5.10509e-09
0.0666468 5.41539e-09
0.0667392 5.49374e-09
0.0667702 5.52142e-09
0.0668513 5.54391e-09
0.066879 5.59773e-09
0.0670117 5.6116e-09
0.0670125 5.63049e-09
0.0671101 5.64723e-09
0.0671136 5.72446e-09
0.0671763 5.82396e-09
0.0676612 5.86706e-09
0.0676778 5.89178e-09
0.0678927 5.95726e-09
0.0679321 6.19758e-09
0.0681288 6.25905e-09
0.0681717 6.29799e-09
0.0682533 6.44058e-09
0.0684123 6.47222e-09
0.068485 6.48022e-09
0.0687237 6.50266e-09
0.0687283 6.51714e-09
0.0688348 6.54985e-09
0.0689061 6.61194e-09
0.0689987 6.63156e-09
0.0690074 6.74712e-09
0.0690279 6.75772e-09
0.0690615 6.86913e-09
0.0691032 6.89365e-09
0.0691179 7.42329e-09
0.0692167 7.6446e-09
0.069278 7.65246e-09
0.0695123 7.6713e-09
0.0695531 7.76802e-09
0.06968 7.94902e-09
0.0700456 8.27504e-09
0.0700595 8.44315e-09
0.0703668 8.65782e-09
0.0704412 8.73126e-09
0.0705065 8.79276e-09
0.0706521 8.89661e-09
0.0708 9.04082e-09
0.070806 9.09649e-09
0.0709114 9.16078e-09
0.0709315 9.26415e-09
0.0709995 9.28198e-09
0.0710098 9.34078e-09
0.0710598 9.4062e-09
0.0714779 9.49715e-09
0.0715268 9.73829e-09
0.0715451 1.01351e-08
0.0715609 1.0359e-08
0.0715701 1.04347e-08
0.0715714 1.04369e-08
0.0716329 1.04419e-08
0.0718603 1.06555e-08
0.0719664 1.07249e-08
0.0720188 1.08116e-08
0.0721717 1.08614e-08
0.0721864 1.09608e-08
0.0722976 1.09649e-08
0.0723324 1.10437e-08
0.0723413 1.12221e-08
0.0723668 1.13746e-08
0.0724453 1.15395e-08
0.0725145 1.16367e-08
0.0726236 1.19345e-08
0.0726571 1.19758e-08
0.0726819 1.20477e-08
0.0726891 1.23889e-08
0.0726957 1.24296e-08
0.0728821 1.26051e-08
0.0729909 1.26623e-08
0.0731565 1.28675e-08
0.0731888 1.29068e-08
0.073198 1.30438e-08
0.0732754 1.33884e-08
0.0734506 1.34883e-08
0.0734523 1.35642e-08
0.0734746 1.36207e-08
0.0735078 1.37675e-08
0.07358 1.44792e-08
0.0737463 1.45411e-08
0.074188 1.46848e-08
0.074261 1.48445e-08
0.0743587 1.48985e-08
0.0745801 1.53008e-08
0.0746233 1.56996e-08
0.0747938 1.58317e-08
0.0749648 1.58589e-08
0.0751117 1.59686e-08
0.0752134 1.61084e-08
0.0753695 1.64603e-08
0.0753812 1.64748e-08
0.0754548 1.65489e-08
0.075502 1.65633e-08
0.0755245 1.65859e-08
0.0755312 1.66328e-08
0.0756043 1.66676e-08
0.0756909 1.67084e-08
0.0758752 1.68436e-08
0.0759531 1.68804e-08
0.0759698 1.6988e-08
0.0761277 1.71125e-08
0.0761751 1.71417e-08
0.0761987 1.71443e-08
0.0762167 1.73852e-08
0.0762491 1.75951e-08
0.0762743 1.80525e-08
0.0762991 1.80805e-08
0.0764286 1.83422e-08
0.0764691 1.85152e-08
0.0765509 1.91467e-08
0.0767224 1.91847e-08
0.0768985 1.9227e-08
0.0769171 1.93311e-08
0.0769483 1.95389e-08
0.0769675 1.95639e-08
0.0771246 1.97724e-08
0.0771653 2.0119e-08
0.0772568 2.03352e-08
0.0772813 2.03927e-08
0.0773369 2.05113e-08
0.0774087 2.05179e-08
0.0777659 2.0526e-08
0.077822 2.08591e-08
0.0779284 2.0889e-08
0.0779685 2.09014e-08
0.0782322 2.29007e-08
0.0782394 2.37563e-08
0.0782506 2.37756e-08
0.078419 2.38171e-08
0.0785033 2.38694e-08
0.0786786 2.39573e-08
0.0786927 2.4056e-08
0.0787898 2.42011e-08
0.0788221 2.42447e-08
0.0789093 2.47257e-08
0.0790671 2.49608e-08
0.0791844 2.5055e-08
0.0793124 2.5154e-08
0.079385 2.51806e-08
0.0796256 2.53361e-08
0.0798964 2.57327e-08
0.0799707 2.62896e-08
0.0800691 2.63071e-08
0.0801219 2.64736e-08
0.0801631 2.68664e-08
0.0803154 2.70477e-08
0.0804672 2.72465e-08
0.0811694 2.75186e-08
0.0811884 2.75871e-08
0.081396 2.75952e-08
0.0814165 2.78991e-08
0.0815809 2.79995e-08
0.0815857 2.80642e-08
0.0818705 2.82684e-08
0.082188 2.87034e-08
0.0822268 2.8927e-08
0.0822571 2.90757e-08
0.082603 2.91289e-08
0.0826537 2.99836e-08
0.0826839 3.01475e-08
0.0828356 3.1219e-08
0.0828563 3.21184e-08
0.0829726 3.29946e-08
0.0830022 3.33839e-08
0.0830343 3.35298e-08
0.0830743 3.38377e-08
0.0832799 3.41769e-08
0.0832984 3.41987e-08
0.0833045 3.43573e-08
0.0834622 3.49308e-08
0.0837022 3.49747e-08
0.0837674 3.51174e-08
0.0842444 3.59625e-08
0.0843927 3.6025e-08
0.0845359 3.634e-08
0.0845467 3.65859e-08
0.0845481 3.68245e-08
0.0847777 3.69676e-08
0.0848291 3.74106e-08
0.0850355 3.75938e-08
0.0850396 3.76897e-08
0.0852737 3.8044e-08
0.0853828 3.82229e-08
0.0856108 3.89072e-08
0.0856225 3.95293e-08
0.0856397 3.95934e-08
0.08582 3.9632e-08
0.0859315 3.96561e-08
0.0859528 3.98849e-08
0.0859542 4.01795e-08
0.0860034 4.05138e-08
0.0861077 4.09302e-08
0.0861713 4.10063e-08
0.0863372 4.10608e-08
0.0863821 4.12223e-08
0.0864161 4.36649e-08
0.0866229 4.38573e-08
0.0867886 4.40142e-08
0.0869145 4.52712e-08
0.0869346 4.56905e-08
0.0870482 4.63615e-08
0.0871072 4.75091e-08
0.0872165 4.7829e-08
0.0872952 4.84405e-08
0.0873825 4.8845e-08
0.0874716 4.89841e-08
0.0875336 4.93018e-08
0.087624 4.964e-08
0.0878645 4.97521e-08
0.0878748 5.02699e-08
0.0879025 5.06085e-08
0.0882019 5.14227e-08
0.0884196 5.15699e-08
0.0886596 5.29184e-08
0.0887103 5.34487e-08
0.0887268 5.35807e-08
0.0888461 5.42386e-08
0.0888918 5.44772e-08
0.0890211 5.47366e-08
0.0890372 5.49478e-08
0.0890612 5.50306e-08
0.0897159 5.53214e-08
0.089741 5.62117e-08
0.0897938 5.65548e-08
0.089828 5.65857e-08
0.089872 5.66636e-08
0.0898749 5.73749e-08
0.0899012 5.74015e-08
0.089966 5.87438e-08
0.0899994 6.02458e-08
0.0900008 6.08526e-08
0.0900576 6.12305e-08
0.0901554 6.16897e-08
0.0902436 6.18992e-08
0.0904098 6.25753e-08
0.0908259 6.3312e-08
0.09086 6.35466e-08
0.0908806 6.3652e-08
0.0909255 6.48497e-08
0.091115 6.55995e-08
0.0911947 6.57538e-08
0.0912973 6.76229e-08
0.0913968 6.97988e-08
0.0914225 7.16794e-08
0.0914327 7.33766e-08
0.0914668 7.353e-08
0.0915242 7.47428e-08
0.091566 7.55934e-08
0.0916209 7.61726e-08
0.0916412 7.63028e-08
0.0918243 7.72691e-08
0.0918513 7.78407e-08
0.0918525 7.89199e-08
0.0919352 7.91219e-08
0.0921348 7.91662e-08
0.0922133 7.95391e-08
0.0922783 8.17686e-08
0.0923622 8.27565e-08
0.0925225 8.34347e-08
0.0925312 8.37035e-08
0.0925332 8.41123e-08
0.0925373 8.46938e-08
0.0926507 8.4848e-08
0.0926546 8.49179e-08
0.0930398 8.50016e-08
0.0930495 8.50819e-08
0.0930913 8.53212e-08
0.0931522 8.61121e-08
0.093208 8.8634e-08
0.0932187 8.92539e-08
0.0932268 9.10741e-08
0.0933813 9.29316e-08
0.093487 9.46799e-08
0.093521 9.5428e-08
0.0935374 9.60365e-08
0.0935577 9.61398e-08
0.093568 9.85136e-08
0.0937477 9.89458e-08
0.0939052 1.0094e-07
0.0939276 1.0137e-07
0.0939541 1.02615e-07
0.0940254 1.02863e-07
0.0940667 1.04028e-07
0.0943862 1.05726e-07
0.094543 1.07328e-07
0.094565 1.10505e-07
0.0946255 1.12151e-07
0.0946502 1.13363e-07
0.0946603 1.13709e-07
0.0947241 1.15812e-07
0.0948221 1.17429e-07
0.0948395 1.17838e-07
0.0949149 1.17889e-07
0.0951138 1.18242e-07
0.095191 1.19192e-07
0.0953252 1.2068e-07
0.0953717 1.28485e-07
0.0955984 1.28902e-07
0.0956624 1.29979e-07
0.0958992 1.30015e-07
0.0959848 1.30188e-07
0.0960086 1.32314e-07
0.0960141 1.33976e-07
0.0960212 1.34779e-07
0.0961666 1.34903e-07
0.0962147 1.3518e-07
0.0966803 1.35606e-07
0.0967588 1.36509e-07
0.0971007 1.36624e-07
0.09712 1.40083e-07
0.0976266 1.40752e-07
0.0976618 1.41005e-07
0.0976809 1.44917e-07
0.0977157 1.47841e-07
0.0977638 1.48712e-07
0.097819 1.48903e-07
0.0979782 1.50189e-07
0.0980609 1.51607e-07
0.098114 1.51862e-07
0.0982997 1.56794e-07
0.0984605 1.58227e-07
0.0985142 1.59172e-07
0.0987164 1.59606e-07
0.098808 1.59869e-07
0.0988381 1.60469e-07
0.0990296 1.6111e-07
0.0991536 1.62669e-07
0.0995092 1.63822e-07
0.0995416 1.63995e-07
0.0997732 1.65836e-07
0.100138 1.66903e-07
0.100178 1.71464e-07
0.100515 1.72054e-07
0.100533 1.74812e-07
0.100587 1.75067e-07
0.100638 1.75439e-07
0.100836 1.75939e-07
0.100854 1.767e-07
0.100999 1.76998e-07
0.10113 1.77478e-07
0.10114 1.7955e-07
0.101208 1.81595e-07
0.101631 1.81663e-07
0.101804 1.82185e-07
0.101936 1.83085e-07
0.101955 1.83549e-07
0.102005 1.84041e-07
0.102162 1.84575e-07
0.102256 1.91574e-07
0.102437 1.93043e-07
0.102485 1.94029e-07
0.102603 1.94251e-07
0.102814 2.00257e-07
0.102834 2.00942e-07
0.102842 2.01036e-07
0.102901 2.04091e-07
0.102927 2.04591e-07
0.102986 2.04851e-07
0.103076 2.07575e-07
0.103156 2.08572e-07
0.103198 2.08661e-07
0.103356 2.09834e-07
0.103408 2.11386e-07
0.103545 2.13644e-07
0.103556 2.15597e-07
0.103766 2.16218e-07
0.103978 2.17853e-07
0.103988 2.17886e-07
0.104141 2.18426e-07
0.104173 2.20151e-07
0.104173 2.21499e-07
0.104218 2.24844e-07
0.104299 2.28146e-07
0.104369 2.2906e-07
0.104417 2.31627e-07
0.104442 2.3179e-07
0.104463 2.32172e-07
0.105047 2.33306e-07
0.105204 2.34084e-07
0.105261 2.36873e-07
0.105266 2.38584e-07
0.105397 2.40739e-07
0.105446 2.44279e-07
0.105505 2.44378e-07
0.10568 2.51581e-07
0.105946 2.52079e-07
0.106125 2.58442e-07
0.106141 2.59448e-07
0.106165 2.60852e-07
0.106291 2.62374e-07
0.106323 2.62858e-07
0.106489 2.65334e-07
0.106528 2.6831e-07
0.106618 2.68824e-07
0.106626 2.69653e-07
0.106726 2.70555e-07
0.106773 2.71099e-07
0.106884 2.752e-07
0.106951 2.77204e-07
0.10743 2.7735e-07
0.107463 2.80162e-07
0.107484 2.82084e-07
0.10781 2.85119e-07
0.107881 2.88325e-07
0.108 2.92341e-07
0.108073 2.95862e-07
0.108208 2.981e-07
0.108239 2.98154e-07
0.108476 3.00936e-07
0.108811 3.08374e-07
0.108867 3.11312e-07
0.108923 3.11407e-07
0.108952 3.15722e-07
0.109069 3.20095e-07
0.109094 3.3282e-07
0.10937 3.33436e-07
0.109465 3.36939e-07
0.109608 3.40223e-07
0.110514 3.41967e-07
0.110546 3.43214e-07
0.110662 3.43237e-07
0.110786 3.43509e-07
0.11116 3.43785e-07
0.111283 3.44759e-07
0.111409 3.4593e-07
0.111524 3.47001e-07
0.111584 3.51318e-07
0.111891 3.53766e-07
0.111935 3.53848e-07
0.111995 3.54456e-07
0.11217 3.562e-07
0.112332 3.57228e-07
0.112373 3.60002e-07
0.11252 3.62642e-07
0.112663 3.70213e-07
0.112849 3.72844e-07
0.112983 3.74781e-07
0.112996 3.81406e-07
0.11308 3.85614e-07
0.113089 3.89954e-07
0.113212 3.90798e-07
0.113302 3.93588e-07
0.113428 3.96716e-07
0.113549 4.0046e-07
0.113674 4.02494e-07
0.113676 4.04575e-07
0.113779 4.06981e-07
0.113907 4.09004e-07
0.113998 4.28528e-07
0.114062 4.31326e-07
0.114108 4.33901e-07
0.114152 4.34323e-07
0.114305 4.38709e-07
0.114362 4.40643e-07
0.114565 4.44022e-07
0.114612 4.47044e-07
0.114657 4.56125e-07
0.114696 4.58296e-07
0.114779 4.58739e-07
0.115261 4.59145e-07
0.115392 4.64168e-07
0.115523 4.66457e-07
0.115557 4.6677e-07
0.115684 4.69039e-07
0.115725 4.69463e-07
0.115992 4.73849e-07
0.116283 4.75632e-07
0.116504 4.7676e-07
0.116627 4.80052e-07
0.116676 4.84543e-07
0.116804 4.84741e-07
0.116965 4.90033e-07
0.117011 4.92683e-07
0.117093 5.05074e-07
0.117285 5.11265e-07
0.117333 5.13754e-07
0.117373 5.15961e-07
0.117696 5.22188e-07
0.117959 5.25172e-07
0.118328 5.25583e-07
0.118485 5.30469e-07
0.118533 5.30889e-07
0.118822 5.32905e-07
0.118859 5.4297e-07
0.11888 5.47947e-07
0.119171 5.59906e-07
0.119193 5.68231e-07
0.119347 5.75454e-07
0.119353 5.76131e-07
0.119462 5.79905e-07
0.11956 5.89785e-07
0.119741 5.93105e-07
0.119787 5.94131e-07
0.119917 6.0087e-07
0.120083 6.07824e-07
0.120499 6.14651e-07
0.120793 6.23074e-07
0.120885 6.24586e-07
0.120901 6.31378e-07
0.121112 6.31475e-07
0.12115 6.34475e-07
0.121479 6.36723e-07
0.12161 6.38437e-07
0.121631 6.60385e-07
0.121691 6.62227e-07
0.121735 6.68992e-07
0.122046 6.79575e-07
0.122226 6.83897e-07
0.122419 6.84432e-07
0.122491 6.88186e-07
0.122596 6.95388e-07
0.12268 6.96486e-07
0.122794 7.00478e-07
0.122924 7.01855e-07
0.122939 7.02971e-07
0.123023 7.13703e-07
0.123065 7.16184e-07
0.123196 7.38135e-07
0.123382 7.40854e-07
0.123385 7.45569e-07
0.123556 7.50067e-07
0.123643 7.55389e-07
0.123648 7.55832e-07
0.123871 7.56766e-07
0.123984 7.61004e-07
0.124009 7.64675e-07
0.124221 7.74284e-07
0.124239 7.81174e-07
0.124392 7.86352e-07
0.124397 7.86922e-07
0.124536 7.88465e-07
0.124567 7.92566e-07
0.124936 7.9401e-07
0.125113 7.99056e-07
0.125328 8.0454e-07
0.12539 8.06165e-07
0.125426 8.0933e-07
0.125496 8.10008e-07
0.125501 8.12168e-07
0.125724 8.16721e-07
0.125742 8.22216e-07
0.125937 8.27121e-07
0.126042 8.31919e-07
0.126316 8.35185e-07
0.126403 8.41901e-07
0.126601 8.45159e-07
0.126787 8.46034e-07
0.126815 8.47626e-07
0.126914 8.64652e-07
0.127046 8.74917e-07
0.127115 8.78214e-07
0.127132 8.78805e-07
0.127157 8.87972e-07
0.127181 9.00201e-07
0.127192 9.0384e-07
0.127277 9.10071e-07
0.127565 9.12365e-07
0.127655 9.27223e-07
0.127809 9.29559e-07
0.127901 9.36162e-07
0.127939 9.49929e-07
0.128126 9.59601e-07
0.128805 9.63734e-07
0.128825 9.70141e-07
0.128891 9.76674e-07
0.128903 9.77253e-07
0.128993 9.82172e-07
0.129028 9.85351e-07
0.12909 9.86164e-07
0.129162 9.86406e-07
0.129332 9.90473e-07
0.12934 9.90866e-07
0.129575 9.94731e-07
0.129739 9.97382e-07
0.129755 1.00159e-06
0.129843 1.00529e-06
0.129885 1.02319e-06
0.130187 1.02698e-06
0.13022 1.03093e-06
0.130269 1.03926e-06
0.130335 1.05126e-06
0.130356 1.06215e-06
0.130786 1.06352e-06
0.13128 1.06624e-06
0.131433 1.08116e-06
0.13161 1.08352e-06
0.131983 1.09121e-06
0.132229 1.10807e-06
0.132477 1.12238e-06
0.13252 1.12976e-06
0.132876 1.13343e-06
0.132919 1.13833e-06
0.132933 1.17549e-06
0.133191 1.19305e-06
0.133301 1.20113e-06
0.133376 1.22823e-06
0.133574 1.23679e-06
0.133656 1.2371e-06
0.133862 1.25535e-06
0.133864 1.26314e-06
0.133893 1.28514e-06
0.134029 1.29733e-06
0.134169 1.29923e-06
0.134305 1.30036e-06
0.134384 1.34089e-06
0.134424 1.35062e-06
0.134522 1.35214e-06
0.13466 1.36896e-06
0.134677 1.37087e-06
0.134831 1.38785e-06
0.13498 1.39229e-06
0.135104 1.41581e-06
0.13524 1.41773e-06
0.135313 1.44028e-06
0.135451 1.44912e-06
0.135571 1.4537e-06
0.135635 1.46511e-06
0.135653 1.47627e-06
0.135654 1.49064e-06
0.135699 1.52277e-06
0.135898 1.53109e-06
0.136032 1.55553e-06
0.136165 1.56183e-06
0.13626 1.56829e-06
0.136402 1.58212e-06
0.136406 1.59129e-06
0.136421 1.59263e-06
0.136547 1.60605e-06
0.136663 1.61616e-06
0.136695 1.62664e-06
0.136781 1.62932e-06
0.136807 1.637e-06
0.136976 1.65227e-06
0.137095 1.65982e-06
0.137281 1.6748e-06
0.137487 1.68062e-06
0.13757 1.68277e-06
0.137633 1.7088e-06
0.137657 1.7155e-06
0.137682 1.71711e-06
0.137805 1.73356e-06
0.137833 1.75643e-06
0.138023 1.76062e-06
0.138052 1.76363e-06
0.138194 1.76405e-06
0.138419 1.7653e-06
0.138458 1.78351e-06
0.138498 1.78981e-06
0.138559 1.79072e-06
0.138604 1.80471e-06
0.139064 1.8144e-06
0.139136 1.81693e-06
0.139415 1.81751e-06
0.139468 1.83365e-06
0.139477 1.83387e-06
0.139536 1.8552e-06
0.139718 1.86961e-06
0.139719 1.87239e-06
0.139767 1.89242e-06
0.139868 1.89528e-06
0.140003 1.90432e-06
0.140598 1.90823e-06
0.140648 1.91487e-06
0.140656 1.92402e-06
0.140715 1.93119e-06
0.140753 1.94023e-06
0.140754 1.94277e-06
0.140887 1.98172e-06
0.141044 1.98737e-06
0.141136 1.99358e-06
0.141155 1.99864e-06
0.141165 2.00411e-06
0.141268 2.00957e-06
0.141453 2.06146e-06
0.141489 2.09425e-06
0.141558 2.11907e-06
0.141959 2.12285e-06
0.141989 2.1377e-06
0.142007 2.1377e-06
0.14234 2.16148e-06
0.142397 2.16544e-06
0.142594 2.2152e-06
0.14272 2.2266e-06
0.142735 2.25955e-06
0.142754 2.26662e-06
0.142876 2.29054e-06
0.142879 2.30267e-06
0.14302 2.3119e-06
0.143618 2.31688e-06
0.143636 2.34319e-06
0.143638 2.34953e-06
0.143716 2.34965e-06
0.14388 2.35447e-06
0.143909 2.36181e-06
0.144055 2.36971e-06
0.144086 2.37524e-06
0.144243 2.39101e-06
0.144448 2.4096e-06
0.144501 2.41442e-06
0.144509 2.41917e-06
0.1448 2.45093e-06
0.144854 2.46354e-06
0.144977 2.46963e-06
0.145004 2.48709e-06
0.145089 2.48805e-06
0.145102 2.49876e-06
0.145298 2.54936e-06
0.145455 2.55601e-06
0.14657 2.56192e-06
0.146731 2.60204e-06
0.147036 2.63192e-06
0.14742 2.64074e-06
0.147456 2.64303e-06
0.147614 2.71337e-06
0.147967 2.71403e-06
0.149106 2.722e-06
0.149116 2.72454e-06
0.149454 2.72512e-06
0.149492 2.75969e-06
0.149533 2.76276e-06
0.149565 2.84576e-06
0.149603 2.84646e-06
0.149677 2.85856e-06
0.149774 2.86172e-06
0.149793 2.86723e-06
0.150176 2.89477e-06
0.150353 2.89542e-06
0.150585 2.98699e-06
0.150937 3.02743e-06
0.150976 3.15393e-06
0.151208 3.17614e-06
0.151531 3.17936e-06
0.151913 3.20138e-06
0.152429 3.20566e-06
0.152552 3.25348e-06
0.153075 3.2634e-06
0.153471 3.29965e-06
0.153641 3.31425e-06
0.153892 3.34825e-06
0.153933 3.3607e-06
0.153989 3.37576e-06
0.154331 3.37749e-06
0.15455 3.39173e-06
0.154563 3.42185e-06
0.154806 3.42336e-06
0.15498 3.42503e-06
0.15518 3.45858e-06
0.155217 3.48653e-06
0.155252 3.48844e-06
0.15538 3.49905e-06
0.155631 3.50109e-06
0.155708 3.54215e-06
0.155785 3.54302e-06
0.155895 3.56547e-06
0.155897 3.58428e-06
0.156019 3.6146e-06
0.156036 3.62842e-06
0.156085 3.63396e-06
0.156121 3.64145e-06
0.156125 3.64312e-06
0.15631 3.67338e-06
0.156632 3.67355e-06
0.156981 3.68849e-06
0.157101 3.70476e-06
0.157138 3.71028e-06
0.157239 3.79216e-06
0.157265 3.82795e-06
0.157349 3.85649e-06
0.157563 3.85995e-06
0.157564 3.8621e-06
0.15786 3.86799e-06
0.157864 3.87257e-06
0.157924 3.89983e-06
0.158297 3.91168e-06
0.158304 3.92255e-06
0.15855 3.93935e-06
0.158775 3.94277e-06
0.158865 3.94918e-06
0.159122 3.95956e-06
0.159205 3.96405e-06
0.159297 3.9705e-06
0.159818 4.01701e-06
0.159877 4.04601e-06
0.159939 4.04879e-06
0.160022 4.06109e-06
0.160035 4.07239e-06
0.160079 4.07781e-06
0.160147 4.07961e-06
0.160383 4.0894e-06
0.160571 4.10595e-06
0.160645 4.10782e-06
0.160795 4.12617e-06
0.160897 4.21351e-06
0.160964 4.22703e-06
0.161014 4.22881e-06
0.161109 4.34634e-06
0.161223 4.35211e-06
0.161252 4.37873e-06
0.161356 4.42397e-06
0.161373 4.47242e-06
0.161427 4.48917e-06
0.161456 4.49825e-06
0.161485 4.52738e-06
0.161718 4.53289e-06
0.161849 4.54955e-06
0.162068 4.58028e-06
0.162159 4.61161e-06
0.162234 4.61741e-06
0.162276 4.63637e-06
0.16235 4.64318e-06
0.162543 4.65387e-06
0.162854 4.83498e-06
0.163007 4.87943e-06
0.163206 4.88033e-06
0.16323 4.89935e-06
0.163435 4.929e-06
0.163457 4.96487e-06
0.163803 4.98477e-06
0.163866 4.9869e-06
0.163869 5.018e-06
0.164037 5.01974e-06
0.164092 5.05686e-06
0.164209 5.09149e-06
0.164269 5.12495e-06
0.164337 5.16392e-06
0.164353 5.19353e-06
0.164427 5.2066e-06
0.164474 5.24767e-06
0.164528 5.252e-06
0.164531 5.3025e-06
0.164534 5.31641e-06
0.165039 5.33462e-06
0.1652 5.34972e-06
0.165291 5.35877e-06
0.165408 5.38567e-06
0.165464 5.40064e-06
0.165531 5.43475e-06
0.165816 5.43843e-06
0.166288 5.45088e-06
0.166421 5.4778e-06
0.166441 5.49034e-06
0.166505 5.50877e-06
0.166518 5.5284e-06
0.166525 5.57759e-06
0.166552 5.59539e-06
0.166622 5.60734e-06
0.166716 5.6278e-06
0.166843 5.64545e-06
0.166904 5.65454e-06
0.167018 5.66128e-06
0.167298 5.67439e-06
0.167307 5.68292e-06
0.16733 5.68474e-06
0.167689 5.7944e-06
0.167806 5.83097e-06
0.168112 5.86629e-06
0.168157 5.86649e-06
0.168613 5.88422e-06
0.168754 5.90973e-06
0.168822 5.91248e-06
0.168836 5.95233e-06
0.168893 5.98493e-06
0.168932 5.99029e-06
0.169456 6.04053e-06
0.169544 6.08177e-06
0.169831 6.10479e-06
0.169876 6.13691e-06
0.170056 6.20952e-06
0.17024 6.2259e-06
0.170257 6.26544e-06
0.170307 6.27677e-06
0.170351 6.33259e-06
0.170352 6.37366e-06
0.170426 6.39978e-06
0.170643 6.42769e-06
0.17068 6.43924e-06
0.170866 6.45653e-06
0.171032 6.47406e-06
0.171202 6.4897e-06
0.171398 6.5376e-06
0.171461 6.57172e-06
0.171676 6.59769e-06
0.171725 6.77938e-06
0.171816 6.85766e-06
0.172011 6.88121e-06
0.172075 6.88272e-06
0.172089 6.92473e-06
0.172284 6.95078e-06
0.172447 6.95648e-06
0.172554 7.01092e-06
0.172846 7.09584e-06
0.173173 7.10667e-06
0.173467 7.14337e-06
0.173541 7.17608e-06
0.173569 7.20708e-06
0.173569 7.23637e-06
0.173691 7.36311e-06
0.173825 7.40189e-06
0.17383 7.41089e-06
0.174051 7.43753e-06
0.174206 7.45235e-06
0.174278 7.47627e-06
0.17452 7.51498e-06
0.174637 7.57128e-06
0.174804 7.58415e-06
0.17499 7.59302e-06
0.175051 7.59583e-06
0.175082 7.67539e-06
0.175118 7.70986e-06
0.175486 7.71985e-06
0.175624 7.73522e-06
0.175633 7.74233e-06
0.175662 7.75671e-06
0.175709 7.75723e-06
0.1759 7.84182e-06
0.175985 7.85057e-06
0.176096 7.87067e-06
0.176204 7.88253e-06
0.176328 7.95788e-06
0.176359 8.01196e-06
0.176396 8.04028e-06
0.176601 8.0408e-06
0.176605 8.14175e-06
0.176695 8.14263e-06
0.176817 8.19132e-06
0.177041 8.20449e-06
0.177433 8.41694e-06
0.177599 8.46162e-06
0.177998 8.52045e-06
0.17801 8.61933e-06
0.178185 8.64362e-06
0.17847 8.64835e-06
0.178486 8.7077e-06
0.178658 8.78385e-06
0.1793 8.78477e-06
0.179355 8.81786e-06
0.179391 8.85013e-06
0.179566 8.85363e-06
0.179668 8.98215e-06
0.179817 9.01772e-06
0.179869 9.05167e-06
0.179892 9.0738e-06
0.180138 9.20608e-06
0.180664 9.28453e-06
0.181131 9.29512e-06
0.181238 9.4053e-06
0.181423 9.40799e-06
0.181596 9.53241e-06
0.181831 9.54964e-06
0.18196 9.56534e-06
0.182234 9.63343e-06
0.18243 9.63797e-06
0.18249 9.64008e-06
0.182624 9.75253e-06
0.183113 9.7824e-06
0.183199 9.88231e-06
0.183204 9.90381e-06
0.183448 9.95901e-06
0.184136 1.00029e-05
0.184426 1.00677e-05
0.184476 1.0207e-05
0.18448 1.03297e-05
0.184884 1.04237e-05
0.185143 1.05003e-05
0.185216 1.0606e-05
0.185234 1.07839e-05
0.185259 1.08061e-05
0.185445 1.08639e-05
0.185764 1.0962e-05
0.185887 1.09738e-05
0.186015 1.10013e-05
0.186018 1.10452e-05
0.186286 1.11775e-05
0.186321 1.11789e-05
0.186424 1.1181e-05
0.186501 1.1194e-05
0.186755 1.12215e-05
0.18682 1.13339e-05
0.187071 1.13723e-05
0.187187 1.13752e-05
0.187502 1.16311e-05
0.187583 1.17218e-05
0.188123 1.17907e-05
0.18824 1.18552e-05
0.18842 1.18605e-05
0.188496 1.18875e-05
0.189173 1.19403e-05
0.189371 1.19898e-05
0.189772 1.20572e-05
0.190085 1.21492e-05
0.190256 1.21559e-05
0.19056 1.21823e-05
0.190563 1.22871e-05
0.190668 1.2292e-05
0.190939 1.23241e-05
0.191058 1.24491e-05
0.191073 1.2472e-05
0.191257 1.26112e-05
0.191501 1.26541e-05
0.191606 1.27744e-05
0.192044 1.28151e-05
0.192055 1.2975e-05
0.192072 1.30156e-05
0.192436 1.30443e-05
0.192556 1.32259e-05
0.192577 1.3227e-05
0.192982 1.32333e-05
0.193159 1.33438e-05
0.193272 1.35365e-05
0.193332 1.36276e-05
0.193337 1.37471e-05
0.193461 1.38936e-05
0.193713 1.38956e-05
0.194129 1.40379e-05
0.194247 1.42136e-05
0.194283 1.43132e-05
0.194591 1.43267e-05
0.195202 1.44524e-05
0.195229 1.4536e-05
0.195244 1.4665e-05
0.195282 1.46709e-05
0.195383 1.47474e-05
0.195692 1.48783e-05
0.19571 1.49853e-05
0.196192 1.50555e-05
0.196426 1.50653e-05
0.196501 1.51631e-05
0.196545 1.51751e-05
0.196622 1.51905e-05
0.196816 1.52439e-05
0.196944 1.53587e-05
0.196945 1.53623e-05
0.197087 1.53639e-05
0.197211 1.54146e-05
0.197364 1.5419e-05
0.197402 1.54354e-05
0.197721 1.55195e-05
0.198109 1.56551e-05
0.198799 1.57414e-05
0.198925 1.60942e-05
0.199067 1.62898e-05
0.199257 1.63565e-05
0.199372 1.64352e-05
0.199398 1.64592e-05
0.199461 1.66065e-05
0.1995 1.66278e-05
0.199543 1.67779e-05
0.199602 1.69866e-05
0.200094 1.69908e-05
0.200419 1.70134e-05
0.200844 1.70772e-05
0.200991 1.73934e-05
0.201069 1.74142e-05
0.201146 1.74471e-05
0.201375 1.74701e-05
0.201546 1.7496e-05
0.201792 1.75628e-05
0.201912 1.79397e-05
0.201993 1.79766e-05
0.202198 1.82128e-05
0.202248 1.82316e-05
0.202313 1.83442e-05
0.202572 1.83558e-05
0.20268 1.85178e-05
0.20291 1.85182e-05
0.203197 1.8563e-05
0.203347 1.85704e-05
0.203664 1.86453e-05
0.203666 1.86621e-05
0.203731 1.87858e-05
0.203917 1.88717e-05
0.204271 1.91253e-05
0.204582 1.93696e-05
0.204811 1.9545e-05
0.205209 1.96678e-05
0.205423 1.98892e-05
0.205788 1.99395e-05
0.205792 2.01325e-05
0.205879 2.02164e-05
0.206037 2.02612e-05
0.20616 2.04032e-05
0.206354 2.04843e-05
0.206814 2.07769e-05
0.206828 2.07958e-05
0.206909 2.09262e-05
0.206966 2.09464e-05
0.206967 2.10045e-05
0.207173 2.10196e-05
0.20725 2.10503e-05
0.207523 2.11562e-05
0.207667 2.1204e-05
0.207706 2.14642e-05
0.207736 2.14703e-05
0.207776 2.14833e-05
0.207949 2.15195e-05
0.208058 2.15277e-05
0.208384 2.16836e-05
0.208503 2.17605e-05
0.208644 2.17613e-05
0.208677 2.18988e-05
0.208878 2.20983e-05
0.209005 2.21689e-05
0.209594 2.21908e-05
0.209973 2.22617e-05
0.210487 2.27006e-05
0.210683 2.27166e-05
0.210767 2.28259e-05
0.2108 2.31047e-05
0.21086 2.3283e-05
0.211018 2.33231e-05
0.211066 2.33321e-05
0.211321 2.35894e-05
0.211449 2.37595e-05
0.212109 2.39285e-05
0.212114 2.39627e-05
0.21223 2.40058e-05
0.212423 2.40123e-05
0.212468 2.40738e-05
0.212532 2.40869e-05
0.212694 2.46023e-05
0.212848 2.46809e-05
0.213597 2.47077e-05
0.213686 2.47575e-05
0.213968 2.47869e-05
0.214106 2.52e-05
0.214237 2.52221e-05
0.214357 2.53733e-05
0.214357 2.5419e-05
0.214612 2.54902e-05
0.214673 2.55157e-05
0.214753 2.58436e-05
0.214777 2.59881e-05
0.214951 2.60759e-05
0.215413 2.61389e-05
0.215422 2.6261e-05
0.21545 2.63329e-05
0.215553 2.6477e-05
0.215858 2.65509e-05
0.21589 2.66668e-05
0.216224 2.69399e-05
0.216228 2.69543e-05
0.216402 2.69922e-05
0.216565 2.72715e-05
0.216769 2.73911e-05
0.216794 2.74663e-05
0.216825 2.75326e-05
0.216884 2.75515e-05
0.216896 2.76451e-05
0.216926 2.79235e-05
0.217282 2.85613e-05
0.217333 2.87307e-05
0.217373 2.87397e-05
0.217555 2.87962e-05
0.217613 2.89056e-05
0.217828 2.89898e-05
0.218509 2.91477e-05
0.218594 2.9172e-05
0.219122 2.93095e-05
0.219205 2.93439e-05
0.219468 2.95887e-05
0.219946 2.9633e-05
0.219977 2.96767e-05
0.220137 2.98421e-05
0.22037 2.98482e-05
0.22055 3.04032e-05
0.220728 3.04483e-05
0.220802 3.05437e-05
0.221494 3.09192e-05
0.221845 3.09321e-05
0.222063 3.10779e-05
0.222177 3.11631e-05
0.222205 3.12266e-05
0.222953 3.17866e-05
0.223352 3.20418e-05
0.22368 3.2161e-05
0.224418 3.22116e-05
0.224533 3.23093e-05
0.225101 3.23807e-05
0.225221 3.27771e-05
0.225371 3.28468e-05
0.226208 3.32842e-05
0.226337 3.3364e-05
0.226546 3.33867e-05
0.227015 3.35778e-05
0.22709 3.35811e-05
0.227483 3.37255e-05
0.227553 3.43129e-05
0.227586 3.43569e-05
0.227715 3.43836e-05
0.228115 3.47055e-05
0.228328 3.48351e-05
0.228569 3.48626e-05
0.22878 3.52345e-05
0.228869 3.54354e-05
0.229066 3.54626e-05
0.229468 3.54791e-05
0.229521 3.57773e-05
0.229633 3.60033e-05
0.229681 3.6004e-05
0.229774 3.65559e-05
0.229918 3.66708e-05
0.230001 3.692e-05
0.230047 3.70341e-05
0.230204 3.70539e-05
0.230364 3.73034e-05
0.23043 3.73045e-05
0.230609 3.74378e-05
0.230644 3.76397e-05
0.230841 3.77848e-05
0.230941 3.80294e-05
0.231011 3.81335e-05
0.23161 3.81515e-05
0.231736 3.85293e-05
0.232144 3.92281e-05
0.2324 3.92997e-05
0.232457 3.93056e-05
0.232527 3.94664e-05
0.232589 3.98805e-05
0.232784 3.99149e-05
0.232889 4.04719e-05
0.233024 4.05886e-05
0.233132 4.08591e-05
0.233195 4.11165e-05
0.233523 4.11252e-05
0.233724 4.11371e-05
0.233804 4.12891e-05
0.233843 4.1453e-05
0.233872 4.17149e-05
0.23402 4.17628e-05
0.234118 4.219e-05
0.234573 4.24478e-05
0.234598 4.26548e-05
0.234612 4.30246e-05
0.234635 4.33254e-05
0.23481 4.35019e-05
0.234932 4.37841e-05
0.235263 4.4047e-05
0.235724 4.41892e-05
0.235748 4.42168e-05
0.235896 4.43862e-05
0.235935 4.47064e-05
0.236004 4.48117e-05
0.236251 4.48131e-05
0.236405 4.4995e-05
0.236485 4.51099e-05
0.236671 4.51458e-05
0.236959 4.52576e-05
0.237276 4.54297e-05
0.237542 4.54353e-05
0.237578 4.55828e-05
0.237672 4.56374e-05
0.237677 4.56985e-05
0.237866 4.57808e-05
0.237876 4.61703e-05
0.237922 4.61774e-05
0.238338 4.63862e-05
0.238455 4.66396e-05
0.238585 4.68365e-05
0.238689 4.70991e-05
0.238747 4.71922e-05
0.23882 4.73496e-05
0.23883 4.75692e-05
0.2391 4.75922e-05
0.239111 4.76491e-05
0.239163 4.7777e-05
0.239248 4.78969e-05
0.239334 4.88916e-05
0.239434 4.91419e-05
0.239482 4.95089e-05
0.240312 5.02126e-05
0.240693 5.05674e-05
0.241059 5.10263e-05
0.241832 5.16213e-05
0.242069 5.1944e-05
0.242117 5.20032e-05
0.242208 5.21287e-05
0.242294 5.22651e-05
0.242489 5.28095e-05
0.242759 5.2923e-05
0.243037 5.31124e-05
0.243607 5.33042e-05
0.243779 5.40904e-05
0.244696 5.41639e-05
0.244951 5.41892e-05
0.244976 5.44415e-05
0.245125 5.48111e-05
0.245727 5.52635e-05
0.245747 5.55805e-05
0.24583 5.57207e-05
0.246241 5.59547e-05
0.246542 5.60465e-05
0.246732 5.61178e-05
0.246763 5.64464e-05
0.246995 5.65313e-05
0.247017 5.67355e-05
0.247078 5.71251e-05
0.247417 5.73461e-05
0.247922 5.75045e-05
0.248044 5.81226e-05
0.248198 6.01281e-05
0.248538 6.01971e-05
0.248704 6.04801e-05
0.248763 6.11822e-05
0.249293 6.16096e-05
0.249487 6.23143e-05
0.249569 6.23672e-05
0.249692 6.29667e-05
0.250022 6.34624e-05
0.250161 6.40417e-05
0.250253 6.44008e-05
0.25048 6.47163e-05
0.250484 6.47653e-05
0.250701 6.54687e-05
0.251069 6.55084e-05
0.251299 6.55831e-05
0.252509 6.58099e-05
0.252586 6.61692e-05
0.252786 6.72103e-05
0.252858 6.81493e-05
0.253601 6.8212e-05
0.253682 6.8426e-05
0.253931 6.8864e-05
0.25417 6.88749e-05
0.254175 6.89012e-05
0.254188 6.93002e-05
0.254316 6.94511e-05
0.254357 6.94615e-05
0.254641 6.96644e-05
0.254789 6.97096e-05
0.254855 6.98544e-05
0.255106 6.99699e-05
0.25537 7.04978e-05
0.255373 7.16487e-05
0.255393 7.22451e-05
0.256222 7.32131e-05
0.25632 7.39665e-05
0.256429 7.39774e-05
0.256727 7.44173e-05
0.257119 7.44294e-05
0.257234 7.45205e-05
0.257311 7.4739e-05
0.25747 7.47492e-05
0.257568 7.49316e-05
0.257813 7.56408e-05
0.25782 7.60086e-05
0.258231 7.67239e-05
0.258592 7.67474e-05
0.258735 7.7372e-05
0.259362 7.76919e-05
0.259808 7.77781e-05
0.260153 7.79183e-05
0.260471 7.88657e-05
0.260551 7.9288e-05
0.260769 7.93033e-05
0.261713 7.93154e-05
0.262828 7.93857e-05
0.263083 7.95736e-05
0.263168 7.9906e-05
0.26318 8.05251e-05
0.263295 8.08199e-05
0.263472 8.09554e-05
0.263837 8.16403e-05
0.26387 8.21719e-05
0.26427 8.21834e-05
0.264478 8.22389e-05
0.264635 8.23081e-05
0.26533 8.29187e-05
0.265466 8.29811e-05
0.265483 8.30709e-05
0.265519 8.36732e-05
0.265693 8.4693e-05
0.265952 8.5106e-05
0.266319 8.52839e-05
0.267453 8.5519e-05
0.26794 8.66723e-05
0.267957 8.67139e-05
0.268372 8.68177e-05
0.268656 8.72656e-05
0.268857 8.77284e-05
0.269345 8.85496e-05
0.26938 8.8827e-05
0.269492 8.93947e-05
0.269773 8.96386e-05
0.269789 8.97839e-05
0.269795 8.99168e-05
0.270174 9.08825e-05
0.270193 9.09673e-05
0.270228 9.11799e-05
0.27039 9.1351e-05
0.270505 9.17006e-05
0.270684 9.32335e-05
0.270751 9.41195e-05
0.271086 9.41196e-05
0.271129 9.45814e-05
0.271327 9.47332e-05
0.271361 9.49735e-05
0.271573 9.49843e-05
0.272179 9.53594e-05
0.272806 9.64196e-05
0.273527 9.66996e-05
0.273566 9.72217e-05
0.274008 9.89234e-05
0.274168 0.000100379
0.274275 0.000101163
0.274401 0.000102261
0.274731 0.000102599
0.274931 0.000102657
0.276106 0.000103203
0.276222 0.000103975
0.276842 0.00010421
0.276851 0.000104529
0.277388 0.000106442
0.277449 0.00010831
0.277507 0.000108554
0.277791 0.000109
0.278075 0.000109519
0.278248 0.000109891
0.278522 0.00010996
0.278897 0.000109978
0.27894 0.000110745
0.279278 0.000111333
0.279313 0.000111485
0.27964 0.000112509
0.279938 0.000112812
0.28065 0.000113063
0.280664 0.000114635
0.280847 0.000114881
0.280973 0.000115504
0.281179 0.00011713
0.281241 0.000117418
0.281419 0.000120075
0.281466 0.000121073
0.281756 0.000122771
0.281828 0.000123421
0.282256 0.000123693
0.282761 0.000125187
0.282847 0.000126312
0.283158 0.000126845
0.283846 0.000127257
0.284282 0.000127921
0.284293 0.000129307
0.284334 0.00013142
0.284772 0.000131649
0.285101 0.000132679
0.285238 0.00013286
0.285306 0.000133363
0.285535 0.000135159
0.28597 0.00013606
0.286069 0.000136088
0.286837 0.000136746
0.287043 0.000137522
0.287267 0.000137771
0.287685 0.000137982
0.287695 0.000139516
0.28783 0.000140233
0.288225 0.000140539
0.28873 0.000142009
0.288914 0.000143771
0.288953 0.000145061
0.289086 0.000147053
0.289325 0.000148034
0.289647 0.000149163
0.2897 0.0001497
0.289904 0.000149871
0.290857 0.00015158
0.290868 0.00015161
0.290883 0.000151792
0.291204 0.000154165
0.29139 0.000154351
0.291761 0.000154603
0.291974 0.000156024
0.292064 0.000156405
0.292731 0.000156517
0.292871 0.000157267
0.293121 0.00015735
0.294013 0.000157924
0.294689 0.000157965
0.295304 0.000158891
0.295457 0.000159962
0.295655 0.000161086
0.29603 0.000162293
0.296195 0.000163166
0.297299 0.000166012
0.297449 0.000166507
0.297492 0.000166957
0.297781 0.000171023
0.297996 0.000171196
0.298008 0.000171394
0.298215 0.000172471
0.298755 0.000173328
0.298842 0.000174027
0.298954 0.000174841
0.299428 0.000175338
0.299616 0.000177016
0.299619 0.000177578
0.300015 0.000177606
0.30058 0.000178212
0.301501 0.000178353
0.301516 0.000179506
0.302125 0.00018165
0.302698 0.000183248
0.302766 0.000183299
0.302861 0.000184472
0.302949 0.000185927
0.303049 0.000187256
0.303147 0.000187635
0.303239 0.000187776
0.303334 0.000188861
0.303758 0.000189645
0.303927 0.000191148
0.303989 0.000191201
0.304101 0.000192204
0.304409 0.000193023
0.304474 0.00019306
0.305326 0.000196585
0.306265 0.000196867
0.306669 0.000200146
0.306686 0.000201487
0.306718 0.000202166
0.307084 0.000202612
0.307423 0.000202638
0.307694 0.000204897
0.307729 0.000205415
0.307968 0.000205525
0.308085 0.000205564
0.308094 0.000205924
0.308898 0.000206016
0.308926 0.000207412
0.309181 0.000207755
0.309498 0.00020778
0.309541 0.00020895
0.309586 0.00020931
0.309733 0.000211267
0.309845 0.000212282
0.309946 0.000212373
0.310606 0.000213949
0.310624 0.000216388
0.311068 0.000216458
0.31129 0.000218977
0.311367 0.000219916
0.311455 0.000220497
0.312004 0.00022171
0.312298 0.000222407
0.314037 0.000223795
0.314326 0.000227425
0.314672 0.000228843
0.314982 0.000230465
0.315094 0.00023221
0.318664 0.00023268
0.319067 0.000235069
0.319157 0.000235708
0.319446 0.000236496
0.319906 0.000239603
0.320044 0.000240203
0.320761 0.000243096
0.320763 0.000243208
0.321045 0.000246424
0.321204 0.000247664
0.321228 0.0002493
0.321419 0.000250231
0.321572 0.000251554
0.321622 0.000251836
0.321818 0.000253429
0.322346 0.000254357
0.322715 0.000255786
0.323207 0.000257656
0.323469 0.00025778
0.323546 0.00025794
0.32443 0.000261092
0.324723 0.000262171
0.324969 0.000263439
0.325215 0.000267149
0.325397 0.00026864
0.325458 0.000272388
0.325791 0.000272971
0.326488 0.000273078
0.32666 0.000278101
0.326677 0.00028027
0.327189 0.000281159
0.327405 0.000281515
0.327687 0.000282353
0.327718 0.000283792
0.328526 0.000289432
0.328951 0.000295052
0.329054 0.000298847
0.329096 0.000300725
0.329629 0.000301178
0.330055 0.000303462
0.330118 0.000303526
0.330804 0.000304101
0.331448 0.000307204
0.331944 0.000307361
0.332033 0.000308922
0.332467 0.000311853
0.332772 0.000314844
0.332979 0.000315881
0.333068 0.000315948
0.333452 0.000317767
0.333865 0.000318792
0.333922 0.000321081
0.333969 0.000321609
0.334109 0.000324269
0.334938 0.000330425
0.335673 0.00033058
0.335887 0.000330634
0.336138 0.000332221
0.336404 0.000333663
0.336865 0.000334071
0.337726 0.000335011
0.337948 0.000335389
0.338258 0.000336384
0.338284 0.000336532
0.338572 0.000337827
0.338883 0.000338372
0.33915 0.000341143
0.339487 0.000341325
0.339565 0.000341928
0.339598 0.000342115
0.339739 0.000342905
0.340395 0.000342988
0.340891 0.00034299
0.340931 0.000343478
0.341282 0.000343493
0.341804 0.000348453
0.342088 0.000351484
0.343283 0.000352301
0.343374 0.000355881
0.343685 0.000357482
0.344145 0.000358476
0.345928 0.000359091
0.346551 0.000360322
0.346736 0.000364823
0.347018 0.000365893
0.347081 0.000368631
0.347893 0.000373891
0.347913 0.000374595
0.347973 0.000376221
0.348049 0.000377739
0.348087 0.000377793
0.348184 0.000378311
0.348309 0.00038447
0.348448 0.000390387
0.348583 0.000392165
0.34889 0.000395435
0.348928 0.00040009
0.349007 0.000400768
0.349329 0.00040251
0.349379 0.000405571
0.349423 0.00040572
0.349467 0.000406752
0.349944 0.000407433
0.350501 0.000409218
0.350724 0.000421004
0.351029 0.000425416
0.351285 0.000426386
0.351989 0.000426853
0.352111 0.000429042
0.352641 0.000429658
0.353421 0.000429714
0.353657 0.000430784
0.353712 0.00043852
0.353731 0.000441838
0.354217 0.000445314
0.354292 0.000445591
0.354436 0.000453526
0.3545 0.000455733
0.354656 0.000458079
0.355357 0.000464344
0.35607 0.000466096
0.35611 0.000469854
0.356866 0.000479402
0.356993 0.000480095
0.357065 0.000480794
0.358085 0.000485136
0.358833 0.000491164
0.358847 0.000491365
0.359348 0.000500612
0.359447 0.000502863
0.359558 0.000505562
0.359564 0.000506064
0.359684 0.00051191
0.359987 0.000513784
0.360317 0.000519799
0.360334 0.000520944
0.360839 0.000522773
0.360894 0.000524373
0.36094 0.000530909
0.360962 0.000532103
0.361051 0.000532981
0.36148 0.000534517
0.36156 0.00053786
0.362088 0.000538251
0.362164 0.000538686
0.362712 0.000539132
0.362738 0.000548052
0.363057 0.00055545
0.363102 0.000557891
0.363167 0.000559363
0.363306 0.000562097
0.363559 0.000570354
0.363594 0.000570823
0.364115 0.000571725
0.364273 0.000573344
0.364292 0.000574077
0.365303 0.000578014
0.365328 0.000596103
0.365387 0.000600491
0.365412 0.000601922
0.365915 0.00060934
0.366211 0.000618563
0.366735 0.000619313
0.366838 0.000628637
0.367464 0.000634366
0.368262 0.000643785
0.369605 0.000645138
0.370143 0.000645437
0.370285 0.000645651
0.370299 0.000650568
0.37072 0.000651602
0.370765 0.000665413
0.370856 0.000675544
0.370964 0.000683725
0.371115 0.000685877
0.371339 0.000689393
0.371356 0.000695734
0.371418 0.000700433
0.372149 0.00070478
0.372358 0.000718319
0.372441 0.000739337
0.372465 0.000739878
0.372545 0.000752601
0.373099 0.000756445
0.37352 0.000759554
0.374006 0.000769913
0.375619 0.000770907
0.376303 0.000772726
0.377041 0.000786047
0.377263 0.000795754
0.377599 0.000802073
0.377627 0.000812684
0.377642 0.00081402
0.378356 0.000814898
0.379077 0.000820476
0.379176 0.000821179
0.379464 0.00082407
0.379583 0.000824874
0.379629 0.000826973
0.379812 0.000827256
0.379871 0.0008358
0.379902 0.000841562
0.37998 0.000864313
0.380072 0.000873009
0.380158 0.000875109
0.380253 0.000877392
0.380857 0.000878012
0.381878 0.000885427
0.381944 0.00088589
0.382103 0.000892076
0.382527 0.000894628
0.383348 0.000898944
0.383964 0.000909461
0.385113 0.000911381
0.385288 0.000921839
0.38539 0.000922619
0.38581 0.000941551
0.385812 0.000943623
0.38601 0.000944978
0.386094 0.000953405
0.386104 0.000956938
0.386751 0.000973561
0.386783 0.000975028
0.388098 0.000984999
0.388566 0.000993963
0.388862 0.00102067
0.388926 0.0010275
0.389127 0.00103342
0.38947 0.00103365
0.390413 0.00104127
0.390576 0.00104322
0.390886 0.00105056
0.391352 0.00105184
0.391388 0.00105495
0.391554 0.0010579
0.391664 0.00107028
0.391698 0.00109634
0.391751 0.00111716
0.391759 0.00111954
0.392316 0.00114688
0.392413 0.00114846
0.392421 0.0011485
0.392446 0.00115411
0.39253 0.00117938
0.393408 0.00118012
0.393681 0.00120125
0.393887 0.00120227
0.394106 0.00120768
0.394201 0.00121399
0.394224 0.00121888
0.39464 0.00122623
0.394918 0.00124439
0.395065 0.00124773
0.395741 0.00124784
0.395913 0.00126469
0.396163 0.00127213
0.396164 0.00128181
0.397072 0.00128365
0.397134 0.00129805
0.39717 0.00130255
0.397263 0.0013129
0.397381 0.00133071
0.397541 0.00133422
0.397856 0.00133966
0.397911 0.0013422
0.39811 0.00137489
0.398228 0.0014055
0.399036 0.00140873
0.399091 0.00142558
0.39966 0.00144059
0.399826 0.00144103
0.400684 0.00144361
0.401268 0.00145822
0.401724 0.00146708
0.402056 0.00146962
0.40238 0.00147187
0.402394 0.0014949
0.403177 0.00149944
0.403207 0.00151636
0.404524 0.00154036
0.404551 0.00158381
0.405279 0.00161209
0.405927 0.00161387
0.40602 0.00166808
0.406245 0.00167854
0.406941 0.00168779
0.407286 0.00169605
0.408359 0.00169616
0.40842 0.00169871
0.408519 0.0017147
0.408703 0.00172164
0.408705 0.00173884
0.408871 0.00174113
0.409071 0.00175166
0.409082 0.00178132
0.409219 0.00178895
0.409346 0.00179677
0.409389 0.00181456
0.40954 0.00182431
0.409586 0.00183431
0.409692 0.00184756
0.411839 0.00185632
0.412207 0.00185979
0.412231 0.00188532
0.412487 0.0018913
0.412855 0.00193544
0.412905 0.00193902
0.412944 0.00194081
0.413099 0.00195052
0.413626 0.00197167
0.41388 0.0019905
0.414044 0.00200055
0.414139 0.00201709
0.414559 0.0020622
0.414792 0.00206536
0.415874 0.00208823
0.416393 0.00209119
0.417978 0.00210121
0.419125 0.0021108
0.420607 0.00211611
0.420681 0.00211879
0.421193 0.00214071
0.421627 0.00214698
0.421906 0.00218655
0.422152 0.00220401
0.422203 0.00221451
0.422287 0.00229498
0.422456 0.00231617
0.422482 0.00232657
0.423104 0.00233331
0.423301 0.00233909
0.423541 0.00240864
0.423575 0.00242861
0.423748 0.00243518
0.423988 0.00244828
0.42399 0.00245036
0.424141 0.0024552
0.424162 0.00247001
0.424212 0.00248749
0.424625 0.00250758
0.42473 0.00251473
0.42473 0.00253178
0.424902 0.00254
0.425266 0.00255081
0.425413 0.00255083
0.425724 0.00256976
0.426169 0.00257542
0.426742 0.00259222
0.426752 0.00261721
0.426852 0.00263847
0.426868 0.00265334
0.426883 0.00274883
0.426972 0.00276628
0.426975 0.00278181
0.427579 0.00278632
0.427998 0.0027948
0.428321 0.00280259
0.428666 0.00282583
0.429599 0.00283405
0.429862 0.00284216
0.430037 0.0028524
0.430502 0.00285914
0.430987 0.0028656
0.431105 0.00287355
0.431386 0.00287961
0.432071 0.0029897
0.432204 0.0030081
0.432216 0.00303531
0.432376 0.00306346
0.432849 0.00307714
0.432885 0.00308968
0.433108 0.00311922
0.433417 0.00314858
0.434212 0.00316941
0.434304 0.00320599
0.434592 0.00327489
0.434872 0.00332478
0.435505 0.0034153
0.435587 0.00352291
0.436604 0.00361616
0.436756 0.00362465
0.437875 0.00364661
0.438005 0.00364775
0.438329 0.00365706
0.438361 0.00368813
0.438604 0.00369546
0.438762 0.0036957
0.438833 0.00374631
0.439246 0.00381786
0.439488 0.0038285
0.439516 0.00384369
0.439528 0.0038716
0.440557 0.0038754
0.4408 0.00390502
0.441507 0.00391374
0.441701 0.00391574
0.442266 0.00393141
0.442474 0.00395149
0.443131 0.00396852
0.443907 0.00397907
0.444341 0.00400234
0.444415 0.00400389
0.44479 0.00400591
0.444852 0.00404832
0.445094 0.00406833
0.445165 0.00408423
0.445182 0.00410805
0.445239 0.00411035
0.44532 0.00412377
0.44536 0.00417342
0.4459 0.00422597
0.44623 0.00424068
0.446833 0.00424345
0.446883 0.00427985
0.448026 0.00428063
0.44808 0.00435498
0.448081 0.00442265
0.448308 0.00443161
0.448734 0.00444242
0.448979 0.00446878
0.449034 0.00456116
0.44913 0.00456634
0.449338 0.00459538
0.449711 0.00464064
0.449762 0.00467404
0.449883 0.0046885
0.450045 0.00478204
0.450179 0.00483009
0.450397 0.00483143
0.450654 0.00485135
0.450752 0.00495728
0.450948 0.00496568
0.450976 0.00501234
0.451118 0.00503443
0.451233 0.00507949
0.451302 0.005093
0.451349 0.0051336
0.451578 0.00516526
0.452052 0.00517752
0.452144 0.00520495
0.452764 0.00526516
0.453353 0.00532435
0.453669 0.00534345
0.454519 0.00539627
0.45476 0.00541932
0.455017 0.00572921
0.455619 0.0057851
0.455659 0.00582441
0.456111 0.00584063
0.456215 0.00586588
0.456376 0.00598128
0.457226 0.00601468
0.457297 0.00608004
0.457342 0.00610419
0.457474 0.00625564
0.457603 0.00626154
0.45793 0.00627831
0.458882 0.00630551
0.459234 0.00636251
0.459367 0.00640923
0.459544 0.00646808
0.460742 0.00659924
0.46117 0.00661844
0.461404 0.00670953
0.461886 0.00673818
0.461905 0.00674338
0.462133 0.00680275
0.462439 0.00696466
0.462535 0.0070593
0.462555 0.0070634
0.462693 0.00709175
0.463262 0.00733806
0.463546 0.00750563
0.463971 0.00757666
0.464253 0.00772819
0.464542 0.00784484
0.46469 0.00794316
0.464769 0.00794792
0.464788 0.00826865
0.464848 0.00845702
0.465033 0.00848246
0.465327 0.00860128
0.465521 0.00864964
0.465763 0.00865902
0.466192 0.00890531
0.466324 0.00895766
0.46729 0.00915777
0.46731 0.00918987
0.467648 0.00921223
0.46766 0.00937311
0.467799 0.00938897
0.468366 0.00942366
0.468469 0.00953333
0.468475 0.00971564
0.468505 0.00998838
0.468551 0.0101235
0.468726 0.0102589
0.468779 0.0104452
0.468942 0.0104545
0.469139 0.0107674
0.470081 0.0107908
0.470415 0.010851
0.470886 0.0110846
0.471008 0.0110859
0.471022 0.0111193
0.471035 0.0112839
0.471139 0.0115746
0.471333 0.0116901
0.471828 0.0118937
0.472115 0.0118951
0.472159 0.012004
0.47243 0.0120908
0.47256 0.0120947
0.472994 0.0121331
0.473222 0.0121783
0.473652 0.0127323
0.473666 0.0129239
0.473766 0.0132585
0.474035 0.0135489
0.474307 0.0137691
0.474408 0.014067
0.474501 0.0141084
0.474551 0.0141215
0.474647 0.0142889
0.474709 0.0143563
0.474952 0.0144941
0.475133 0.0145179
0.475363 0.0145444
0.475382 0.0146821
0.475525 0.0146913
0.47568 0.0147223
0.47627 0.0149865
0.476472 0.0150469
0.476636 0.0152234
0.476663 0.0154363
0.476835 0.015593
0.477061 0.0157778
0.477202 0.0159431
0.477216 0.0159856
0.477538 0.016084
0.478005 0.0165791
0.478117 0.0167655
0.47844 0.0168943
0.478656 0.0170985
0.47873 0.0173835
0.47874 0.0177355
0.478744 0.0181109
0.47901 0.0188646
0.479261 0.0190115
0.479462 0.0190178
0.480059 0.01906
0.480369 0.0193451
0.480494 0.0193919
0.48107 0.0194982
0.481357 0.0195068
0.481688 0.0195718
0.482554 0.0199795
0.482634 0.0201114
0.482874 0.0201942
0.482879 0.0202551
0.483002 0.0203115
0.483036 0.0208292
0.483184 0.0213961
0.483248 0.0216246
0.483413 0.0225426
0.483555 0.0228427
0.483628 0.0229663
0.483979 0.0243216
0.484022 0.0244314
0.484395 0.0245162
0.48452 0.0249974
0.484544 0.0251715
0.484592 0.0254634
0.484864 0.0255502
0.484895 0.0259529
0.484916 0.0263971
0.485046 0.0264433
0.48523 0.0268636
0.485755 0.0268985
0.485916 0.0275842
0.486207 0.0279711
0.486353 0.0284151
0.486632 0.0289676
0.486839 0.029184
0.486901 0.0293206
0.487073 0.0295765
0.487599 0.0302998
0.487667 0.0306211
0.48788 0.0307413
0.487968 0.0307668
0.488058 0.0308913
0.488333 0.0309208
0.489038 0.0309695
0.489291 0.0311426
0.489293 0.0313606
0.489414 0.0313831
0.490099 0.031895
0.490105 0.0326614
0.490302 0.0330191
0.49057 0.0335441
0.490654 0.0342695
0.49067 0.0349973
0.490852 0.0351822
0.491172 0.0358274
0.491335 0.0367907
0.491426 0.0374256
0.491468 0.0379779
0.491766 0.0391031
0.49186 0.039346
0.492001 0.0398815
0.492179 0.0402285
0.492229 0.0405125
0.49227 0.041467
0.492655 0.0416828
0.493269 0.0423189
0.493361 0.0436193
0.493613 0.0441055
0.493716 0.0446361
0.493744 0.0449397
0.493751 0.0455489
0.493775 0.0458323
0.493982 0.0470628
0.494133 0.0479241
0.494162 0.0489685
0.494171 0.0490257
0.494261 0.0492792
0.494307 0.050619
0.494464 0.0518116
0.494544 0.0525416
0.49463 0.0526394
0.494647 0.0559962
0.494709 0.0565103
0.494925 0.0574783
0.494991 0.0584501
0.495021 0.0614804
0.495219 0.0615356
0.495292 0.0620408
0.495329 0.0620726
0.495353 0.0643859
0.495409 0.0653287
0.495422 0.0682536
0.495514 0.069695
0.495934 0.0699008
0.496116 0.0699098
0.496122 0.0706023
0.496126 0.0724492
0.496318 0.0736321
0.49637 0.0746069
0.496404 0.0746115
0.496405 0.0758692
0.496464 0.076082
0.496558 0.0774214
0.49664 0.0802302
0.496744 0.0814622
0.496857 0.0817038
0.496857 0.0846302
0.496963 0.0860923
0.497109 0.0864653
0.497233 0.0878627
0.497284 0.0903615
0.497315 0.0939642
0.497345 0.0964572
0.497364 0.0978281
0.497429 0.101072
0.497529 0.101302
0.497569 0.10947
0.497777 0.11146
0.497791 0.112268
0.497805 0.112406
0.497816 0.118477
0.497903 0.121462
0.497915 0.124349
0.497966 0.139637
0.49823 0.139753
0.498372 0.147263
0.498432 0.148365
0.498484 0.148594
0.498544 0.148662
0.498545 0.151316
0.49857 0.158564
0.498609 0.163065
0.49863 0.172236
0.498688 0.17477
0.498776 0.178146
0.498794 0.191397
0.498827 0.193565
0.498839 0.204124
0.499036 0.223474
0.499036 0.224774
0.49907 0.234848
0.499307 0.25152
0.49932 0.257596
0.499369 0.296215
0.499463 0.298626
0.499522 0.299223
0.499529 0.299948
0.499592 0.354606
0.499713 0.365147
0.499748 0.377842
0.499862 0.378234
0.499922 0.426202
0.499933 0.428947
0.499986 0.449561
0.499997 0.466377
