0.011360 0.000000
0.014510 0.000000
0.015300 0.000000
0.017773 0.000000
0.018010 0.000000
0.018335 0.000000
0.018911 0.000000
0.019570 0.000000
0.019720 0.000000
0.019895 0.000000
0.021030 0.000000
0.021161 0.000000
0.022170 0.000000
0.022650 0.000000
0.022653 0.000000
0.023307 0.000000
0.023333 0.000000
0.023352 0.000000
0.024170 0.000000
0.024960 0.000000
0.025000 0.000000
0.025310 0.000000
0.025498 0.000000
0.025591 0.000000
0.025760 0.000000
0.025930 0.000000
0.026264 0.000000
0.026398 0.000000
0.026481 0.000000
0.026790 0.000230
0.026930 0.000240
0.027159 0.000280
0.027310 0.000380
0.027316 0.000430
0.027391 0.000500
0.027800 0.000650
0.027950 0.000960
0.028220 0.000980
0.028653 0.001010
0.028835 0.001230
0.028840 0.001240
0.029030 0.001250
0.029168 0.001380
0.029180 0.001510
0.029470 0.001610
0.029496 0.001750
0.029650 0.001870
0.029740 0.002140
0.029881 0.002150
0.029924 0.002250
0.030300 0.002320
0.030350 0.002590
0.030765 0.002740
0.030950 0.002770
0.030960 0.002800
0.031095 0.002810
0.031097 0.002870
0.031253 0.002990
0.031355 0.003010
0.031589 0.003210
0.031590 0.003310
0.031610 0.003320
0.032350 0.003610
0.032411 0.003700
0.032550 0.003740
0.032638 0.003760
0.032815 0.004050
0.032874 0.004080
0.033020 0.004290
0.033260 0.004350
0.033409 0.004450
0.033529 0.004590
0.033915 0.004620
0.034617 0.004658
0.034670 0.004750
0.034868 0.004830
0.035076 0.004990
0.035200 0.005050
0.035430 0.005100
0.035480 0.005117
0.035514 0.005190
0.035612 0.005240
0.035884 0.005300
0.035974 0.005350
0.035995 0.005350
0.036000 0.005380
0.036150 0.005400
0.036336 0.005540
0.036350 0.005600
0.036459 0.005607
0.036510 0.005770
0.036510 0.005820
0.036622 0.005926
0.036683 0.005930
0.037005 0.005941
0.037107 0.006070
0.037154 0.006260
0.037220 0.006310
0.037848 0.006340
0.038080 0.006530
0.038575 0.006630
0.038691 0.006710
0.038700 0.006750
0.038919 0.006800
0.038940 0.006820
0.038950 0.007040
0.039020 0.007180
0.039050 0.007210
0.039217 0.007230
0.039291 0.007260
0.039510 0.007500
0.039613 0.007510
0.039770 0.007550
0.040003 0.007570
0.040170 0.007710
0.040211 0.007720
0.040237 0.007730
0.040394 0.007810
0.040438 0.007810
0.040470 0.007840
0.040490 0.007890
0.040583 0.008030
0.040693 0.008090
0.040860 0.008140
0.040988 0.008170
0.041130 0.008225
0.041580 0.008240
0.041765 0.008300
0.042022 0.008360
0.042550 0.008480
0.042564 0.008540
0.042840 0.008580
0.042849 0.008680
0.042978 0.008798
0.043120 0.008850
0.043124 0.008855
0.043248 0.008860
0.043410 0.008883
0.043480 0.008890
0.043560 0.008930
0.043571 0.008940
0.043688 0.009060
0.043739 0.009060
0.043819 0.009140
0.043905 0.009170
0.043964 0.009210
0.044200 0.009300
0.044295 0.009320
0.044298 0.009420
0.044545 0.009490
0.044584 0.009600
0.044700 0.009609
0.044754 0.009700
0.044907 0.009950
0.044950 0.010020
0.045146 0.010040
0.045170 0.010100
0.045457 0.010140
0.045613 0.010165
0.045720 0.010198
0.045734 0.010200
0.045895 0.010240
0.046040 0.010300
0.046070 0.010310
0.046080 0.010350
0.046160 0.010441
0.046315 0.010470
0.046510 0.010490
0.046580 0.010520
0.046680 0.010530
0.046722 0.010586
0.046760 0.010610
0.046796 0.010623
0.046956 0.010650
0.046970 0.010720
0.047040 0.010750
0.047091 0.010790
0.047157 0.010930
0.047554 0.010950
0.047596 0.010960
0.047668 0.010970
0.047681 0.010990
0.047790 0.011010
0.047978 0.011060
0.048070 0.011070
0.048234 0.011137
0.048484 0.011140
0.048734 0.011165
0.048899 0.011170
0.048980 0.011320
0.049020 0.011420
0.049025 0.011448
0.049025 0.011474
0.049034 0.011570
0.049051 0.011577
0.049410 0.011580
0.049460 0.011620
0.049780 0.011708
0.049895 0.011730
0.049978 0.011730
0.050010 0.011790
0.050016 0.011883
0.050118 0.011920
0.050145 0.011960
0.050266 0.012040
0.050295 0.012050
0.050403 0.012130
0.050479 0.012141
0.050600 0.012150
0.050600 0.012150
0.050708 0.012170
0.050723 0.012250
0.050748 0.012266
0.050897 0.012389
0.050925 0.012469
0.050956 0.012470
0.051134 0.012490
0.051374 0.012580
0.051443 0.012623
0.051481 0.012636
0.051563 0.012750
0.051685 0.012760
0.051761 0.012800
0.051768 0.012890
0.051833 0.012968
0.051910 0.012970
0.052080 0.013018
0.052885 0.013030
0.052895 0.013074
0.052994 0.013100
0.053068 0.013110
0.053185 0.013180
0.053257 0.013200
0.053285 0.013280
0.053368 0.013290
0.053453 0.013300
0.053538 0.013340
0.053585 0.013380
0.053609 0.013390
0.053625 0.013394
0.053698 0.013445
0.053900 0.013455
0.054210 0.013480
0.054268 0.013490
0.054330 0.013530
0.054604 0.013600
0.054605 0.013620
0.054714 0.013670
0.054860 0.013736
0.054988 0.013740
0.055083 0.013961
0.055105 0.013990
0.055376 0.014018
0.055437 0.014130
0.055503 0.014176
0.055651 0.014180
0.055780 0.014200
0.055819 0.014220
0.055936 0.014230
0.055951 0.014237
0.055969 0.014336
0.056029 0.014340
0.056081 0.014450
0.056289 0.014520
0.056592 0.014540
0.056661 0.014660
0.056724 0.014720
0.056812 0.014760
0.057081 0.014820
0.057198 0.014850
0.057335 0.014900
0.057414 0.014940
0.057430 0.014985
0.057520 0.015040
0.057581 0.015050
0.057596 0.015070
0.057633 0.015080
0.057900 0.015090
0.057957 0.015130
0.057967 0.015130
0.058053 0.015220
0.058425 0.015250
0.058560 0.015250
0.058648 0.015300
0.058722 0.015355
0.058975 0.015440
0.059171 0.015570
0.059199 0.015580
0.059480 0.015590
0.059683 0.015730
0.059700 0.015890
0.059752 0.015912
0.059856 0.015980
0.060218 0.016090
0.060264 0.016110
0.060274 0.016260
0.060590 0.016322
0.060715 0.016350
0.060744 0.016370
0.060838 0.016390
0.060868 0.016502
0.060868 0.016615
0.061151 0.016644
0.061186 0.016700
0.061303 0.016760
0.061324 0.016800
0.061344 0.016808
0.061485 0.016867
0.061504 0.016889
0.061520 0.016890
0.061660 0.016910
0.061822 0.016940
0.061880 0.016960
0.061921 0.017020
0.061982 0.017066
0.062049 0.017170
0.062062 0.017190
0.062080 0.017330
0.062207 0.017390
0.062278 0.017390
0.062280 0.017440
0.062364 0.017454
0.062538 0.017500
0.062610 0.017598
0.062760 0.017620
0.062788 0.017640
0.062930 0.017675
0.063042 0.017680
0.063079 0.017726
0.063112 0.017750
0.063140 0.017770
0.063179 0.017890
0.063211 0.017900
0.063277 0.017902
0.063299 0.017920
0.063444 0.017950
0.063512 0.018010
0.063631 0.018070
0.063642 0.018146
0.063740 0.018170
0.063745 0.018190
0.063828 0.018260
0.063853 0.018300
0.063865 0.018383
0.064063 0.018398
0.064250 0.018490
0.064380 0.018540
0.064520 0.018580
0.064590 0.018590
0.064905 0.018600
0.065061 0.018625
0.065095 0.018660
0.065096 0.018668
0.065243 0.018723
0.065378 0.018730
0.065533 0.018760
0.065663 0.018813
0.065710 0.018884
0.065913 0.018970
0.066061 0.019013
0.066090 0.019020
0.066128 0.019050
0.066232 0.019070
0.066288 0.019180
0.066323 0.019180
0.066607 0.019200
0.066751 0.019206
0.066753 0.019310
0.066783 0.019380
0.066807 0.019500
0.067024 0.019520
0.067194 0.019560
0.067457 0.019620
0.067562 0.019640
0.067573 0.019680
0.068553 0.019750
0.068630 0.019770
0.068673 0.019830
0.068820 0.019901
0.068981 0.019960
0.069000 0.020000
0.069050 0.020030
0.069093 0.020030
0.069204 0.020058
0.069206 0.020080
0.069223 0.020260
0.069270 0.020310
0.069290 0.020370
0.069410 0.020390
0.069418 0.020400
0.069620 0.020620
0.069651 0.020648
0.069676 0.020820
0.069805 0.020840
0.069875 0.021010
0.069930 0.021040
0.069951 0.021090
0.069980 0.021130
0.069995 0.021134
0.070001 0.021188
0.070160 0.021298
0.070203 0.021309
0.070236 0.021310
0.070290 0.021380
0.070347 0.021460
0.070361 0.021548
0.070498 0.021572
0.070580 0.021580
0.070580 0.021620
0.070597 0.021657
0.070673 0.021660
0.070690 0.021690
0.070730 0.021699
0.070823 0.021710
0.070839 0.021710
0.070846 0.021710
0.070850 0.021780
0.070864 0.021799
0.070900 0.021840
0.070932 0.021856
0.070993 0.021861
0.071040 0.021928
0.071116 0.021960
0.071161 0.022131
0.071321 0.022190
0.071456 0.022210
0.071564 0.022247
0.071576 0.022268
0.071640 0.022305
0.071700 0.022330
0.071823 0.022492
0.071878 0.022498
0.071950 0.022625
0.072132 0.022630
0.072193 0.022644
0.072201 0.022703
0.072219 0.022708
0.072274 0.022710
0.072274 0.022765
0.072291 0.022822
0.072417 0.022825
0.072440 0.022845
0.072582 0.022871
0.072633 0.022888
0.072637 0.022920
0.072661 0.022940
0.072765 0.022960
0.072804 0.022970
0.072813 0.023030
0.072920 0.023040
0.073040 0.023100
0.073047 0.023170
0.073447 0.023241
0.073468 0.023340
0.073592 0.023360
0.073694 0.023390
0.073810 0.023430
0.073862 0.023440
0.073875 0.023456
0.073934 0.023457
0.073944 0.023470
0.073996 0.023560
0.074108 0.023570
0.074140 0.023598
0.074185 0.023700
0.074326 0.023720
0.074550 0.023720
0.074675 0.023758
0.074930 0.023770
0.074954 0.023861
0.074958 0.023863
0.075140 0.023930
0.075284 0.023960
0.075426 0.023996
0.075480 0.024050
0.075581 0.024098
0.075639 0.024150
0.075660 0.024160
0.075806 0.024172
0.075859 0.024214
0.075940 0.024230
0.075993 0.024390
0.076105 0.024390
0.076112 0.024460
0.076230 0.024490
0.076369 0.024500
0.076549 0.024510
0.076600 0.024528
0.076820 0.024552
0.076902 0.024590
0.076954 0.024620
0.077175 0.024695
0.077320 0.024785
0.077414 0.024910
0.077716 0.024936
0.077842 0.025020
0.077957 0.025138
0.078064 0.025160
0.078071 0.025200
0.078137 0.025204
0.078180 0.025206
0.078208 0.025250
0.078288 0.025370
0.078290 0.025388
0.078360 0.025448
0.078408 0.025480
0.078424 0.025520
0.078698 0.025570
0.078770 0.025574
0.078945 0.025587
0.078968 0.025590
0.079069 0.025610
0.079157 0.025683
0.079195 0.025710
0.079201 0.025730
0.079238 0.025830
0.079330 0.025850
0.079403 0.025910
0.079414 0.025950
0.079466 0.025950
0.079478 0.025990
0.079601 0.025990
0.079730 0.026034
0.079757 0.026200
0.079839 0.026220
0.079862 0.026360
0.079889 0.026449
0.079892 0.026480
0.080091 0.026630
0.080300 0.026664
0.080354 0.026675
0.080434 0.026750
0.080540 0.026760
0.080773 0.026770
0.081016 0.026777
0.081066 0.026820
0.081271 0.026870
0.081281 0.026940
0.081324 0.027050
0.081349 0.027050
0.081460 0.027186
0.081461 0.027191
0.081587 0.027201
0.081591 0.027206
0.081610 0.027260
0.081621 0.027293
0.081640 0.027320
0.081660 0.027363
0.081670 0.027370
0.081733 0.027380
0.081764 0.027410
0.081767 0.027630
0.081836 0.027647
0.081894 0.027704
0.081959 0.027730
0.081970 0.027751
0.082066 0.027780
0.082194 0.027798
0.082290 0.027803
0.082321 0.027863
0.082351 0.027890
0.082472 0.027897
0.082488 0.027938
0.082515 0.028010
0.082628 0.028017
0.082910 0.028034
0.082956 0.028050
0.082963 0.028070
0.083009 0.028150
0.083113 0.028198
0.083400 0.028210
0.083460 0.028256
0.083471 0.028280
0.083746 0.028416
0.083768 0.028440
0.083781 0.028440
0.083789 0.028540
0.083848 0.028550
0.083880 0.028710
0.083911 0.028710
0.083951 0.028760
0.083953 0.028770
0.084148 0.028840
0.084150 0.028907
0.084168 0.028926
0.084255 0.029009
0.084290 0.029040
0.084462 0.029059
0.084701 0.029070
0.084836 0.029110
0.084900 0.029161
0.085106 0.029200
0.085119 0.029234
0.085434 0.029310
0.085505 0.029388
0.085603 0.029431
0.085638 0.029470
0.085751 0.029540
0.085816 0.029550
0.085820 0.029590
0.085861 0.029660
0.085868 0.029721
0.086003 0.029736
0.086113 0.029810
0.086251 0.029865
0.086252 0.029900
0.086417 0.029940
0.086444 0.029991
0.086480 0.030000
0.086606 0.030009
0.086878 0.030031
0.086896 0.030070
0.087021 0.030115
0.087059 0.030157
0.087164 0.030196
0.087220 0.030250
0.087515 0.030450
0.087533 0.030470
0.087589 0.030512
0.087670 0.030522
0.087688 0.030553
0.087703 0.030555
0.087811 0.030631
0.087851 0.030640
0.087890 0.030650
0.087894 0.030660
0.087932 0.030667
0.087992 0.030720
0.088232 0.030790
0.088427 0.030795
0.088430 0.030863
0.088824 0.030876
0.088858 0.030949
0.089000 0.031000
0.089165 0.031040
0.089335 0.031046
0.089508 0.031090
0.089630 0.031215
0.089700 0.031266
0.089764 0.031290
0.089797 0.031314
0.089892 0.031390
0.090088 0.031395
0.090142 0.031400
0.090161 0.031483
0.090177 0.031500
0.090285 0.031555
0.090406 0.031600
0.090469 0.031614
0.090711 0.031618
0.090728 0.031721
0.090771 0.031746
0.090880 0.031754
0.090967 0.031860
0.090983 0.031860
0.091068 0.031890
0.091104 0.031908
0.091160 0.031920
0.091200 0.031955
0.091296 0.031960
0.091311 0.032005
0.091387 0.032014
0.091455 0.032014
0.091559 0.032028
0.091712 0.032100
0.091720 0.032107
0.091930 0.032130
0.092018 0.032153
0.092026 0.032200
0.092067 0.032202
0.092128 0.032308
0.092138 0.032350
0.092156 0.032425
0.092283 0.032440
0.092289 0.032510
0.092524 0.032603
0.092531 0.032683
0.092586 0.032866
0.092637 0.033050
0.092696 0.033061
0.092762 0.033137
0.092826 0.033173
0.092870 0.033180
0.092883 0.033180
0.092913 0.033327
0.092917 0.033350
0.092940 0.033370
0.092984 0.033432
0.093060 0.033483
0.093143 0.033496
0.093224 0.033660
0.093413 0.033780
0.093473 0.033843
0.093656 0.033894
0.093841 0.033950
0.093849 0.034082
0.093990 0.034164
0.094180 0.034176
0.094401 0.034183
0.094550 0.034300
0.094604 0.034317
0.094644 0.034360
0.094671 0.034530
0.094803 0.034630
0.094869 0.034662
0.095082 0.034694
0.095223 0.034697
0.095252 0.034810
0.095264 0.034877
0.095326 0.034880
0.095331 0.034890
0.095390 0.034940
0.095586 0.034944
0.095717 0.034994
0.095730 0.035040
0.095814 0.035180
0.095872 0.035397
0.096073 0.035433
0.096216 0.035524
0.096295 0.035578
0.096330 0.035581
0.096333 0.035595
0.096419 0.035653
0.096489 0.035715
0.096534 0.035720
0.096579 0.035773
0.096716 0.035810
0.096805 0.035933
0.096890 0.036044
0.096951 0.036070
0.097047 0.036107
0.097246 0.036120
0.097380 0.036139
0.097417 0.036160
0.097464 0.036180
0.097478 0.036275
0.097966 0.036391
0.097967 0.036400
0.098041 0.036453
0.098100 0.036503
0.098148 0.036542
0.098181 0.036570
0.098215 0.036590
0.098265 0.036596
0.098298 0.036600
0.098406 0.036818
0.098456 0.036837
0.098486 0.036845
0.098490 0.036914
0.098530 0.037000
0.098531 0.037030
0.098894 0.037090
0.098961 0.037126
0.098970 0.037190
0.098980 0.037210
0.099317 0.037223
0.099421 0.037230
0.099424 0.037281
0.099477 0.037328
0.099533 0.037385
0.099543 0.037420
0.099615 0.037480
0.099627 0.037520
0.099804 0.037623
0.099835 0.037731
0.099935 0.037750
0.100080 0.037754
0.100098 0.037800
0.100121 0.037838
0.100165 0.037868
0.100183 0.037870
0.100234 0.037870
0.100282 0.037943
0.100390 0.037943
0.100598 0.038020
0.100620 0.038030
0.100681 0.038040
0.100720 0.038075
0.101164 0.038169
0.101206 0.038181
0.101246 0.038240
0.101479 0.038258
0.101503 0.038313
0.101554 0.038353
0.101662 0.038411
0.101686 0.038460
0.101796 0.038520
0.102109 0.038530
0.102274 0.038603
0.102564 0.038670
0.102567 0.038854
0.102584 0.038943
0.102607 0.039020
0.102611 0.039108
0.102862 0.039121
0.102872 0.039189
0.102957 0.039194
0.102995 0.039220
0.103052 0.039228
0.103074 0.039238
0.103144 0.039250
0.103160 0.039300
0.103173 0.039318
0.103193 0.039320
0.103260 0.039326
0.103503 0.039394
0.103545 0.039394
0.103630 0.039479
0.103924 0.039540
0.103962 0.039598
0.104120 0.039644
0.104312 0.039662
0.104448 0.039760
0.104453 0.039793
0.104459 0.039806
0.104460 0.039810
0.104800 0.039830
0.104841 0.039842
0.104932 0.039930
0.104978 0.039950
0.105100 0.040030
0.105203 0.040087
0.105220 0.040106
0.105435 0.040180
0.105440 0.040204
0.105499 0.040221
0.105511 0.040230
0.105593 0.040230
0.105674 0.040240
0.105823 0.040318
0.105836 0.040380
0.105844 0.040386
0.105919 0.040387
0.106387 0.040436
0.106389 0.040528
0.106626 0.040616
0.106776 0.040666
0.106877 0.040745
0.106890 0.040788
0.106900 0.040980
0.107038 0.040995
0.107235 0.041026
0.107248 0.041030
0.107413 0.041050
0.107564 0.041080
0.107592 0.041220
0.107940 0.041338
0.108066 0.041380
0.108095 0.041384
0.108098 0.041397
0.108213 0.041425
0.108328 0.041450
0.108380 0.041480
0.108445 0.041518
0.108530 0.041650
0.108640 0.041655
0.108675 0.041680
0.108750 0.041714
0.108791 0.041740
0.108920 0.041745
0.108977 0.041750
0.109124 0.041810
0.109264 0.041829
0.109336 0.041920
0.109594 0.042070
0.109602 0.042160
0.109781 0.042200
0.109854 0.042239
0.109863 0.042348
0.109895 0.042370
0.109949 0.042382
0.109983 0.042400
0.110064 0.042420
0.110133 0.042458
0.110208 0.042470
0.110214 0.042520
0.110356 0.042592
0.110602 0.042689
0.110704 0.042700
0.110715 0.042827
0.110841 0.042830
0.110919 0.042845
0.110984 0.042870
0.111302 0.043070
0.111329 0.043140
0.111422 0.043170
0.111439 0.043240
0.111478 0.043393
0.111637 0.043408
0.111790 0.043420
0.111795 0.043460
0.112065 0.043504
0.112276 0.043509
0.112296 0.043533
0.112307 0.043548
0.112316 0.043660
0.112563 0.043666
0.112607 0.043703
0.112629 0.043765
0.112694 0.043770
0.112716 0.043808
0.112871 0.043810
0.112873 0.043813
0.112875 0.043907
0.112953 0.043921
0.113113 0.043925
0.113140 0.043980
0.113180 0.044000
0.113285 0.044010
0.113287 0.044060
0.113342 0.044084
0.113501 0.044084
0.113549 0.044110
0.113699 0.044421
0.113806 0.044425
0.113831 0.044450
0.113919 0.044451
0.113957 0.044508
0.114328 0.044732
0.114339 0.044738
0.114526 0.044771
0.114690 0.044801
0.114720 0.044830
0.114820 0.044866
0.114871 0.044883
0.114871 0.045026
0.114908 0.045118
0.114910 0.045150
0.114937 0.045220
0.114967 0.045226
0.114991 0.045264
0.115157 0.045309
0.115175 0.045347
0.115190 0.045490
0.115330 0.045490
0.115366 0.045540
0.115386 0.045577
0.115393 0.045591
0.115450 0.045713
0.115549 0.045720
0.115630 0.045741
0.115730 0.045795
0.116026 0.045835
0.116163 0.045855
0.116243 0.045856
0.116317 0.045866
0.116386 0.045914
0.116642 0.045933
0.116875 0.045963
0.116887 0.045963
0.116950 0.045988
0.116986 0.046029
0.117062 0.046045
0.117170 0.046128
0.117225 0.046141
0.117240 0.046263
0.117284 0.046270
0.117343 0.046309
0.117442 0.046359
0.117598 0.046360
0.117704 0.046590
0.117705 0.046620
0.117740 0.046674
0.117779 0.046693
0.117975 0.046714
0.118026 0.046725
0.118055 0.046774
0.118069 0.046965
0.118162 0.046999
0.118284 0.047030
0.118292 0.047074
0.118504 0.047100
0.118599 0.047227
0.118698 0.047270
0.118776 0.047591
0.118880 0.047604
0.119009 0.047644
0.119009 0.047785
0.119070 0.047862
0.119155 0.047874
0.119294 0.047880
0.119341 0.047915
0.119347 0.047920
0.119468 0.048125
0.120073 0.048127
0.120360 0.048192
0.120510 0.048274
0.120597 0.048284
0.120611 0.048348
0.120628 0.048390
0.120630 0.048390
0.120745 0.048400
0.120871 0.048479
0.120888 0.048621
0.120923 0.048696
0.120975 0.048708
0.121035 0.048882
0.121339 0.049137
0.121421 0.049230
0.121434 0.049290
0.121464 0.049310
0.121745 0.049326
0.121810 0.049395
0.121854 0.049455
0.121934 0.049619
0.121990 0.049646
0.122139 0.049720
0.122322 0.049767
0.122362 0.049860
0.122441 0.049920
0.122459 0.049958
0.122678 0.049966
0.122705 0.050005
0.122834 0.050018
0.122839 0.050050
0.122881 0.050090
0.122889 0.050138
0.122893 0.050146
0.122904 0.050167
0.123144 0.050256
0.123153 0.050290
0.123216 0.050295
0.123251 0.050320
0.123481 0.050447
0.123895 0.050465
0.123961 0.050540
0.124088 0.050580
0.124197 0.050687
0.124210 0.050899
0.124253 0.050960
0.124254 0.050985
0.124537 0.051004
0.124687 0.051040
0.124840 0.051068
0.124842 0.051280
0.124974 0.051290
0.125100 0.051314
0.125285 0.051373
0.125441 0.051430
0.125509 0.051563
0.125585 0.051573
0.125623 0.051590
0.125683 0.051616
0.125724 0.051670
0.125981 0.051713
0.126061 0.051820
0.126090 0.051824
0.126092 0.051831
0.126095 0.051834
0.126099 0.051858
0.126114 0.051951
0.126130 0.051976
0.126146 0.052031
0.126158 0.052057
0.126165 0.052150
0.126172 0.052154
0.126210 0.052176
0.126230 0.052215
0.126257 0.052216
0.126265 0.052224
0.126354 0.052560
0.126573 0.052650
0.126738 0.052696
0.126747 0.052830
0.126780 0.052867
0.126867 0.052883
0.126932 0.052954
0.127025 0.052965
0.127101 0.053079
0.127140 0.053081
0.127369 0.053123
0.127426 0.053125
0.127456 0.053128
0.127457 0.053155
0.127478 0.053170
0.127556 0.053280
0.127563 0.053297
0.127568 0.053348
0.127785 0.053430
0.127980 0.053470
0.128096 0.053471
0.128202 0.053600
0.128319 0.053630
0.128327 0.053721
0.128374 0.053850
0.128442 0.053940
0.128483 0.053950
0.128487 0.053960
0.128544 0.053973
0.128911 0.053984
0.129019 0.054000
0.129021 0.054013
0.129164 0.054022
0.129320 0.054023
0.129466 0.054090
0.129864 0.054333
0.129939 0.054354
0.130052 0.054410
0.130105 0.054451
0.130226 0.054463
0.130234 0.054473
0.130355 0.054484
0.130400 0.054520
0.130414 0.054550
0.130459 0.054558
0.130483 0.054591
0.130514 0.054787
0.130803 0.054800
0.130871 0.054833
0.130878 0.054930
0.131003 0.054932
0.131030 0.054963
0.131039 0.055083
0.131170 0.055100
0.131207 0.055152
0.131445 0.055190
0.131612 0.055390
0.131617 0.055498
0.131869 0.055541
0.131980 0.055560
0.132278 0.055604
0.132390 0.055700
0.132467 0.055740
0.132539 0.055834
0.132647 0.055850
0.132835 0.055882
0.132871 0.055893
0.132948 0.056010
0.132952 0.056030
0.133062 0.056178
0.133593 0.056207
0.133818 0.056253
0.133846 0.056353
0.133906 0.056376
0.133964 0.056488
0.133997 0.056563
0.134015 0.056581
0.134228 0.056625
0.134299 0.056655
0.134550 0.056730
0.134903 0.056736
0.135033 0.056749
0.135153 0.056770
0.135211 0.056778
0.135296 0.056788
0.135494 0.056885
0.135565 0.056907
0.135696 0.056981
0.135780 0.057130
0.135798 0.057346
0.135842 0.057358
0.135916 0.057472
0.135970 0.057499
0.135984 0.057514
0.136006 0.057528
0.136071 0.057671
0.136188 0.057780
0.136214 0.057800
0.136234 0.057850
0.136481 0.057863
0.136923 0.057917
0.136999 0.058003
0.137006 0.058020
0.137035 0.058070
0.137143 0.058080
0.137241 0.058108
0.137243 0.058136
0.137272 0.058161
0.137437 0.058176
0.137446 0.058240
0.137481 0.058240
0.137493 0.058404
0.137706 0.058455
0.138011 0.058478
0.138072 0.058620
0.138075 0.058621
0.138111 0.058650
0.138155 0.058654
0.138380 0.058670
0.138420 0.058710
0.138666 0.058745
0.138678 0.058830
0.138724 0.058833
0.138777 0.058847
0.138848 0.058881
0.138919 0.058946
0.138959 0.058947
0.139204 0.059200
0.139300 0.059214
0.139351 0.059310
0.139735 0.059316
0.139773 0.059405
0.139816 0.059413
0.139958 0.059493
0.140341 0.059649
0.140479 0.059758
0.140663 0.059760
0.141179 0.059820
0.141382 0.059829
0.141434 0.059878
0.141697 0.059907
0.141776 0.059973
0.142140 0.060030
0.142290 0.060171
0.142399 0.060230
0.142424 0.060393
0.142466 0.060410
0.142467 0.060470
0.142638 0.060475
0.142681 0.060477
0.142694 0.060504
0.142834 0.060516
0.143224 0.060520
0.143369 0.060590
0.143456 0.060664
0.143460 0.060738
0.143460 0.060793
0.143475 0.060798
0.143586 0.060847
0.143625 0.060930
0.143706 0.060939
0.143826 0.061010
0.144043 0.061080
0.144124 0.061118
0.144171 0.061174
0.144180 0.061246
0.144305 0.061256
0.144864 0.061381
0.144875 0.061474
0.145150 0.061743
0.145269 0.061745
0.145282 0.061765
0.145417 0.061799
0.145539 0.061865
0.145648 0.061888
0.145698 0.061900
0.145768 0.061920
0.145783 0.061930
0.145850 0.062015
0.145872 0.062025
0.145874 0.062090
0.146070 0.062090
0.146253 0.062113
0.146495 0.062120
0.146569 0.062249
0.146630 0.062260
0.146807 0.062314
0.146860 0.062319
0.147190 0.062373
0.147203 0.062660
0.147212 0.062683
0.147223 0.062757
0.147398 0.062794
0.147650 0.063066
0.147720 0.063230
0.147992 0.063396
0.148081 0.063424
0.148147 0.063480
0.148189 0.063559
0.148275 0.063568
0.148421 0.063604
0.148424 0.063841
0.148462 0.063970
0.148554 0.064120
0.148800 0.064163
0.149116 0.064344
0.149117 0.064378
0.149256 0.064421
0.149307 0.064435
0.149393 0.064620
0.149455 0.064640
0.149642 0.064715
0.149674 0.064727
0.149680 0.064911
0.149724 0.065298
0.150054 0.065320
0.150083 0.065328
0.150102 0.065444
0.150224 0.065510
0.150289 0.065520
0.150294 0.065558
0.150356 0.065653
0.150567 0.065680
0.150651 0.065696
0.150652 0.065767
0.150654 0.065772
0.150670 0.065810
0.150829 0.065870
0.150911 0.066167
0.150927 0.066179
0.150963 0.066208
0.150987 0.066289
0.151104 0.066438
0.151158 0.066454
0.151230 0.066520
0.151262 0.066561
0.151397 0.066619
0.151473 0.066682
0.151497 0.066717
0.151546 0.066763
0.151668 0.066813
0.151770 0.066886
0.151861 0.066940
0.152046 0.066982
0.152086 0.067073
0.152165 0.067092
0.152182 0.067132
0.152292 0.067136
0.152643 0.067143
0.152658 0.067146
0.153068 0.067283
0.153163 0.067617
0.153216 0.067680
0.153367 0.067725
0.153385 0.067834
0.153436 0.068078
0.153512 0.068269
0.153671 0.068290
0.153893 0.068320
0.153921 0.068345
0.153954 0.068392
0.153965 0.068410
0.154208 0.068588
0.154222 0.068706
0.154449 0.068870
0.154569 0.068917
0.155187 0.068983
0.155219 0.069090
0.155242 0.069101
0.155274 0.069193
0.155359 0.069218
0.155402 0.069223
0.155482 0.069273
0.155526 0.069310
0.155573 0.069405
0.155685 0.069427
0.155813 0.069431
0.155864 0.069454
0.155881 0.069631
0.156016 0.069645
0.156273 0.069647
0.156425 0.069660
0.156448 0.069730
0.156479 0.069740
0.156486 0.069787
0.156692 0.069802
0.156696 0.069953
0.156826 0.070051
0.156924 0.070096
0.157152 0.070162
0.157230 0.070173
0.157409 0.070262
0.157554 0.070407
0.157574 0.070490
0.157616 0.070491
0.157809 0.070524
0.157837 0.070717
0.158074 0.070860
0.158134 0.071015
0.158171 0.071174
0.158282 0.071230
0.158380 0.071302
0.158500 0.071382
0.158532 0.071511
0.158548 0.071570
0.158778 0.071570
0.158990 0.071801
0.159041 0.071953
0.159099 0.072000
0.159152 0.072010
0.159193 0.072039
0.159314 0.072291
0.159551 0.072357
0.159646 0.072405
0.159672 0.072446
0.159712 0.072590
0.159732 0.072600
0.159760 0.072720
0.159899 0.072780
0.160043 0.072917
0.160300 0.073099
0.160306 0.073139
0.160490 0.073257
0.160574 0.073338
0.160848 0.073543
0.161031 0.073664
0.161111 0.073720
0.161149 0.073889
0.161198 0.073916
0.161441 0.074012
0.161619 0.074024
0.161776 0.074160
0.161819 0.074493
0.161855 0.074635
0.161903 0.074827
0.161982 0.074910
0.162250 0.074963
0.162348 0.075088
0.162363 0.075090
0.162555 0.075093
0.162610 0.075110
0.163016 0.075149
0.163069 0.075240
0.163093 0.075267
0.163443 0.075540
0.163654 0.075650
0.163786 0.075655
0.163889 0.075686
0.164014 0.075759
0.164027 0.075765
0.164099 0.075820
0.164116 0.075897
0.164488 0.076123
0.164585 0.076170
0.164612 0.076433
0.164654 0.076531
0.164851 0.076625
0.165025 0.076627
0.165062 0.076700
0.165113 0.077151
0.165223 0.077292
0.165304 0.077349
0.165416 0.077410
0.165479 0.077580
0.165542 0.077610
0.165616 0.077644
0.165836 0.077681
0.165898 0.077690
0.165948 0.077708
0.165970 0.077740
0.166180 0.077993
0.166310 0.078041
0.166473 0.078134
0.166499 0.078197
0.166558 0.078411
0.166628 0.078440
0.166661 0.078558
0.166759 0.078784
0.166910 0.078798
0.166937 0.078852
0.167063 0.078944
0.167108 0.079131
0.167110 0.079140
0.167448 0.079180
0.167458 0.079181
0.167518 0.079199
0.167747 0.079478
0.167824 0.079540
0.167983 0.079551
0.167994 0.079593
0.168159 0.079644
0.168179 0.079653
0.168196 0.079698
0.168312 0.079842
0.168394 0.079996
0.168413 0.080034
0.168503 0.080174
0.168511 0.080385
0.168538 0.080420
0.168641 0.080440
0.168699 0.080450
0.168840 0.080562
0.168914 0.080568
0.169000 0.080654
0.169005 0.080805
0.169188 0.080810
0.169218 0.080975
0.169273 0.081028
0.169282 0.081242
0.169401 0.081322
0.169445 0.081479
0.169630 0.081597
0.169768 0.081638
0.169935 0.081644
0.169997 0.081740
0.170006 0.081804
0.170008 0.082133
0.170201 0.082253
0.170391 0.082314
0.170422 0.082345
0.170600 0.082359
0.170664 0.082459
0.170927 0.082500
0.171003 0.082665
0.171022 0.082740
0.171137 0.082850
0.171220 0.083256
0.171231 0.083297
0.171351 0.083323
0.171440 0.083343
0.171533 0.083372
0.171720 0.083430
0.171760 0.083511
0.171900 0.083523
0.172032 0.083531
0.172132 0.083736
0.172257 0.083780
0.172291 0.083860
0.172313 0.083896
0.172673 0.084090
0.172759 0.084140
0.172827 0.084369
0.172831 0.084386
0.172883 0.084505
0.173101 0.084550
0.173211 0.084690
0.173244 0.084710
0.173276 0.084791
0.173570 0.084810
0.173697 0.084810
0.173733 0.084884
0.173861 0.084990
0.174007 0.085135
0.174082 0.085144
0.174160 0.085450
0.174186 0.085571
0.174348 0.085836
0.174500 0.085888
0.174695 0.085980
0.174735 0.086087
0.174785 0.086265
0.174795 0.086315
0.174818 0.086315
0.174896 0.086346
0.174939 0.086615
0.175146 0.086673
0.175275 0.086720
0.175283 0.086843
0.175320 0.086958
0.175615 0.086970
0.175638 0.087005
0.175709 0.087210
0.175837 0.087213
0.175858 0.087513
0.176093 0.087531
0.176219 0.087745
0.176219 0.087784
0.176428 0.088220
0.176532 0.088237
0.176660 0.088244
0.176673 0.088433
0.176776 0.088525
0.176888 0.088590
0.176930 0.088670
0.177014 0.088747
0.177120 0.088813
0.177367 0.088838
0.177582 0.088970
0.177841 0.089478
0.178637 0.089600
0.178928 0.089701
0.179267 0.089760
0.179461 0.089877
0.179580 0.089896
0.179797 0.090569
0.179871 0.090607
0.179921 0.090830
0.180222 0.090835
0.180256 0.090928
0.180432 0.090997
0.180469 0.091005
0.180650 0.091094
0.180828 0.091258
0.180912 0.091338
0.181105 0.091420
0.181152 0.091458
0.181159 0.091464
0.181201 0.091558
0.181210 0.091604
0.181235 0.091835
0.181336 0.091850
0.181347 0.091872
0.181414 0.091987
0.181523 0.092203
0.181604 0.092291
0.181621 0.092303
0.181663 0.092321
0.181704 0.092480
0.181708 0.092805
0.181727 0.092832
0.181740 0.092851
0.181859 0.092901
0.181945 0.092921
0.182028 0.092935
0.182028 0.093020
0.182193 0.093074
0.182462 0.093110
0.182471 0.093160
0.182513 0.093210
0.182570 0.093621
0.182617 0.093638
0.182844 0.093640
0.183325 0.093640
0.183478 0.093663
0.183590 0.093726
0.183868 0.093767
0.183874 0.093846
0.184097 0.093890
0.184297 0.093895
0.184376 0.093900
0.184434 0.093947
0.184623 0.094021
0.184642 0.094198
0.184746 0.094231
0.184755 0.094332
0.184823 0.094352
0.185099 0.094384
0.185441 0.094450
0.185528 0.094475
0.185539 0.094491
0.185544 0.094524
0.185684 0.094539
0.185874 0.094575
0.185907 0.094739
0.186231 0.094968
0.186265 0.094996
0.186437 0.095009
0.186657 0.095118
0.186776 0.095287
0.186852 0.095387
0.187043 0.095433
0.187129 0.095467
0.187131 0.095656
0.187212 0.095775
0.187218 0.095977
0.187240 0.096017
0.187339 0.096061
0.187378 0.096169
0.187496 0.096305
0.187515 0.096368
0.187784 0.096597
0.187808 0.096619
0.187824 0.096630
0.187830 0.096687
0.187874 0.096830
0.187991 0.096880
0.188165 0.096897
0.188320 0.097020
0.188539 0.097107
0.189105 0.097310
0.189238 0.097348
0.189339 0.097620
0.189392 0.097873
0.189620 0.097948
0.189977 0.098017
0.190138 0.098080
0.190213 0.098135
0.190254 0.098222
0.190585 0.098361
0.190589 0.098410
0.190612 0.098411
0.190733 0.098612
0.190830 0.098619
0.190837 0.098706
0.191103 0.098833
0.191104 0.098863
0.191137 0.099013
0.191291 0.099051
0.191592 0.099323
0.191606 0.099477
0.191930 0.099613
0.191999 0.099918
0.192165 0.100108
0.192261 0.100230
0.192330 0.100253
0.192449 0.100320
0.192517 0.100401
0.192635 0.100473
0.192802 0.100770
0.192805 0.100785
0.192846 0.100836
0.193160 0.100863
0.193341 0.100920
0.193412 0.101038
0.193482 0.101057
0.193851 0.101170
0.193922 0.101188
0.193997 0.101217
0.194049 0.101380
0.194148 0.101396
0.194191 0.101501
0.194285 0.101563
0.194289 0.101565
0.194334 0.101577
0.194485 0.102109
0.194516 0.102235
0.194785 0.102384
0.194868 0.102456
0.195098 0.102526
0.195125 0.102586
0.195396 0.102681
0.195501 0.102698
0.195518 0.102793
0.195549 0.102913
0.195559 0.102994
0.195603 0.103050
0.195652 0.103329
0.195754 0.103331
0.195802 0.103384
0.195983 0.103543
0.196287 0.103665
0.196315 0.103695
0.196391 0.103776
0.196478 0.103919
0.196612 0.103920
0.197061 0.103969
0.197296 0.104041
0.197412 0.104077
0.197620 0.104164
0.197639 0.104205
0.197697 0.104552
0.197852 0.104569
0.198123 0.104628
0.198228 0.104651
0.198591 0.104911
0.198725 0.104932
0.198801 0.105188
0.198822 0.105190
0.198916 0.105235
0.199228 0.105308
0.199741 0.105326
0.199748 0.105342
0.199814 0.105748
0.199844 0.105853
0.200319 0.105872
0.200336 0.105961
0.200382 0.106007
0.200405 0.106102
0.200414 0.106103
0.200549 0.106108
0.200826 0.106216
0.201026 0.106343
0.201158 0.106415
0.201167 0.106518
0.201232 0.106652
0.201277 0.106673
0.201323 0.106732
0.201544 0.106759
0.201816 0.106810
0.202033 0.106913
0.202203 0.106914
0.202339 0.107406
0.202384 0.107500
0.202384 0.107564
0.202625 0.107580
0.202679 0.108054
0.202817 0.108090
0.202830 0.108112
0.202917 0.108349
0.203011 0.108378
0.203097 0.108379
0.203259 0.108424
0.203294 0.108567
0.203385 0.108948
0.203679 0.109073
0.203798 0.109095
0.203807 0.109186
0.203855 0.109203
0.204314 0.109239
0.204663 0.109436
0.204733 0.109498
0.204823 0.109584
0.204909 0.109648
0.204965 0.109760
0.205093 0.109806
0.205253 0.109933
0.205313 0.109987
0.205357 0.110262
0.205463 0.110334
0.205482 0.110488
0.205749 0.111170
0.206165 0.111195
0.206273 0.111212
0.206302 0.111361
0.206485 0.111389
0.206643 0.111549
0.206834 0.111597
0.206995 0.111650
0.207121 0.111716
0.207264 0.111736
0.207394 0.112326
0.207429 0.112441
0.207445 0.112502
0.207530 0.112610
0.207645 0.112864
0.207670 0.113008
0.207883 0.113125
0.207894 0.113128
0.207913 0.113237
0.208245 0.113278
0.208337 0.113320
0.208379 0.113391
0.208411 0.113438
0.208417 0.113780
0.208454 0.113926
0.208616 0.114108
0.208747 0.114231
0.208794 0.114247
0.208867 0.114360
0.209212 0.114389
0.209230 0.114461
0.209421 0.114510
0.209470 0.114580
0.209516 0.114597
0.209718 0.114850
0.209784 0.115010
0.209792 0.115051
0.210048 0.115190
0.210282 0.115333
0.210502 0.115481
0.210771 0.115686
0.210782 0.115767
0.210935 0.116026
0.211161 0.116130
0.211171 0.116145
0.211250 0.116191
0.211320 0.116222
0.211399 0.116260
0.211450 0.116280
0.211714 0.116302
0.211824 0.116666
0.212047 0.116700
0.212083 0.116941
0.212173 0.117583
0.212219 0.117713
0.212463 0.117738
0.212821 0.117766
0.212829 0.117930
0.212874 0.118070
0.212878 0.118262
0.213013 0.118434
0.213038 0.118554
0.213544 0.119099
0.213613 0.119132
0.213716 0.119391
0.213856 0.119539
0.213944 0.119636
0.214039 0.119804
0.214252 0.119838
0.214573 0.119881
0.214590 0.119951
0.214740 0.120068
0.214990 0.120117
0.215160 0.120137
0.215265 0.120261
0.215408 0.120314
0.215480 0.120350
0.215493 0.120497
0.215539 0.120504
0.215578 0.120624
0.215626 0.120686
0.215760 0.120710
0.215807 0.120850
0.215861 0.120892
0.215875 0.120940
0.215958 0.120968
0.216002 0.120978
0.216360 0.121234
0.216825 0.121255
0.217038 0.121733
0.217415 0.121830
0.217493 0.122060
0.217680 0.122089
0.217779 0.122226
0.217869 0.122269
0.217964 0.122520
0.218064 0.122574
0.218190 0.122614
0.218546 0.122666
0.218622 0.122765
0.218802 0.123066
0.218816 0.123236
0.218836 0.123273
0.218900 0.123298
0.219145 0.123304
0.219438 0.123321
0.219704 0.123337
0.219728 0.123384
0.219763 0.123422
0.219769 0.123570
0.220114 0.123600
0.220359 0.123638
0.220589 0.123856
0.220596 0.123885
0.220619 0.124014
0.220940 0.124243
0.221094 0.124502
0.221252 0.124632
0.221491 0.124663
0.221729 0.124753
0.221742 0.124805
0.222215 0.124815
0.222312 0.124904
0.222492 0.125053
0.222560 0.125406
0.222560 0.125792
0.222731 0.125810
0.222746 0.125900
0.222859 0.125926
0.222867 0.126429
0.222918 0.126804
0.222992 0.127070
0.223082 0.127227
0.223188 0.127357
0.223308 0.127377
0.223374 0.127418
0.223403 0.127529
0.223700 0.127553
0.223702 0.127800
0.223815 0.127803
0.223939 0.127843
0.224076 0.127890
0.224098 0.128152
0.224157 0.128324
0.224269 0.128519
0.224874 0.128915
0.225997 0.129070
0.226374 0.129190
0.226418 0.129395
0.226736 0.129631
0.226738 0.129799
0.226883 0.129857
0.226956 0.129949
0.227095 0.130117
0.227411 0.130148
0.227560 0.130163
0.227633 0.130254
0.227651 0.130375
0.227757 0.130418
0.228009 0.130501
0.228495 0.130686
0.228517 0.130694
0.228704 0.130843
0.228786 0.131400
0.228789 0.131448
0.228858 0.131613
0.229112 0.132031
0.229134 0.132067
0.229510 0.132168
0.229809 0.132262
0.229834 0.132614
0.229881 0.132804
0.229960 0.132837
0.229984 0.132963
0.230058 0.133282
0.230321 0.133454
0.230350 0.133594
0.230518 0.133725
0.230721 0.134260
0.230838 0.134741
0.230857 0.134867
0.231143 0.134916
0.231177 0.135004
0.231264 0.135038
0.231371 0.135064
0.231400 0.135271
0.231453 0.135389
0.231497 0.135880
0.231737 0.135901
0.231768 0.136000
0.231837 0.136063
0.232056 0.136222
0.232160 0.136278
0.232533 0.136390
0.232712 0.136422
0.232719 0.136613
0.232917 0.136732
0.233090 0.136907
0.233650 0.136930
0.233847 0.136941
0.234044 0.137067
0.234075 0.137443
0.234080 0.137613
0.234099 0.137618
0.234163 0.137756
0.234250 0.138478
0.234502 0.138588
0.234671 0.138809
0.234985 0.138885
0.235126 0.138894
0.235133 0.138907
0.235224 0.139055
0.235550 0.139242
0.235621 0.139259
0.235988 0.139301
0.235990 0.139440
0.236339 0.139495
0.236419 0.139585
0.236777 0.139873
0.236870 0.139917
0.237134 0.140033
0.237307 0.140172
0.237494 0.140327
0.237510 0.140342
0.237556 0.140445
0.237576 0.140728
0.237606 0.140914
0.237608 0.141109
0.237612 0.141627
0.237630 0.141778
0.237793 0.141888
0.237798 0.141911
0.237895 0.142374
0.238084 0.142476
0.238123 0.142625
0.238133 0.142662
0.238201 0.142710
0.238292 0.142765
0.238293 0.142827
0.238383 0.143245
0.238667 0.143314
0.238671 0.143713
0.238784 0.143824
0.238869 0.144104
0.238909 0.144150
0.238985 0.144178
0.239502 0.144209
0.239719 0.144243
0.239821 0.144329
0.239915 0.144508
0.240077 0.144540
0.240114 0.144549
0.240122 0.144822
0.240224 0.144854
0.240497 0.145018
0.240574 0.145048
0.240587 0.145499
0.240595 0.145562
0.240799 0.145727
0.240804 0.146102
0.240857 0.146508
0.241315 0.146532
0.241635 0.146790
0.241698 0.146907
0.241901 0.146937
0.241920 0.146966
0.241921 0.146993
0.242170 0.147015
0.242222 0.147133
0.242251 0.147289
0.242304 0.147322
0.242329 0.147354
0.242490 0.147664
0.242737 0.147730
0.242969 0.147815
0.243051 0.147828
0.243119 0.148086
0.243153 0.148254
0.243699 0.148315
0.243715 0.148385
0.243817 0.148426
0.243982 0.148541
0.244344 0.148751
0.244569 0.148844
0.244596 0.148855
0.244608 0.149290
0.244648 0.149427
0.245581 0.149839
0.246076 0.149935
0.246207 0.150021
0.246494 0.150023
0.246522 0.150058
0.246568 0.150067
0.246581 0.150072
0.246859 0.150115
0.246898 0.150139
0.246930 0.150163
0.247213 0.150362
0.247310 0.150460
0.247618 0.150659
0.247675 0.150680
0.248113 0.150710
0.248357 0.150845
0.248715 0.151097
0.248838 0.151342
0.249030 0.151508
0.249046 0.151579
0.249417 0.151700
0.249509 0.151760
0.249581 0.151849
0.250165 0.152165
0.250467 0.152223
0.250731 0.152795
0.250761 0.153273
0.250804 0.153366
0.251202 0.153391
0.251389 0.154250
0.251490 0.154269
0.251799 0.154291
0.251941 0.154324
0.251987 0.154520
0.252269 0.154947
0.252382 0.155343
0.252661 0.155642
0.252882 0.155990
0.253314 0.156402
0.253346 0.156787
0.253466 0.156895
0.253716 0.157204
0.253869 0.157283
0.254078 0.157688
0.254159 0.157729
0.254287 0.157792
0.254369 0.157977
0.254738 0.158165
0.254755 0.158466
0.254763 0.158498
0.254782 0.158906
0.254787 0.159252
0.254966 0.159329
0.254967 0.160001
0.255046 0.160010
0.255076 0.160022
0.255121 0.160058
0.255762 0.160289
0.255775 0.160424
0.255911 0.160465
0.256038 0.160473
0.256068 0.160736
0.256166 0.161461
0.256483 0.161469
0.256525 0.161813
0.256722 0.162073
0.256956 0.162112
0.257108 0.162175
0.257225 0.162199
0.257306 0.162215
0.257355 0.162243
0.257660 0.162325
0.257821 0.162473
0.258023 0.162626
0.258163 0.162657
0.258199 0.162786
0.258307 0.162821
0.258587 0.163288
0.258676 0.163296
0.258802 0.163380
0.258892 0.163403
0.258895 0.163506
0.258907 0.163728
0.258962 0.163731
0.259144 0.164364
0.259280 0.164573
0.259332 0.164575
0.259375 0.164586
0.259382 0.164747
0.259459 0.165019
0.259474 0.165156
0.259634 0.165576
0.259652 0.165710
0.259712 0.165785
0.259835 0.166149
0.259888 0.166196
0.260109 0.166406
0.260466 0.166513
0.260575 0.166548
0.260633 0.166699
0.260640 0.166740
0.260713 0.166796
0.261031 0.166996
0.261054 0.167351
0.261058 0.167446
0.261067 0.167470
0.261509 0.167547
0.261550 0.168112
0.261587 0.168119
0.261852 0.168268
0.262427 0.168357
0.263067 0.168441
0.263071 0.168719
0.263368 0.168773
0.263433 0.168946
0.263632 0.169286
0.263912 0.169431
0.264028 0.169549
0.264168 0.169714
0.264186 0.170208
0.264277 0.170387
0.264309 0.170394
0.264324 0.170701
0.264353 0.170874
0.264357 0.171013
0.264405 0.171346
0.264496 0.171574
0.265340 0.171640
0.265372 0.171693
0.265544 0.171740
0.265618 0.171750
0.265626 0.171987
0.266182 0.172065
0.266211 0.172138
0.266286 0.172155
0.266325 0.172199
0.266551 0.172610
0.266701 0.172630
0.266727 0.172673
0.266752 0.172696
0.266879 0.172803
0.266928 0.172875
0.267257 0.173254
0.267857 0.173477
0.267909 0.173568
0.267955 0.173639
0.268155 0.173891
0.268192 0.173910
0.268573 0.173954
0.268976 0.174027
0.269151 0.174515
0.269424 0.174841
0.269578 0.174883
0.270025 0.175073
0.270577 0.175106
0.270678 0.175502
0.271031 0.175853
0.271214 0.175896
0.271333 0.175924
0.271376 0.176122
0.271386 0.176146
0.271620 0.176409
0.271632 0.176467
0.271847 0.176504
0.271861 0.177351
0.272005 0.177452
0.272043 0.177513
0.272200 0.177568
0.272285 0.177579
0.272289 0.177592
0.272456 0.177642
0.272579 0.177758
0.272946 0.177830
0.273136 0.178005
0.273153 0.178213
0.273293 0.178349
0.273311 0.179183
0.273594 0.179884
0.273621 0.180117
0.273951 0.180381
0.274044 0.180723
0.274068 0.180730
0.274099 0.180979
0.274460 0.181201
0.274589 0.181211
0.275059 0.181325
0.275096 0.181525
0.275343 0.181766
0.275565 0.182163
0.275844 0.182310
0.276036 0.182431
0.276163 0.182605
0.276219 0.182843
0.276292 0.182855
0.276507 0.183004
0.276552 0.183149
0.277041 0.184151
0.277247 0.184622
0.277258 0.185559
0.277431 0.185595
0.277493 0.185851
0.277534 0.185976
0.277822 0.186053
0.278244 0.186596
0.278263 0.186963
0.278567 0.187864
0.278775 0.188242
0.279028 0.188798
0.279165 0.188852
0.279346 0.188930
0.279361 0.189081
0.279381 0.189188
0.279616 0.189853
0.279920 0.190600
0.280138 0.190607
0.280279 0.190854
0.280405 0.191484
0.280424 0.192411
0.280469 0.192419
0.280666 0.192423
0.281004 0.192771
0.281086 0.193330
0.281261 0.193532
0.281834 0.193594
0.281893 0.193958
0.281925 0.194039
0.282243 0.194122
0.282275 0.194162
0.282335 0.194288
0.282488 0.194407
0.282489 0.194495
0.282536 0.194520
0.282610 0.194680
0.282641 0.195853
0.283061 0.196201
0.283175 0.196287
0.283590 0.196301
0.283612 0.196454
0.283640 0.196521
0.283708 0.196905
0.283717 0.197306
0.283795 0.197319
0.284012 0.197449
0.284042 0.197976
0.284106 0.198102
0.284283 0.198115
0.284686 0.198319
0.285163 0.198521
0.285444 0.198864
0.285579 0.198945
0.285655 0.199108
0.285693 0.199328
0.285745 0.199715
0.286486 0.199771
0.286528 0.199878
0.286540 0.200064
0.286770 0.200170
0.286991 0.201118
0.287020 0.201296
0.287048 0.201323
0.287399 0.201574
0.287553 0.201651
0.288025 0.201852
0.288366 0.202571
0.288412 0.202579
0.288437 0.202864
0.288841 0.202930
0.289020 0.202987
0.289207 0.203409
0.289804 0.203499
0.290136 0.203658
0.290391 0.204599
0.290400 0.204758
0.290442 0.204813
0.290579 0.205051
0.290803 0.205751
0.290972 0.205824
0.291318 0.205928
0.291560 0.205998
0.291945 0.206113
0.292200 0.206257
0.292552 0.206371
0.292958 0.206392
0.293115 0.206587
0.293302 0.207337
0.293339 0.207392
0.293392 0.207752
0.293434 0.208763
0.293469 0.209388
0.293678 0.210766
0.293933 0.210987
0.294093 0.211313
0.294251 0.211487
0.294321 0.211793
0.294562 0.212152
0.294909 0.212291
0.295615 0.212440
0.295831 0.212503
0.295980 0.213455
0.296079 0.213822
0.296311 0.215847
0.296455 0.216471
0.296624 0.216577
0.296852 0.216990
0.297032 0.217090
0.297125 0.217114
0.297517 0.217155
0.297907 0.217988
0.297992 0.218008
0.298793 0.218041
0.299086 0.218670
0.299093 0.218866
0.299204 0.219333
0.299333 0.219341
0.299351 0.219355
0.299400 0.219560
0.299529 0.219947
0.299588 0.220618
0.299632 0.220672
0.299665 0.221158
0.299691 0.221222
0.299933 0.221375
0.300023 0.222070
0.300104 0.222313
0.300181 0.222596
0.300181 0.222705
0.300650 0.222738
0.300660 0.222992
0.301437 0.223394
0.301940 0.223551
0.303179 0.223689
0.303267 0.224167
0.303379 0.224378
0.303528 0.224418
0.303552 0.224443
0.303941 0.225553
0.304437 0.225832
0.304649 0.225991
0.304656 0.225998
0.304796 0.226431
0.305067 0.226507
0.305223 0.226771
0.305596 0.226801
0.305747 0.227015
0.305839 0.227264
0.306371 0.227851
0.306520 0.227914
0.306708 0.228132
0.306791 0.228296
0.306893 0.228690
0.307068 0.229032
0.307086 0.229865
0.307121 0.230638
0.307287 0.230656
0.307384 0.231016
0.307565 0.231225
0.307616 0.231283
0.307799 0.231440
0.307978 0.231741
0.308029 0.232538
0.308530 0.233323
0.309012 0.233450
0.309077 0.233772
0.309189 0.233796
0.309769 0.234163
0.309893 0.235222
0.309942 0.235222
0.309974 0.235674
0.310020 0.235733
0.310063 0.236950
0.310090 0.237098
0.310136 0.237517
0.310152 0.237723
0.310389 0.237829
0.310552 0.238135
0.310570 0.238468
0.310764 0.239007
0.311420 0.239601
0.311747 0.239989
0.312083 0.240341
0.312475 0.240805
0.312531 0.241541
0.312975 0.241705
0.313512 0.241756
0.313778 0.242619
0.314090 0.242663
0.314268 0.242741
0.314633 0.243348
0.315042 0.243542
0.315407 0.243825
0.315845 0.245473
0.316085 0.246051
0.316382 0.246126
0.316720 0.246333
0.316828 0.247340
0.317417 0.247699
0.317483 0.248761
0.317611 0.249952
0.317668 0.250324
0.317673 0.250658
0.317886 0.250719
0.318139 0.250752
0.318263 0.250921
0.318665 0.251089
0.318770 0.251772
0.319131 0.252533
0.319322 0.252915
0.319610 0.253275
0.320192 0.253469
0.320254 0.253693
0.320941 0.253852
0.321439 0.254862
0.321788 0.255077
0.322076 0.255099
0.323379 0.255394
0.323615 0.256972
0.323631 0.257711
0.323946 0.258032
0.324085 0.258207
0.324402 0.258317
0.324874 0.258682
0.324921 0.259494
0.324937 0.259720
0.325091 0.260067
0.325534 0.260826
0.325740 0.261423
0.326184 0.262595
0.326218 0.262818
0.326546 0.266265
0.326837 0.266297
0.326956 0.266369
0.327039 0.266606
0.327763 0.267053
0.327996 0.267167
0.328855 0.267735
0.328866 0.268680
0.328979 0.270418
0.329444 0.270422
0.330174 0.270586
0.330890 0.272012
0.330983 0.272928
0.331610 0.272955
0.331838 0.273559
0.331869 0.274000
0.332030 0.274448
0.332810 0.274718
0.333639 0.275750
0.334784 0.276307
0.335068 0.276550
0.335183 0.277150
0.335898 0.277259
0.336344 0.277786
0.336958 0.280899
0.337391 0.281508
0.337582 0.281732
0.337723 0.282004
0.337810 0.282655
0.338517 0.282663
0.338524 0.284655
0.338805 0.284763
0.339060 0.284861
0.340464 0.286668
0.341418 0.289424
0.341712 0.291249
0.342867 0.291905
0.343399 0.292693
0.343690 0.293205
0.344189 0.295611
0.344599 0.297159
0.345991 0.297543
0.346241 0.297648
0.346431 0.298620
0.347288 0.299896
0.347586 0.299900
0.349060 0.300505
0.349365 0.301964
0.350248 0.304147
0.350263 0.304720
0.353444 0.305350
0.354201 0.308636
0.355990 0.310193
0.357591 0.310714
0.357592 0.314179
0.357794 0.314961
0.358207 0.315553
0.359190 0.316158
0.360906 0.316337
0.361130 0.316861
0.361647 0.318906
0.363673 0.319456
0.363707 0.319987
0.364317 0.320936
0.364420 0.326945
0.364633 0.327904
0.364716 0.328604
0.365611 0.330476
0.367405 0.332570
0.367974 0.334852
0.370163 0.337910
0.372075 0.344668
0.372447 0.347467
0.375175 0.347886
0.393971 0.362160
