0.0177965 0.000411624
0.0178542 0.000712261
0.0180746 0.000741766
0.0186982 0.000899493
0.0188165 0.00119513
0.0188715 0.00121573
0.0199257 0.00135848
0.0206689 0.0022139
0.020776 0.00238743
0.0208749 0.00267778
0.0218838 0.00269372
0.0228999 0.00277485
0.0234328 0.00279025
0.0237017 0.00283323
0.0241023 0.0029044
0.024365 0.00301278
0.024538 0.00311914
0.024772 0.00321127
0.0249742 0.00325045
0.0250008 0.00336447
0.0251775 0.00349022
0.0254104 0.00369749
0.0254993 0.00383751
0.0255651 0.00387176
0.0257563 0.00397201
0.026137 0.00404096
0.0264656 0.00408771
0.0266266 0.00422393
0.027115 0.00438465
0.0280473 0.00439962
0.028754 0.00450302
0.0289637 0.00453754
0.0290827 0.00465219
0.0292646 0.00466805
0.0292802 0.00469356
0.0293149 0.00482484
0.0296499 0.00483886
0.0298317 0.00486144
0.0312618 0.00500912
0.0314048 0.0050955
0.0314371 0.00525201
0.0319603 0.00535271
0.0319967 0.00535657
0.0323856 0.00549907
0.0327424 0.00561089
0.0330608 0.00577278
0.0333095 0.00578025
0.0334223 0.00588579
0.0336471 0.00594463
0.0336739 0.00597182
0.0336793 0.00602151
0.033882 0.00608459
0.0340777 0.00627072
0.034457 0.00630784
0.0344672 0.00632187
0.0346815 0.00632621
0.0348702 0.00636863
0.0348789 0.00639974
0.0350007 0.00648121
0.0350254 0.0064962
0.0355542 0.00669653
0.0356833 0.00684177
0.0361184 0.006905
0.0363097 0.00703956
0.0366506 0.00705281
0.0367007 0.00712015
0.0368855 0.00712313
0.0373736 0.0071453
0.0379013 0.00718031
0.037945 0.0073462
0.0380672 0.0073782
0.0380809 0.00738904
0.0382907 0.00744882
0.0384338 0.00748459
0.0384362 0.00760916
0.0388189 0.00771598
0.0389586 0.00776281
0.0390417 0.00777266
0.0390871 0.00788563
0.0391274 0.00793307
0.0393857 0.00806087
0.039485 0.00809021
0.0395853 0.00819497
0.0398494 0.00822819
0.0399409 0.00823869
0.0399773 0.00826999
0.0401253 0.00835018
0.0404455 0.00840568
0.0404495 0.00851305
0.0406246 0.00857883
0.0406265 0.00877483
0.0406835 0.00900753
0.040757 0.00902136
0.0410222 0.0090234
0.0413744 0.00903457
0.0413749 0.00905421
0.0415104 0.00909338
0.0419706 0.00910308
0.0421708 0.0091904
0.0425285 0.00919352
0.0426251 0.009221
0.0426434 0.00923378
0.0432265 0.0093154
0.0432671 0.00933024
0.0432779 0.00941575
0.0433403 0.00943589
0.0433638 0.00954863
0.043475 0.00957733
0.0435199 0.00960306
0.0436214 0.00964698
0.0437124 0.00966059
0.0437898 0.00966516
0.0440731 0.00972658
0.0445635 0.00981418
0.044713 0.00982485
0.0447477 0.00984593
0.0447951 0.00985223
0.0451383 0.00988833
0.0451765 0.00989355
0.0451776 0.00999294
0.0452033 0.0100028
0.0452799 0.0101121
0.0453141 0.0101889
0.0457314 0.0102179
0.0460912 0.0104115
0.0461089 0.0105638
0.0461245 0.0105765
0.0461962 0.0105828
0.0463386 0.0106384
0.0465494 0.010651
0.0466595 0.0107427
0.0467465 0.0107951
0.0467971 0.0108156
0.0468013 0.0108373
0.0469111 0.0108659
0.0469543 0.010944
0.0470593 0.0110628
0.0472112 0.0110772
0.0473345 0.0112121
0.0473367 0.011213
0.047451 0.0112178
0.0475052 0.0112664
0.0476808 0.0113966
0.0479392 0.0113996
0.0481276 0.0114033
0.0481333 0.0114326
0.0481824 0.011462
0.0484641 0.0115712
0.0485074 0.0116121
0.0485262 0.0116187
0.0486371 0.0116805
0.0493106 0.0116809
0.0494968 0.0116865
0.049891 0.0116973
0.0504052 0.0117002
0.0506799 0.0118043
0.0509307 0.0120714
0.05098 0.0120736
0.0512417 0.0121094
0.0514929 0.0121349
0.0515461 0.0122381
0.0515504 0.0122592
0.0516543 0.012275
0.0517435 0.0123736
0.0517917 0.0123779
0.0520021 0.0123915
0.0522087 0.0124631
0.0523405 0.0124722
0.0523767 0.0125271
0.0524558 0.0126431
0.0524625 0.0127142
0.0524861 0.0127446
0.052721 0.0128001
0.0530251 0.0128578
0.0530282 0.0128957
0.0531038 0.0129048
0.0531241 0.0129436
0.0531615 0.0129819
0.0534181 0.0130752
0.0534458 0.0133908
0.053447 0.0135848
0.0534589 0.0136626
0.0535816 0.0136807
0.0535999 0.0137209
0.0537466 0.0137881
0.0538075 0.0138195
0.0538145 0.0138243
0.05385 0.0138295
0.0538799 0.0138512
0.0539962 0.0138696
0.0540725 0.0138754
0.0541506 0.0139357
0.054369 0.0139584
0.0546901 0.0139663
0.0548973 0.0140293
0.0549922 0.0140691
0.0550245 0.0142987
0.0552287 0.0143114
0.0552535 0.0144326
0.0552819 0.0144599
0.0553243 0.014516
0.0553508 0.0146007
0.0553887 0.0146254
0.0554212 0.0146774
0.0554866 0.0147054
0.0556638 0.0147253
0.0557042 0.0147723
0.0558081 0.0147849
0.0559252 0.0148527
0.0561106 0.0148938
0.0561459 0.0149296
0.056223 0.0149783
0.0562358 0.015131
0.0562424 0.0151934
0.0562974 0.015217
0.0563026 0.0152208
0.0564609 0.0152506
0.0569519 0.0152705
0.0569695 0.0152744
0.0570222 0.0153618
0.0574958 0.0153956
0.0575018 0.0154285
0.0575455 0.015505
0.0577537 0.015517
0.0577696 0.0156635
0.0578313 0.015714
0.0580868 0.0157145
0.0581382 0.0158147
0.0581504 0.0158609
0.0581924 0.0158845
0.0582116 0.0159929
0.0583519 0.0160739
0.0584293 0.0160833
0.0587185 0.0161865
0.0587729 0.0162557
0.0588079 0.0162932
0.0588354 0.0163135
0.0589572 0.0163559
0.059085 0.0163669
0.0590856 0.0164152
0.0591585 0.0164819
0.0592411 0.0165249
0.059255 0.016541
0.0593641 0.0165578
0.059376 0.0165598
0.0593814 0.0166256
0.0593885 0.0166765
0.0594116 0.0169181
0.0594189 0.0169472
0.0596874 0.016959
0.0597218 0.0170083
0.0598264 0.0170778
0.0599316 0.0171076
0.0600774 0.0171108
0.060149 0.0171381
0.0602806 0.0172469
0.0603597 0.017274
0.0606691 0.0173021
0.0609378 0.0173059
0.0609847 0.0173771
0.0610809 0.0173975
0.0612123 0.0175275
0.0612614 0.0176198
0.0614423 0.0177219
0.0615975 0.0177272
0.0617553 0.0177399
0.0618923 0.0177479
0.0619262 0.0177787
0.0623421 0.0178304
0.0624335 0.0178354
0.0624614 0.0178932
0.062607 0.017956
0.0626456 0.0179782
0.0626479 0.0180621
0.0628452 0.0181581
0.0630344 0.0182021
0.0633956 0.0183757
0.0636391 0.0184223
0.0636951 0.0184337
0.0638941 0.0187273
0.0639715 0.01877
0.0641643 0.0188226
0.0641815 0.0188907
0.0642302 0.0189527
0.064309 0.0190651
0.0644168 0.0191001
0.0645963 0.019161
0.0646095 0.0191616
0.0647759 0.0191809
0.0648916 0.0191979
0.06504 0.0193381
0.0650704 0.0193626
0.0652486 0.0193796
0.0654086 0.0194045
0.0655511 0.0194899
0.0656123 0.0197298
0.06589 0.0197929
0.0659463 0.0197945
0.0659586 0.0198285
0.0660896 0.0198823
0.0661917 0.0198852
0.0662248 0.0199395
0.0662628 0.0199611
0.0663822 0.0200424
0.0665183 0.0201026
0.0666223 0.0201262
0.0666468 0.0201486
0.0667392 0.0201798
0.0667702 0.0202144
0.0668513 0.0202521
0.066879 0.0203112
0.0670117 0.0203654
0.0670125 0.0204009
0.0671101 0.0204739
0.0671136 0.0204749
0.0671763 0.0205652
0.0676612 0.0206588
0.0676778 0.020747
0.0678927 0.020844
0.0679321 0.0209176
0.0681288 0.0209366
0.0681717 0.0210249
0.0682533 0.0210746
0.0684123 0.0210881
0.068485 0.0211105
0.0687237 0.0211282
0.0687283 0.0211414
0.0688348 0.0212664
0.0689061 0.0213334
0.0689987 0.0214063
0.0690074 0.021418
0.0690279 0.0214277
0.0690615 0.0214336
0.0691032 0.0214829
0.0691179 0.0214874
0.0692167 0.0214961
0.069278 0.0215047
0.0695123 0.0215151
0.0695531 0.0215692
0.06968 0.0215925
0.0700456 0.0215998
0.0700595 0.0217038
0.0703668 0.0217271
0.0704412 0.0217626
0.0705065 0.0217796
0.0706521 0.0218009
0.0708 0.0218476
0.070806 0.0218896
0.0709114 0.0220188
0.0709315 0.0221741
0.0709995 0.0222438
0.0710098 0.0223193
0.0710598 0.0223268
0.0714779 0.0224033
0.0715268 0.0224337
0.0715451 0.0225495
0.0715609 0.0226749
0.0715701 0.0226821
0.0715714 0.0227128
0.0716329 0.0227185
0.0718603 0.0227554
0.0719664 0.0228049
0.0720188 0.0229104
0.0721717 0.0229349
0.0721864 0.022937
0.0722976 0.0230091
0.0723324 0.0230239
0.0723413 0.0230765
0.0723668 0.0230909
0.0724453 0.0231314
0.0725145 0.0232156
0.0726236 0.0232365
0.0726571 0.023297
0.0726819 0.0232996
0.0726891 0.0233269
0.0726957 0.0233658
0.0728821 0.0233834
0.0729909 0.0234172
0.0731565 0.0234752
0.0731888 0.0235312
0.073198 0.0235732
0.0732754 0.0236368
0.0734506 0.0237185
0.0734523 0.023767
0.0734746 0.0237913
0.0735078 0.0238065
0.07358 0.0238526
0.0737463 0.0238709
0.074188 0.0239114
0.074261 0.0239501
0.0743587 0.0240106
0.0745801 0.0240108
0.0746233 0.0240514
0.0747938 0.0240845
0.0749648 0.0241136
0.0751117 0.024131
0.0752134 0.0241443
0.0753695 0.0242814
0.0753812 0.0243674
0.0754548 0.0243711
0.075502 0.0243747
0.0755245 0.0244804
0.0755312 0.0245609
0.0756043 0.024592
0.0756909 0.0246457
0.0758752 0.0246624
0.0759531 0.0246917
0.0759698 0.0247192
0.0761277 0.0247196
0.0761751 0.0247319
0.0761987 0.0247352
0.0762167 0.0247372
0.0762491 0.0247507
0.0762743 0.0247534
0.0762991 0.024828
0.0764286 0.0248982
0.0764691 0.0249291
0.0765509 0.0250389
0.0767224 0.0250391
0.0768985 0.025081
0.0769171 0.0251731
0.0769483 0.0251924
0.0769675 0.0252449
0.0771246 0.0254187
0.0771653 0.0254585
0.0772568 0.0255311
0.0772813 0.0255821
0.0773369 0.025586
0.0774087 0.0255985
0.0777659 0.0256533
0.077822 0.0256567
0.0779284 0.0256795
0.0779685 0.0259507
0.0782322 0.0261326
0.0782394 0.026225
0.0782506 0.0262477
0.078419 0.0262485
0.0785033 0.0262921
0.0786786 0.026302
0.0786927 0.0263139
0.0787898 0.0263502
0.0788221 0.0264227
0.0789093 0.026458
0.0790671 0.0265955
0.0791844 0.0266116
0.0793124 0.0266433
0.079385 0.0266911
0.0796256 0.0267392
0.0798964 0.0267459
0.0799707 0.0267947
0.0800691 0.0268052
0.0801219 0.0268069
0.0801631 0.0268363
0.0803154 0.0269114
0.0804672 0.0270128
0.0811694 0.0271514
0.0811884 0.0273478
0.081396 0.0273761
0.0814165 0.027377
0.0815809 0.0274141
0.0815857 0.0274389
0.0818705 0.0274494
0.082188 0.0274626
0.0822268 0.0274869
0.0822571 0.0275385
0.082603 0.0275461
0.0826537 0.0277805
0.0826839 0.0278595
0.0828356 0.0279649
0.0828563 0.0279866
0.0829726 0.0280589
0.0830022 0.0282148
0.0830343 0.0282642
0.0830743 0.0282681
0.0832799 0.0282964
0.0832984 0.0284423
0.0833045 0.0284783
0.0834622 0.0286124
0.0837022 0.0286237
0.0837674 0.0287497
0.0842444 0.0287722
0.0843927 0.0288487
0.0845359 0.0289014
0.0845467 0.0289467
0.0845481 0.0289758
0.0847777 0.0289855
0.0848291 0.0290156
0.0850355 0.0290847
0.0850396 0.0291412
0.0852737 0.0291678
0.0853828 0.0292575
0.0856108 0.029289
0.0856225 0.0293725
0.0856397 0.0294427
0.08582 0.0294491
0.0859315 0.0294501
0.0859528 0.0295922
0.0859542 0.0296418
0.0860034 0.0297893
0.0861077 0.0298895
0.0861713 0.0299041
0.0863372 0.0299366
0.0863821 0.029966
0.0864161 0.0300145
0.0866229 0.0301036
0.0867886 0.0301919
0.0869145 0.0302203
0.0869346 0.0304255
0.0870482 0.0305236
0.0871072 0.0305502
0.0872165 0.0305556
0.0872952 0.0305833
0.0873825 0.030612
0.0874716 0.0306613
0.0875336 0.0306714
0.087624 0.0307106
0.0878645 0.0307181
0.0878748 0.0307319
0.0879025 0.0308073
0.0882019 0.0308238
0.0884196 0.0308821
0.0886596 0.0309699
0.0887103 0.030974
0.0887268 0.0310441
0.0888461 0.0310483
0.0888918 0.0310578
0.0890211 0.0312181
0.0890372 0.031431
0.0890612 0.0314566
0.0897159 0.0316056
0.089741 0.0316702
0.0897938 0.0316861
0.089828 0.0317481
0.089872 0.0317932
0.0898749 0.0318287
0.0899012 0.0318351
0.089966 0.0318505
0.0899994 0.0318616
0.0900008 0.0318673
0.0900576 0.0319239
0.0901554 0.0319729
0.0902436 0.0319758
0.0904098 0.0319846
0.0908259 0.0320415
0.09086 0.0321228
0.0908806 0.0321636
0.0909255 0.032219
0.091115 0.0322503
0.0911947 0.0322812
0.0912973 0.0323261
0.0913968 0.0323871
0.0914225 0.0324028
0.0914327 0.0324287
0.0914668 0.0324394
0.0915242 0.032515
0.091566 0.0325604
0.0916209 0.032634
0.0916412 0.032674
0.0918243 0.0328273
0.0918513 0.0328418
0.0918525 0.0328615
0.0919352 0.0328824
0.0921348 0.032997
0.0922133 0.0332659
0.0922783 0.033299
0.0923622 0.033315
0.0925225 0.033316
0.0925312 0.0334629
0.0925332 0.0335012
0.0925373 0.0335234
0.0926507 0.0335336
0.0926546 0.0336461
0.0930398 0.0336599
0.0930495 0.0336969
0.0930913 0.0337081
0.0931522 0.0337333
0.093208 0.0338471
0.0932187 0.0338788
0.0932268 0.0339037
0.0933813 0.0339587
0.093487 0.0339832
0.093521 0.0339867
0.0935374 0.0340858
0.0935577 0.0341378
0.093568 0.0341659
0.0937477 0.0342183
0.0939052 0.034265
0.0939276 0.0342752
0.0939541 0.0342867
0.0940254 0.0342912
0.0940667 0.0343465
0.0943862 0.0343744
0.094543 0.0343929
0.094565 0.0344109
0.0946255 0.0344283
0.0946502 0.0344398
0.0946603 0.0345757
0.0947241 0.0346538
0.0948221 0.034824
0.0948395 0.0348367
0.0949149 0.0348598
0.0951138 0.0350815
0.095191 0.0351114
0.0953252 0.0352057
0.0953717 0.0352062
0.0955984 0.0352329
0.0956624 0.035293
0.0958992 0.0353082
0.0959848 0.0353837
0.0960086 0.0354121
0.0960141 0.035466
0.0960212 0.0354869
0.0961666 0.0355473
0.0962147 0.035601
0.0966803 0.0356492
0.0967588 0.035763
0.0971007 0.0358631
0.09712 0.0361375
0.0976266 0.0362003
0.0976618 0.0362287
0.0976809 0.0362466
0.0977157 0.036308
0.0977638 0.0363266
0.097819 0.0364666
0.0979782 0.0365078
0.0980609 0.0365203
0.098114 0.0365428
0.0982997 0.036591
0.0984605 0.0365923
0.0985142 0.0366469
0.0987164 0.0366649
0.098808 0.0366924
0.0988381 0.0367837
0.0990296 0.0368055
0.0991536 0.036851
0.0995092 0.0368883
0.0995416 0.0369202
0.0997732 0.0369419
0.100138 0.0369575
0.100178 0.0369739
0.100515 0.0369999
0.100533 0.0370008
0.100587 0.0370426
0.100638 0.0370608
0.100836 0.0371127
0.100854 0.0371226
0.100999 0.0371476
0.10113 0.0371659
0.10114 0.0371924
0.101208 0.037322
0.101631 0.0373309
0.101804 0.0374137
0.101936 0.0374329
0.101955 0.0375189
0.102005 0.0375462
0.102162 0.0375735
0.102256 0.037735
0.102437 0.0377767
0.102485 0.0378024
0.102603 0.0379095
0.102814 0.037933
0.102834 0.0379332
0.102842 0.0379992
0.102901 0.0381797
0.102927 0.038186
0.102986 0.0382344
0.103076 0.0382757
0.103156 0.0384028
0.103198 0.0384064
0.103356 0.0384405
0.103408 0.0384952
0.103545 0.0385248
0.103556 0.0385624
0.103766 0.0385675
0.103978 0.0385693
0.103988 0.0385805
0.104141 0.0386115
0.104173 0.0388226
0.104173 0.0388231
0.104218 0.0388471
0.104299 0.0388692
0.104369 0.0388736
0.104417 0.0389059
0.104442 0.0389133
0.104463 0.0389349
0.105047 0.0389615
0.105204 0.0389703
0.105261 0.039028
0.105266 0.0390541
0.105397 0.0391149
0.105446 0.0391228
0.105505 0.0394488
0.10568 0.0395371
0.105946 0.0395465
0.106125 0.0396108
0.106141 0.0396354
0.106165 0.0396474
0.106291 0.0396959
0.106323 0.0397635
0.106489 0.039801
0.106528 0.0398429
0.106618 0.0398449
0.106626 0.0399021
0.106726 0.0399333
0.106773 0.039936
0.106884 0.0399456
0.106951 0.0399763
0.10743 0.0399946
0.107463 0.0400032
0.107484 0.0400253
0.10781 0.0401042
0.107881 0.0401574
0.108 0.040206
0.108073 0.040232
0.108208 0.0403108
0.108239 0.0403183
0.108476 0.0405182
0.108811 0.0405215
0.108867 0.0405251
0.108923 0.0405497
0.108952 0.0406002
0.109069 0.0406529
0.109094 0.0406745
0.10937 0.040688
0.109465 0.0406995
0.109608 0.0407431
0.110514 0.0407613
0.110546 0.0407886
0.110662 0.0408353
0.110786 0.0408559
0.11116 0.0409415
0.111283 0.0410126
0.111409 0.0410788
0.111524 0.0411411
0.111584 0.041146
0.111891 0.0411546
0.111935 0.0411647
0.111995 0.0413175
0.11217 0.0413509
0.112332 0.0413779
0.112373 0.0414355
0.11252 0.0414667
0.112663 0.0415527
0.112849 0.0416076
0.112983 0.0416108
0.112996 0.0416202
0.11308 0.0417117
0.113089 0.0417312
0.113212 0.0417437
0.113302 0.0418052
0.113428 0.0418132
0.113549 0.0419254
0.113674 0.0419631
0.113676 0.0421792
0.113779 0.0422426
0.113907 0.0422537
0.113998 0.042264
0.114062 0.0423588
0.114108 0.0423865
0.114152 0.0428898
0.114305 0.042995
0.114362 0.0430057
0.114565 0.0430066
0.114612 0.0430642
0.114657 0.0431093
0.114696 0.0431385
0.114779 0.0431911
0.115261 0.0434152
0.115392 0.0434525
0.115523 0.0435044
0.115557 0.0435551
0.115684 0.0436983
0.115725 0.0437306
0.115992 0.0437465
0.116283 0.0437951
0.116504 0.0438244
0.116627 0.0439084
0.116676 0.0439389
0.116804 0.0441168
0.116965 0.0441423
0.117011 0.0441985
0.117093 0.0442925
0.117285 0.0442942
0.117333 0.0443401
0.117373 0.0444435
0.117696 0.0445114
0.117959 0.0445765
0.118328 0.0445867
0.118485 0.044674
0.118533 0.0448075
0.118822 0.0449047
0.118859 0.044996
0.11888 0.0450347
0.119171 0.0450845
0.119193 0.0451803
0.119347 0.0453807
0.119353 0.0453946
0.119462 0.0454472
0.11956 0.045466
0.119741 0.0454763
0.119787 0.0455374
0.119917 0.0457331
0.120083 0.0457693
0.120499 0.0458056
0.120793 0.0458374
0.120885 0.0458721
0.120901 0.045889
0.121112 0.0459216
0.12115 0.0460359
0.121479 0.0461093
0.12161 0.04612
0.121631 0.0461313
0.121691 0.0461408
0.121735 0.0462188
0.122046 0.0464627
0.122226 0.0465552
0.122419 0.0466211
0.122491 0.0466323
0.122596 0.0466955
0.12268 0.0467229
0.122794 0.0467972
0.122924 0.046798
0.122939 0.0469565
0.123023 0.0470297
0.123065 0.0471092
0.123196 0.0471125
0.123382 0.0472644
0.123385 0.047398
0.123556 0.047399
0.123643 0.0475718
0.123648 0.0475983
0.123871 0.0476579
0.123984 0.047676
0.124009 0.0477671
0.124221 0.0478446
0.124239 0.0478646
0.124392 0.0478658
0.124397 0.0478833
0.124536 0.0479112
0.124567 0.0479164
0.124936 0.0480109
0.125113 0.0481955
0.125328 0.0483084
0.12539 0.0483226
0.125426 0.0485071
0.125496 0.0485083
0.125501 0.0485221
0.125724 0.0486271
0.125742 0.048786
0.125937 0.0488431
0.126042 0.0489102
0.126316 0.0490094
0.126403 0.0490372
0.126601 0.0490391
0.126787 0.0490618
0.126815 0.0490894
0.126914 0.0490961
0.127046 0.049183
0.127115 0.0492777
0.127132 0.0493649
0.127157 0.0493942
0.127181 0.0494113
0.127192 0.0496048
0.127277 0.0497037
0.127565 0.0497969
0.127655 0.0499071
0.127809 0.0499357
0.127901 0.0502741
0.127939 0.0504433
0.128126 0.0504621
0.128805 0.0505126
0.128825 0.050539
0.128891 0.0506088
0.128903 0.0507097
0.128993 0.0507265
0.129028 0.0507595
0.12909 0.0508639
0.129162 0.0510962
0.129332 0.0511076
0.12934 0.0512142
0.129575 0.0513792
0.129739 0.0514748
0.129755 0.0516838
0.129843 0.0517653
0.129885 0.0517939
0.130187 0.0518059
0.13022 0.0518198
0.130269 0.0518491
0.130335 0.0520901
0.130356 0.0521037
0.130786 0.052153
0.13128 0.0523486
0.131433 0.052355
0.13161 0.0524487
0.131983 0.0524637
0.132229 0.0524714
0.132477 0.0525109
0.13252 0.0525201
0.132876 0.0525265
0.132919 0.0526971
0.132933 0.0528007
0.133191 0.052817
0.133301 0.0531714
0.133376 0.0532362
0.133574 0.053268
0.133656 0.0532962
0.133862 0.0532991
0.133864 0.0534491
0.133893 0.0534662
0.134029 0.0538018
0.134169 0.0539558
0.134305 0.0540456
0.134384 0.0540633
0.134424 0.0541344
0.134522 0.0541693
0.13466 0.0543438
0.134677 0.0544367
0.134831 0.0544445
0.13498 0.0544524
0.135104 0.0546618
0.13524 0.0547135
0.135313 0.0547353
0.135451 0.0547742
0.135571 0.0548288
0.135635 0.0549414
0.135653 0.055133
0.135654 0.055151
0.135699 0.0551931
0.135898 0.0552304
0.136032 0.0552786
0.136165 0.0553342
0.13626 0.0554423
0.136402 0.0554738
0.136406 0.0554861
0.136421 0.055711
0.136547 0.0557332
0.136663 0.0558196
0.136695 0.0559005
0.136781 0.0559943
0.136807 0.0560618
0.136976 0.0561841
0.137095 0.0561859
0.137281 0.0562088
0.137487 0.0562918
0.13757 0.0564265
0.137633 0.056456
0.137657 0.0565211
0.137682 0.0566803
0.137805 0.0567369
0.137833 0.0569139
0.138023 0.0571692
0.138052 0.05726
0.138194 0.0573562
0.138419 0.0574258
0.138458 0.0574948
0.138498 0.0575568
0.138559 0.0575695
0.138604 0.0575943
0.139064 0.057627
0.139136 0.0576287
0.139415 0.0576413
0.139468 0.0577368
0.139477 0.0577388
0.139536 0.0577428
0.139718 0.0577921
0.139719 0.0578346
0.139767 0.0578566
0.139868 0.0579635
0.140003 0.0582186
0.140598 0.0584328
0.140648 0.0584965
0.140656 0.0584975
0.140715 0.0587181
0.140753 0.0588475
0.140754 0.0590513
0.140887 0.0590633
0.141044 0.0590917
0.141136 0.0591216
0.141155 0.0593114
0.141165 0.0593117
0.141268 0.0593326
0.141453 0.0594624
0.141489 0.0597106
0.141558 0.0597441
0.141959 0.0597877
0.141989 0.059809
0.142007 0.059913
0.14234 0.0599839
0.142397 0.0600613
0.142594 0.0601025
0.14272 0.0601163
0.142735 0.0601745
0.142754 0.060226
0.142876 0.0603817
0.142879 0.0605329
0.14302 0.0605696
0.143618 0.0607144
0.143636 0.0607319
0.143638 0.060862
0.143716 0.0608883
0.14388 0.0609077
0.143909 0.0609672
0.144055 0.0610241
0.144086 0.0610282
0.144243 0.0610852
0.144448 0.061187
0.144501 0.0612803
0.144509 0.0615117
0.1448 0.0617026
0.144854 0.0617271
0.144977 0.0617778
0.145004 0.0618849
0.145089 0.0618963
0.145102 0.061934
0.145298 0.0619558
0.145455 0.0619983
0.14657 0.0620221
0.146731 0.0624678
0.147036 0.0624701
0.14742 0.0624856
0.147456 0.0626129
0.147614 0.0627084
0.147967 0.0627508
0.149106 0.0628494
0.149116 0.0629002
0.149454 0.0629473
0.149492 0.0630068
0.149533 0.0630874
0.149565 0.0631772
0.149603 0.0633364
0.149677 0.0633389
0.149774 0.0634472
0.149793 0.063467
0.150176 0.0635508
0.150353 0.0635903
0.150585 0.063609
0.150937 0.0636809
0.150976 0.0636928
0.151208 0.0638406
0.151531 0.0638482
0.151913 0.0640146
0.152429 0.0640252
0.152552 0.0641095
0.153075 0.0642175
0.153471 0.0642448
0.153641 0.0643512
0.153892 0.0643944
0.153933 0.0644155
0.153989 0.0644737
0.154331 0.0645783
0.15455 0.0647132
0.154563 0.0648269
0.154806 0.0648954
0.15498 0.065013
0.15518 0.0650181
0.155217 0.0650441
0.155252 0.0650716
0.15538 0.0651979
0.155631 0.0653078
0.155708 0.0656288
0.155785 0.0656996
0.155895 0.0657691
0.155897 0.0658552
0.156019 0.0658976
0.156036 0.065958
0.156085 0.0659956
0.156121 0.0660338
0.156125 0.0661811
0.15631 0.0661997
0.156632 0.0663128
0.156981 0.0665181
0.157101 0.0665805
0.157138 0.0666835
0.157239 0.0667446
0.157265 0.0668474
0.157349 0.0669876
0.157563 0.0670726
0.157564 0.0672059
0.15786 0.0672223
0.157864 0.0673638
0.157924 0.0673851
0.158297 0.0673945
0.158304 0.0675127
0.15855 0.0675824
0.158775 0.067643
0.158865 0.0677461
0.159122 0.0678018
0.159205 0.0678847
0.159297 0.0680342
0.159818 0.0680364
0.159877 0.0680438
0.159939 0.0680457
0.160022 0.0680537
0.160035 0.0681138
0.160079 0.0681398
0.160147 0.0681743
0.160383 0.0682749
0.160571 0.0683903
0.160645 0.0686305
0.160795 0.0686622
0.160897 0.0686654
0.160964 0.0686891
0.161014 0.0687427
0.161109 0.0688963
0.161223 0.069575
0.161252 0.0698927
0.161356 0.0699583
0.161373 0.0700373
0.161427 0.0700439
0.161456 0.0701722
0.161485 0.0702575
0.161718 0.0705804
0.161849 0.0706849
0.162068 0.0708351
0.162159 0.0710158
0.162234 0.0710193
0.162276 0.0710486
0.16235 0.0710722
0.162543 0.0710802
0.162854 0.0711346
0.163007 0.071139
0.163206 0.0712912
0.16323 0.071388
0.163435 0.071565
0.163457 0.071573
0.163803 0.0715774
0.163866 0.0715829
0.163869 0.0717113
0.164037 0.0717121
0.164092 0.0718521
0.164209 0.071867
0.164269 0.072094
0.164337 0.0721247
0.164353 0.0722219
0.164427 0.0722886
0.164474 0.0724145
0.164528 0.0724731
0.164531 0.0725894
0.164534 0.0727428
0.165039 0.0727897
0.1652 0.0728002
0.165291 0.072813
0.165408 0.0729
0.165464 0.0730754
0.165531 0.0731127
0.165816 0.0732832
0.166288 0.0733734
0.166421 0.0734883
0.166441 0.0736483
0.166505 0.0736663
0.166518 0.0738551
0.166525 0.0738879
0.166552 0.0738898
0.166622 0.07392
0.166716 0.073923
0.166843 0.0739658
0.166904 0.0741055
0.167018 0.0744831
0.167298 0.074521
0.167307 0.0746904
0.16733 0.0747261
0.167689 0.0747391
0.167806 0.0750706
0.168112 0.0751583
0.168157 0.0752445
0.168613 0.0753095
0.168754 0.0753272
0.168822 0.0754497
0.168836 0.0755529
0.168893 0.0755618
0.168932 0.0756568
0.169456 0.0757639
0.169544 0.0758012
0.169831 0.0758818
0.169876 0.0760806
0.170056 0.0762766
0.17024 0.0764087
0.170257 0.0768219
0.170307 0.0768853
0.170351 0.0768917
0.170352 0.0769482
0.170426 0.0770234
0.170643 0.0772451
0.17068 0.077293
0.170866 0.0773353
0.171032 0.0774444
0.171202 0.0774636
0.171398 0.077476
0.171461 0.0774954
0.171676 0.0775564
0.171725 0.0776307
0.171816 0.0776651
0.172011 0.0777352
0.172075 0.0777534
0.172089 0.0778186
0.172284 0.0778966
0.172447 0.0779
0.172554 0.0779665
0.172846 0.0781307
0.173173 0.0781415
0.173467 0.0782364
0.173541 0.0782411
0.173569 0.07844
0.173569 0.0785149
0.173691 0.0785393
0.173825 0.0785394
0.17383 0.0785818
0.174051 0.0788563
0.174206 0.0788751
0.174278 0.078992
0.17452 0.0791697
0.174637 0.0792094
0.174804 0.0792511
0.17499 0.0793428
0.175051 0.079413
0.175082 0.0794684
0.175118 0.0796615
0.175486 0.079725
0.175624 0.0799159
0.175633 0.0800787
0.175662 0.0801668
0.175709 0.0801913
0.1759 0.0802401
0.175985 0.0802934
0.176096 0.0806645
0.176204 0.0807189
0.176328 0.0808738
0.176359 0.080938
0.176396 0.0809679
0.176601 0.0811017
0.176605 0.0812891
0.176695 0.0813389
0.176817 0.0814743
0.177041 0.0815132
0.177433 0.0816063
0.177599 0.0816537
0.177998 0.0817558
0.17801 0.0819465
0.178185 0.0821089
0.17847 0.0821159
0.178486 0.0821657
0.178658 0.0823631
0.1793 0.082556
0.179355 0.0825711
0.179391 0.0827623
0.179566 0.0830061
0.179668 0.0830747
0.179817 0.0830946
0.179869 0.0831054
0.179892 0.0832362
0.180138 0.0832752
0.180664 0.0832956
0.181131 0.0833367
0.181238 0.0833734
0.181423 0.0833907
0.181596 0.0835146
0.181831 0.0836318
0.18196 0.0837057
0.182234 0.0838554
0.18243 0.0838753
0.18249 0.0839141
0.182624 0.0839164
0.183113 0.083945
0.183199 0.0840063
0.183204 0.0840807
0.183448 0.0841488
0.184136 0.0842197
0.184426 0.0842752
0.184476 0.084547
0.18448 0.0845624
0.184884 0.0847112
0.185143 0.0847113
0.185216 0.0847372
0.185234 0.0848126
0.185259 0.084856
0.185445 0.0849927
0.185764 0.0851466
0.185887 0.0851905
0.186015 0.0852497
0.186018 0.0854689
0.186286 0.0856131
0.186321 0.0856262
0.186424 0.085658
0.186501 0.0857107
0.186755 0.0857606
0.18682 0.0860443
0.187071 0.086058
0.187187 0.0860756
0.187502 0.0861273
0.187583 0.0862079
0.188123 0.0862651
0.18824 0.0863356
0.18842 0.0864916
0.188496 0.0867017
0.189173 0.0868408
0.189371 0.0868558
0.189772 0.0869054
0.190085 0.0869398
0.190256 0.0871129
0.19056 0.0871306
0.190563 0.0871374
0.190668 0.0871794
0.190939 0.0873265
0.191058 0.0873909
0.191073 0.0874194
0.191257 0.0874539
0.191501 0.0874733
0.191606 0.0875464
0.192044 0.087581
0.192055 0.0876162
0.192072 0.087775
0.192436 0.0877867
0.192556 0.0878587
0.192577 0.0878704
0.192982 0.0878772
0.193159 0.0879238
0.193272 0.0879852
0.193332 0.0881227
0.193337 0.0883514
0.193461 0.0883699
0.193713 0.0883796
0.194129 0.0884786
0.194247 0.0885771
0.194283 0.0886798
0.194591 0.0887106
0.195202 0.0887395
0.195229 0.088754
0.195244 0.0887602
0.195282 0.0888369
0.195383 0.0888378
0.195692 0.0888746
0.19571 0.0889806
0.196192 0.0889856
0.196426 0.0891127
0.196501 0.0891342
0.196545 0.0893972
0.196622 0.0894416
0.196816 0.0894823
0.196944 0.0894892
0.196945 0.0897687
0.197087 0.0897904
0.197211 0.090163
0.197364 0.0902213
0.197402 0.090282
0.197721 0.0904432
0.198109 0.0907223
0.198799 0.0908828
0.198925 0.0912586
0.199067 0.0913559
0.199257 0.0914121
0.199372 0.0914587
0.199398 0.0915079
0.199461 0.091628
0.1995 0.0916419
0.199543 0.0916762
0.199602 0.0917682
0.200094 0.0918703
0.200419 0.0918885
0.200844 0.0921961
0.200991 0.0926058
0.201069 0.0928019
0.201146 0.0928035
0.201375 0.0928459
0.201546 0.0928926
0.201792 0.0931061
0.201912 0.0932451
0.201993 0.0934169
0.202198 0.0934324
0.202248 0.0934335
0.202313 0.093464
0.202572 0.0935584
0.20268 0.0936388
0.20291 0.0936615
0.203197 0.0938064
0.203347 0.0939777
0.203664 0.0944194
0.203666 0.0944803
0.203731 0.0946202
0.203917 0.0948112
0.204271 0.0948703
0.204582 0.0949526
0.204811 0.0950367
0.205209 0.0953737
0.205423 0.0954179
0.205788 0.0955195
0.205792 0.0957239
0.205879 0.0958584
0.206037 0.096013
0.20616 0.0960849
0.206354 0.096163
0.206814 0.0963616
0.206828 0.0964528
0.206909 0.0966447
0.206966 0.096789
0.206967 0.096857
0.207173 0.096864
0.20725 0.0968927
0.207523 0.0969311
0.207667 0.0969618
0.207706 0.0971665
0.207736 0.0971761
0.207776 0.0971764
0.207949 0.0974537
0.208058 0.0976358
0.208384 0.0977386
0.208503 0.0977903
0.208644 0.0978207
0.208677 0.0979145
0.208878 0.0979362
0.209005 0.09803
0.209594 0.0980663
0.209973 0.0980817
0.210487 0.0981164
0.210683 0.0982712
0.210767 0.098296
0.2108 0.0983012
0.21086 0.0983138
0.211018 0.0984436
0.211066 0.0985045
0.211321 0.0986164
0.211449 0.0986392
0.212109 0.0992773
0.212114 0.0993095
0.21223 0.0993338
0.212423 0.0996414
0.212468 0.0996672
0.212532 0.0997489
0.212694 0.100205
0.212848 0.100221
0.213597 0.100407
0.213686 0.100546
0.213968 0.100587
0.214106 0.100646
0.214237 0.100681
0.214357 0.10074
0.214357 0.10083
0.214612 0.100971
0.214673 0.101027
0.214753 0.10104
0.214777 0.101176
0.214951 0.101246
0.215413 0.101321
0.215422 0.101507
0.21545 0.101615
0.215553 0.101667
0.215858 0.101794
0.21589 0.101814
0.216224 0.10196
0.216228 0.102
0.216402 0.102035
0.216565 0.102217
0.216769 0.102703
0.216794 0.102917
0.216825 0.10302
0.216884 0.103148
0.216896 0.10323
0.216926 0.103286
0.217282 0.103376
0.217333 0.103545
0.217373 0.103782
0.217555 0.103929
0.217613 0.104196
0.217828 0.104852
0.218509 0.104878
0.218594 0.105044
0.219122 0.105093
0.219205 0.105351
0.219468 0.105528
0.219946 0.105914
0.219977 0.105932
0.220137 0.106172
0.22037 0.10628
0.22055 0.106578
0.220728 0.106626
0.220802 0.10689
0.221494 0.107004
0.221845 0.107273
0.222063 0.107646
0.222177 0.107658
0.222205 0.107683
0.222953 0.107793
0.223352 0.108106
0.22368 0.108359
0.224418 0.108728
0.224533 0.108772
0.225101 0.10885
0.225221 0.109145
0.225371 0.109173
0.226208 0.109478
0.226337 0.109497
0.226546 0.109512
0.227015 0.109606
0.22709 0.1097
0.227483 0.109706
0.227553 0.109766
0.227586 0.109955
0.227715 0.110203
0.228115 0.11022
0.228328 0.110377
0.228569 0.110589
0.22878 0.110704
0.228869 0.110845
0.229066 0.11089
0.229468 0.11099
0.229521 0.111145
0.229633 0.111455
0.229681 0.111472
0.229774 0.111963
0.229918 0.111971
0.230001 0.112215
0.230047 0.112254
0.230204 0.112335
0.230364 0.112456
0.23043 0.112474
0.230609 0.11248
0.230644 0.11261
0.230841 0.11264
0.230941 0.112659
0.231011 0.112799
0.23161 0.112921
0.231736 0.113061
0.232144 0.113073
0.2324 0.113188
0.232457 0.113197
0.232527 0.113261
0.232589 0.113271
0.232784 0.113486
0.232889 0.113507
0.233024 0.113725
0.233132 0.113844
0.233195 0.113896
0.233523 0.113929
0.233724 0.11427
0.233804 0.114308
0.233843 0.1145
0.233872 0.114799
0.23402 0.115137
0.234118 0.115198
0.234573 0.11535
0.234598 0.115621
0.234612 0.115817
0.234635 0.116292
0.23481 0.116295
0.234932 0.116559
0.235263 0.116731
0.235724 0.116856
0.235748 0.116936
0.235896 0.117014
0.235935 0.117165
0.236004 0.117167
0.236251 0.117204
0.236405 0.117225
0.236485 0.117238
0.236671 0.117258
0.236959 0.117343
0.237276 0.117478
0.237542 0.117697
0.237578 0.117912
0.237672 0.11792
0.237677 0.118242
0.237866 0.118258
0.237876 0.118339
0.237922 0.11839
0.238338 0.118639
0.238455 0.118707
0.238585 0.11881
0.238689 0.119145
0.238747 0.119438
0.23882 0.119934
0.23883 0.119963
0.2391 0.120146
0.239111 0.120148
0.239163 0.120289
0.239248 0.120322
0.239334 0.121086
0.239434 0.121168
0.239482 0.121247
0.240312 0.121249
0.240693 0.12125
0.241059 0.121388
0.241832 0.1216
0.242069 0.121753
0.242117 0.121841
0.242208 0.122067
0.242294 0.122164
0.242489 0.12249
0.242759 0.12297
0.243037 0.123034
0.243607 0.123102
0.243779 0.12325
0.244696 0.123513
0.244951 0.123679
0.244976 0.123925
0.245125 0.123941
0.245727 0.123995
0.245747 0.124033
0.24583 0.124352
0.246241 0.124492
0.246542 0.125405
0.246732 0.125729
0.246763 0.125844
0.246995 0.126022
0.247017 0.126069
0.247078 0.126409
0.247417 0.126481
0.247922 0.126551
0.248044 0.126552
0.248198 0.126605
0.248538 0.126649
0.248704 0.126732
0.248763 0.127046
0.249293 0.127117
0.249487 0.127182
0.249569 0.127275
0.249692 0.127341
0.250022 0.127489
0.250161 0.127506
0.250253 0.127537
0.25048 0.127601
0.250484 0.127651
0.250701 0.12768
0.251069 0.127745
0.251299 0.127754
0.252509 0.127866
0.252586 0.128044
0.252786 0.128072
0.252858 0.128545
0.253601 0.129136
0.253682 0.12919
0.253931 0.129255
0.25417 0.129331
0.254175 0.129583
0.254188 0.129944
0.254316 0.129964
0.254357 0.130008
0.254641 0.130385
0.254789 0.130593
0.254855 0.130601
0.255106 0.13061
0.25537 0.130669
0.255373 0.130917
0.255393 0.131173
0.256222 0.131442
0.25632 0.131469
0.256429 0.131611
0.256727 0.131708
0.257119 0.131714
0.257234 0.131822
0.257311 0.131839
0.25747 0.131864
0.257568 0.132131
0.257813 0.132225
0.25782 0.132662
0.258231 0.132932
0.258592 0.132993
0.258735 0.133146
0.259362 0.13336
0.259808 0.133465
0.260153 0.133494
0.260471 0.1336
0.260551 0.133751
0.260769 0.134214
0.261713 0.134281
0.262828 0.134323
0.263083 0.134715
0.263168 0.134736
0.26318 0.134794
0.263295 0.134848
0.263472 0.134919
0.263837 0.134939
0.26387 0.135105
0.26427 0.135193
0.264478 0.135368
0.264635 0.135568
0.26533 0.135694
0.265466 0.13615
0.265483 0.136191
0.265519 0.136272
0.265693 0.136426
0.265952 0.136443
0.266319 0.137029
0.267453 0.137029
0.26794 0.137106
0.267957 0.13721
0.268372 0.137487
0.268656 0.137691
0.268857 0.138254
0.269345 0.138862
0.26938 0.138918
0.269492 0.138934
0.269773 0.138993
0.269789 0.139016
0.269795 0.139224
0.270174 0.139269
0.270193 0.139349
0.270228 0.139398
0.27039 0.139413
0.270505 0.139505
0.270684 0.139693
0.270751 0.139739
0.271086 0.139851
0.271129 0.140132
0.271327 0.140184
0.271361 0.140372
0.271573 0.140695
0.272179 0.140742
0.272806 0.141115
0.273527 0.141226
0.273566 0.141289
0.274008 0.141635
0.274168 0.141645
0.274275 0.142152
0.274401 0.142422
0.274731 0.142704
0.274931 0.142742
0.276106 0.142839
0.276222 0.142849
0.276842 0.142978
0.276851 0.14329
0.277388 0.14362
0.277449 0.143664
0.277507 0.143695
0.277791 0.144025
0.278075 0.14405
0.278248 0.144299
0.278522 0.144369
0.278897 0.144516
0.27894 0.144535
0.279278 0.144538
0.279313 0.144589
0.27964 0.144857
0.279938 0.145177
0.28065 0.145453
0.280664 0.145632
0.280847 0.145637
0.280973 0.145704
0.281179 0.146099
0.281241 0.14613
0.281419 0.146454
0.281466 0.146685
0.281756 0.147367
0.281828 0.147376
0.282256 0.14766
0.282761 0.14785
0.282847 0.147917
0.283158 0.148162
0.283846 0.148298
0.284282 0.148436
0.284293 0.148471
0.284334 0.148863
0.284772 0.149038
0.285101 0.149176
0.285238 0.149607
0.285306 0.149711
0.285535 0.149755
0.28597 0.149817
0.286069 0.15026
0.286837 0.150348
0.287043 0.150428
0.287267 0.150696
0.287685 0.15142
0.287695 0.15169
0.28783 0.151753
0.288225 0.151888
0.28873 0.151911
0.288914 0.152037
0.288953 0.152049
0.289086 0.152516
0.289325 0.152518
0.289647 0.152693
0.2897 0.152749
0.289904 0.152929
0.290857 0.153093
0.290868 0.153105
0.290883 0.15322
0.291204 0.15381
0.29139 0.153931
0.291761 0.154184
0.291974 0.154257
0.292064 0.154449
0.292731 0.154508
0.292871 0.154585
0.293121 0.15484
0.294013 0.155032
0.294689 0.155261
0.295304 0.155322
0.295457 0.155327
0.295655 0.155572
0.29603 0.156128
0.296195 0.156308
0.297299 0.156522
0.297449 0.156589
0.297492 0.156815
0.297781 0.157007
0.297996 0.157118
0.298008 0.157123
0.298215 0.157712
0.298755 0.158255
0.298842 0.15829
0.298954 0.158792
0.299428 0.158841
0.299616 0.15906
0.299619 0.159091
0.300015 0.159218
0.30058 0.159412
0.301501 0.159572
0.301516 0.159942
0.302125 0.16009
0.302698 0.160507
0.302766 0.16054
0.302861 0.160574
0.302949 0.160681
0.303049 0.160702
0.303147 0.16085
0.303239 0.161388
0.303334 0.161437
0.303758 0.161885
0.303927 0.1619
0.303989 0.161977
0.304101 0.162024
0.304409 0.162099
0.304474 0.162287
0.305326 0.162358
0.306265 0.162411
0.306669 0.162909
0.306686 0.163211
0.306718 0.163292
0.307084 0.16344
0.307423 0.163715
0.307694 0.16386
0.307729 0.163903
0.307968 0.163953
0.308085 0.164062
0.308094 0.1641
0.308898 0.164219
0.308926 0.165243
0.309181 0.165431
0.309498 0.166291
0.309541 0.166381
0.309586 0.166532
0.309733 0.166569
0.309845 0.1672
0.309946 0.167212
0.310606 0.167387
0.310624 0.167545
0.311068 0.167588
0.31129 0.167745
0.311367 0.168189
0.311455 0.169303
0.312004 0.169306
0.312298 0.169426
0.314037 0.169442
0.314326 0.16995
0.314672 0.170467
0.314982 0.170991
0.315094 0.171172
0.318664 0.171746
0.319067 0.171794
0.319157 0.172049
0.319446 0.172433
0.319906 0.17275
0.320044 0.172943
0.320761 0.172988
0.320763 0.173161
0.321045 0.173281
0.321204 0.173621
0.321228 0.173681
0.321419 0.174036
0.321572 0.174068
0.321622 0.17413
0.321818 0.17465
0.322346 0.174759
0.322715 0.174822
0.323207 0.174931
0.323469 0.175274
0.323546 0.175298
0.32443 0.175564
0.324723 0.175715
0.324969 0.175896
0.325215 0.175971
0.325397 0.175997
0.325458 0.176063
0.325791 0.176314
0.326488 0.176407
0.32666 0.176407
0.326677 0.176522
0.327189 0.17665
0.327405 0.176943
0.327687 0.177342
0.327718 0.17757
0.328526 0.177761
0.328951 0.178037
0.329054 0.178165
0.329096 0.178274
0.329629 0.178306
0.330055 0.178422
0.330118 0.178526
0.330804 0.178813
0.331448 0.1789
0.331944 0.179199
0.332033 0.179279
0.332467 0.179329
0.332772 0.179508
0.332979 0.179651
0.333068 0.179826
0.333452 0.180091
0.333865 0.180539
0.333922 0.180683
0.333969 0.180707
0.334109 0.181868
0.334938 0.182289
0.335673 0.182421
0.335887 0.182429
0.336138 0.182513
0.336404 0.182945
0.336865 0.182955
0.337726 0.183741
0.337948 0.183795
0.338258 0.184293
0.338284 0.184554
0.338572 0.184807
0.338883 0.184823
0.33915 0.185139
0.339487 0.185158
0.339565 0.185287
0.339598 0.185649
0.339739 0.185734
0.340395 0.186293
0.340891 0.186454
0.340931 0.187317
0.341282 0.187367
0.341804 0.187914
0.342088 0.188094
0.343283 0.188226
0.343374 0.188281
0.343685 0.188298
0.344145 0.188645
0.345928 0.189784
0.346551 0.189993
0.346736 0.190868
0.347018 0.191334
0.347081 0.191482
0.347893 0.191559
0.347913 0.192101
0.347973 0.192186
0.348049 0.192527
0.348087 0.193126
0.348184 0.19317
0.348309 0.193568
0.348448 0.193963
0.348583 0.194196
0.34889 0.194477
0.348928 0.194743
0.349007 0.195852
0.349329 0.196215
0.349379 0.196434
0.349423 0.196482
0.349467 0.197167
0.349944 0.197181
0.350501 0.197284
0.350724 0.1974
0.351029 0.197518
0.351285 0.197586
0.351989 0.197786
0.352111 0.19796
0.352641 0.198222
0.353421 0.198455
0.353657 0.198757
0.353712 0.198787
0.353731 0.199122
0.354217 0.199168
0.354292 0.199177
0.354436 0.199445
0.3545 0.199872
0.354656 0.200108
0.355357 0.200148
0.35607 0.200384
0.35611 0.201202
0.356866 0.201399
0.356993 0.201846
0.357065 0.202368
0.358085 0.202633
0.358833 0.203694
0.358847 0.204044
0.359348 0.204126
0.359447 0.204398
0.359558 0.204581
0.359564 0.204856
0.359684 0.20538
0.359987 0.205986
0.360317 0.206133
0.360334 0.206187
0.360839 0.206465
0.360894 0.206741
0.36094 0.207928
0.360962 0.208411
0.361051 0.208425
0.36148 0.208632
0.36156 0.208637
0.362088 0.208671
0.362164 0.209038
0.362712 0.209099
0.362738 0.209114
0.363057 0.209121
0.363102 0.209318
0.363167 0.209803
0.363306 0.21013
0.363559 0.210405
0.363594 0.211017
0.364115 0.211541
0.364273 0.211894
0.364292 0.211977
0.365303 0.212086
0.365328 0.212092
0.365387 0.212102
0.365412 0.212212
0.365915 0.21224
0.366211 0.212388
0.366735 0.2125
0.366838 0.21272
0.367464 0.212808
0.368262 0.213102
0.369605 0.213292
0.370143 0.213306
0.370285 0.213601
0.370299 0.214468
0.37072 0.214709
0.370765 0.214972
0.370856 0.21498
0.370964 0.215499
0.371115 0.215847
0.371339 0.215909
0.371356 0.216356
0.371418 0.217127
0.372149 0.217275
0.372358 0.217346
0.372441 0.217362
0.372465 0.217389
0.372545 0.217429
0.373099 0.217915
0.37352 0.21826
0.374006 0.218396
0.375619 0.218465
0.376303 0.218748
0.377041 0.219153
0.377263 0.219282
0.377599 0.219315
0.377627 0.220055
0.377642 0.220061
0.378356 0.22017
0.379077 0.220382
0.379176 0.220701
0.379464 0.220896
0.379583 0.221002
0.379629 0.221025
0.379812 0.221416
0.379871 0.221848
0.379902 0.221927
0.37998 0.223409
0.380072 0.223531
0.380158 0.223573
0.380253 0.223798
0.380857 0.223861
0.381878 0.223872
0.381944 0.223889
0.382103 0.22395
0.382527 0.224515
0.383348 0.224589
0.383964 0.224721
0.385113 0.224925
0.385288 0.225327
0.38539 0.225449
0.38581 0.226015
0.385812 0.226144
0.38601 0.226177
0.386094 0.226897
0.386104 0.227125
0.386751 0.227634
0.386783 0.227794
0.388098 0.228073
0.388566 0.228146
0.388862 0.228359
0.388926 0.228509
0.389127 0.228552
0.38947 0.228813
0.390413 0.229191
0.390576 0.22946
0.390886 0.229608
0.391352 0.229748
0.391388 0.230137
0.391554 0.230699
0.391664 0.231274
0.391698 0.231695
0.391751 0.232655
0.391759 0.232783
0.392316 0.232884
0.392413 0.232906
0.392421 0.233059
0.392446 0.233949
0.39253 0.234375
0.393408 0.234735
0.393681 0.234767
0.393887 0.235442
0.394106 0.235617
0.394201 0.235722
0.394224 0.23604
0.39464 0.23629
0.394918 0.236461
0.395065 0.236621
0.395741 0.236772
0.395913 0.237091
0.396163 0.237149
0.396164 0.237421
0.397072 0.237866
0.397134 0.237879
0.39717 0.238301
0.397263 0.23841
0.397381 0.238739
0.397541 0.238959
0.397856 0.239268
0.397911 0.239709
0.39811 0.23992
0.398228 0.239981
0.399036 0.240029
0.399091 0.240304
0.39966 0.240353
0.399826 0.240354
0.400684 0.240478
0.401268 0.241049
0.401724 0.242282
0.402056 0.242543
0.40238 0.244218
0.402394 0.244362
0.403177 0.244405
0.403207 0.244583
0.404524 0.24563
0.404551 0.246151
0.405279 0.246684
0.405927 0.246709
0.40602 0.246727
0.406245 0.246751
0.406941 0.246864
0.407286 0.246932
0.408359 0.247809
0.40842 0.247822
0.408519 0.247842
0.408703 0.247939
0.408705 0.248143
0.408871 0.248371
0.409071 0.249039
0.409082 0.249091
0.409219 0.249731
0.409346 0.250531
0.409389 0.25076
0.40954 0.251436
0.409586 0.251939
0.409692 0.251965
0.411839 0.252323
0.412207 0.252995
0.412231 0.253328
0.412487 0.253427
0.412855 0.254068
0.412905 0.254162
0.412944 0.254228
0.413099 0.254393
0.413626 0.254566
0.41388 0.255853
0.414044 0.256063
0.414139 0.25615
0.414559 0.256198
0.414792 0.256825
0.415874 0.257144
0.416393 0.257461
0.417978 0.25762
0.419125 0.257667
0.420607 0.257838
0.420681 0.258999
0.421193 0.260327
0.421627 0.260538
0.421906 0.260648
0.422152 0.261135
0.422203 0.261157
0.422287 0.261572
0.422456 0.261748
0.422482 0.262399
0.423104 0.262944
0.423301 0.262987
0.423541 0.263088
0.423575 0.263186
0.423748 0.2632
0.423988 0.263976
0.42399 0.264572
0.424141 0.264683
0.424162 0.264866
0.424212 0.265384
0.424625 0.265611
0.42473 0.266475
0.42473 0.266545
0.424902 0.26763
0.425266 0.267747
0.425413 0.268565
0.425724 0.269027
0.426169 0.269517
0.426742 0.26975
0.426752 0.271734
0.426852 0.272012
0.426868 0.272056
0.426883 0.272374
0.426972 0.272736
0.426975 0.272844
0.427579 0.273213
0.427998 0.273975
0.428321 0.274083
0.428666 0.274584
0.429599 0.274787
0.429862 0.276074
0.430037 0.276274
0.430502 0.276458
0.430987 0.27669
0.431105 0.278045
0.431386 0.278084
0.432071 0.278304
0.432204 0.278766
0.432216 0.279062
0.432376 0.280369
0.432849 0.280586
0.432885 0.280744
0.433108 0.281414
0.433417 0.282568
0.434212 0.283249
0.434304 0.283902
0.434592 0.283965
0.434872 0.284058
0.435505 0.284275
0.435587 0.28512
0.436604 0.285182
0.436756 0.28536
0.437875 0.285874
0.438005 0.286413
0.438329 0.287061
0.438361 0.288922
0.438604 0.289409
0.438762 0.290184
0.438833 0.290497
0.439246 0.290768
0.439488 0.290904
0.439516 0.29172
0.439528 0.292655
0.440557 0.293036
0.4408 0.29329
0.441507 0.294101
0.441701 0.294234
0.442266 0.294492
0.442474 0.294525
0.443131 0.294619
0.443907 0.29469
0.444341 0.294806
0.444415 0.294937
0.44479 0.295045
0.444852 0.295973
0.445094 0.296248
0.445165 0.296962
0.445182 0.297264
0.445239 0.301089
0.44532 0.30123
0.44536 0.302418
0.4459 0.30266
0.44623 0.303239
0.446833 0.30531
0.446883 0.305635
0.448026 0.30609
0.44808 0.307126
0.448081 0.307339
0.448308 0.307382
0.448734 0.308744
0.448979 0.309346
0.449034 0.309399
0.44913 0.309476
0.449338 0.309596
0.449711 0.309872
0.449762 0.310487
0.449883 0.311314
0.450045 0.312094
0.450179 0.312175
0.450397 0.312432
0.450654 0.313044
0.450752 0.31333
0.450948 0.313714
0.450976 0.313984
0.451118 0.314561
0.451233 0.314831
0.451302 0.315119
0.451349 0.315482
0.451578 0.31557
0.452052 0.315609
0.452144 0.316227
0.452764 0.317025
0.453353 0.31748
0.453669 0.317678
0.454519 0.318345
0.45476 0.318702
0.455017 0.320087
0.455619 0.320668
0.455659 0.321016
0.456111 0.32131
0.456215 0.321874
0.456376 0.322055
0.457226 0.322382
0.457297 0.323383
0.457342 0.324151
0.457474 0.324263
0.457603 0.324697
0.45793 0.324949
0.458882 0.325944
0.459234 0.326279
0.459367 0.326891
0.459544 0.327256
0.460742 0.327688
0.46117 0.328941
0.461404 0.329115
0.461886 0.330079
0.461905 0.330312
0.462133 0.330493
0.462439 0.330761
0.462535 0.33079
0.462555 0.331119
0.462693 0.331809
0.463262 0.33185
0.463546 0.332689
0.463971 0.333449
0.464253 0.334002
0.464542 0.334114
0.46469 0.334292
0.464769 0.334399
0.464788 0.334545
0.464848 0.335047
0.465033 0.335619
0.465327 0.33617
0.465521 0.336807
0.465763 0.337894
0.466192 0.338107
0.466324 0.338396
0.46729 0.338892
0.46731 0.338896
0.467648 0.341147
0.46766 0.341873
0.467799 0.342009
0.468366 0.342395
0.468469 0.34248
0.468475 0.342597
0.468505 0.344154
0.468551 0.344226
0.468726 0.34506
0.468779 0.345522
0.468942 0.345528
0.469139 0.346301
0.470081 0.346576
0.470415 0.346934
0.470886 0.347223
0.471008 0.347689
0.471022 0.349141
0.471035 0.349249
0.471139 0.349594
0.471333 0.349627
0.471828 0.350261
0.472115 0.350344
0.472159 0.351142
0.47243 0.351549
0.47256 0.352682
0.472994 0.353321
0.473222 0.354662
0.473652 0.355138
0.473666 0.355257
0.473766 0.3553
0.474035 0.357761
0.474307 0.358127
0.474408 0.358238
0.474501 0.358422
0.474551 0.358567
0.474647 0.359352
0.474709 0.359927
0.474952 0.360309
0.475133 0.360714
0.475363 0.362348
0.475382 0.362969
0.475525 0.363673
0.47568 0.364759
0.47627 0.364777
0.476472 0.365132
0.476636 0.366147
0.476663 0.366844
0.476835 0.367446
0.477061 0.367623
0.477202 0.367891
0.477216 0.368024
0.477538 0.368072
0.478005 0.368457
0.478117 0.368565
0.47844 0.369226
0.478656 0.369289
0.47873 0.371361
0.47874 0.37139
0.478744 0.372036
0.47901 0.372773
0.479261 0.373683
0.479462 0.373711
0.480059 0.374264
0.480369 0.37456
0.480494 0.37513
0.48107 0.375263
0.481357 0.37603
0.481688 0.376055
0.482554 0.377797
0.482634 0.378808
0.482874 0.378854
0.482879 0.379822
0.483002 0.379959
0.483036 0.380862
0.483184 0.380932
0.483248 0.381779
0.483413 0.381819
0.483555 0.384149
0.483628 0.385957
0.483979 0.387769
0.484022 0.388777
0.484395 0.38884
0.48452 0.38901
0.484544 0.389014
0.484592 0.389089
0.484864 0.390475
0.484895 0.390503
0.484916 0.393166
0.485046 0.394311
0.48523 0.394317
0.485755 0.395978
0.485916 0.396223
0.486207 0.396331
0.486353 0.396659
0.486632 0.396792
0.486839 0.397606
0.486901 0.398742
0.487073 0.398776
0.487599 0.399474
0.487667 0.400526
0.48788 0.400877
0.487968 0.402229
0.488058 0.402321
0.488333 0.402453
0.489038 0.403154
0.489291 0.403186
0.489293 0.407053
0.489414 0.407156
0.490099 0.407709
0.490105 0.408252
0.490302 0.409165
0.49057 0.409404
0.490654 0.409543
0.49067 0.409949
0.490852 0.410316
0.491172 0.410397
0.491335 0.410608
0.491426 0.410949
0.491468 0.410959
0.491766 0.411381
0.49186 0.413242
0.492001 0.413375
0.492179 0.413839
0.492229 0.414276
0.49227 0.414469
0.492655 0.414895
0.493269 0.415417
0.493361 0.415448
0.493613 0.416196
0.493716 0.417393
0.493744 0.417866
0.493751 0.418133
0.493775 0.419022
0.493982 0.419518
0.494133 0.419866
0.494162 0.419989
0.494171 0.421574
0.494261 0.422011
0.494307 0.422554
0.494464 0.424621
0.494544 0.4276
0.49463 0.430899
0.494647 0.431013
0.494709 0.431419
0.494925 0.433475
0.494991 0.434411
0.495021 0.434443
0.495219 0.434709
0.495292 0.435115
0.495329 0.435331
0.495353 0.436258
0.495409 0.437035
0.495422 0.437272
0.495514 0.440645
0.495934 0.441874
0.496116 0.442349
0.496122 0.443832
0.496126 0.444308
0.496318 0.444779
0.49637 0.445687
0.496404 0.446642
0.496405 0.446986
0.496464 0.447109
0.496558 0.447613
0.49664 0.448244
0.496744 0.448935
0.496857 0.448957
0.496857 0.450276
0.496963 0.450424
0.497109 0.453444
0.497233 0.455937
0.497284 0.456007
0.497315 0.456299
0.497345 0.456852
0.497364 0.458844
0.497429 0.459691
0.497529 0.460607
0.497569 0.462119
0.497777 0.46319
0.497791 0.463307
0.497805 0.464481
0.497816 0.46494
0.497903 0.465064
0.497915 0.467069
0.497966 0.467828
0.49823 0.469242
0.498372 0.469244
0.498432 0.469311
0.498484 0.470965
0.498544 0.471171
0.498545 0.471916
0.49857 0.475679
0.498609 0.47659
0.49863 0.477762
0.498688 0.479924
0.498776 0.481179
0.498794 0.481338
0.498827 0.482559
0.498839 0.482912
0.499036 0.483172
0.499036 0.483566
0.49907 0.485123
0.499307 0.485245
0.49932 0.486929
0.499369 0.490178
0.499463 0.491076
0.499522 0.491931
0.499529 0.49203
0.499592 0.492731
0.499713 0.493741
0.499748 0.494883
0.499862 0.495347
0.499922 0.495543
0.499933 0.496092
0.499986 0.49822
0.499997 0.498628
