0.011360 0.000000
0.014510 0.000000
0.015300 0.000000
0.017773 0.000000
0.018010 0.000000
0.018335 0.000000
0.018911 0.000000
0.019570 0.000000
0.019720 0.000000
0.019895 0.000000
0.021030 0.000000
0.021161 0.000000
0.022170 0.000000
0.022650 0.000000
0.022653 0.000000
0.023307 0.000000
0.023333 0.000000
0.023352 0.000000
0.024170 0.000000
0.024960 0.000000
0.025000 0.000000
0.025310 0.000000
0.025498 0.000000
0.025591 0.000000
0.025760 0.000000
0.025930 0.000000
0.026264 0.000000
0.026398 0.000000
0.026481 0.000000
0.026790 0.000000
0.026930 0.000000
0.027159 0.000000
0.027310 0.000000
0.027316 0.000000
0.027391 0.000000
0.027800 0.000000
0.027950 0.000000
0.028220 0.000000
0.028653 0.000000
0.028835 0.000000
0.028840 0.000000
0.029030 0.000000
0.029168 0.000000
0.029180 0.000000
0.029470 0.000000
0.029496 0.000000
0.029650 0.000000
0.029740 0.000000
0.029881 0.000000
0.029924 0.000000
0.030300 0.000000
0.030350 0.000000
0.030765 0.000000
0.030950 0.000000
0.030960 0.000000
0.031095 0.000000
0.031097 0.000000
0.031253 0.000000
0.031355 0.000000
0.031589 0.000000
0.031590 0.000000
0.031610 0.000000
0.032350 0.000000
0.032411 0.000000
0.032550 0.000000
0.032638 0.000000
0.032815 0.000000
0.032874 0.000000
0.033020 0.000000
0.033260 0.000000
0.033409 0.000000
0.033529 0.000000
0.033915 0.000000
0.034617 0.000000
0.034670 0.000000
0.034868 0.000000
0.035076 0.000000
0.035200 0.000000
0.035430 0.000000
0.035480 0.000000
0.035514 0.000000
0.035612 0.000000
0.035884 0.000000
0.035974 0.000000
0.035995 0.000000
0.036000 0.000000
0.036150 0.000000
0.036336 0.000000
0.036350 0.000000
0.036459 0.000000
0.036510 0.000000
0.036510 0.000000
0.036622 0.000000
0.036683 0.000000
0.037005 0.000000
0.037107 0.000000
0.037154 0.000000
0.037220 0.000000
0.037848 0.000000
0.038080 0.000000
0.038575 0.000000
0.038691 0.000000
0.038700 0.000000
0.038919 0.000000
0.038940 0.000000
0.038950 0.000000
0.039020 0.000000
0.039050 0.000000
0.039217 0.000000
0.039291 0.000000
0.039510 0.000000
0.039613 0.000000
0.039770 0.000000
0.040003 0.000000
0.040170 0.000000
0.040211 0.000000
0.040237 0.000000
0.040394 0.000000
0.040438 0.000000
0.040470 0.000000
0.040490 0.000000
0.040583 0.000000
0.040693 0.000000
0.040860 0.000000
0.040988 0.000000
0.041130 0.000000
0.041580 0.000000
0.041765 0.000000
0.042022 0.000000
0.042550 0.000000
0.042564 0.000000
0.042840 0.000000
0.042849 0.000000
0.042978 0.000000
0.043120 0.000000
0.043124 0.000000
0.043248 0.000000
0.043410 0.000000
0.043480 0.000000
0.043560 0.000000
0.043571 0.000000
0.043688 0.000000
0.043739 0.000000
0.043819 0.000000
0.043905 0.000000
0.043964 0.000000
0.044200 0.000000
0.044295 0.000000
0.044298 0.000000
0.044545 0.000000
0.044584 0.000000
0.044700 0.000000
0.044754 0.000000
0.044907 0.000000
0.044950 0.000000
0.045146 0.000000
0.045170 0.000000
0.045457 0.000000
0.045613 0.000000
0.045720 0.000000
0.045734 0.000000
0.045895 0.000000
0.046040 0.000000
0.046070 0.000000
0.046080 0.000000
0.046160 0.000000
0.046315 0.000000
0.046510 0.000000
0.046580 0.000000
0.046680 0.000000
0.046722 0.000000
0.046760 0.000000
0.046796 0.000000
0.046956 0.000000
0.046970 0.000000
0.047040 0.000000
0.047091 0.000000
0.047157 0.000000
0.047554 0.000000
0.047596 0.000000
0.047668 0.000000
0.047681 0.000000
0.047790 0.000000
0.047978 0.000000
0.048070 0.000000
0.048234 0.000000
0.048484 0.000000
0.048734 0.000000
0.048899 0.000000
0.048980 0.000000
0.049020 0.000000
0.049025 0.000000
0.049025 0.000000
0.049034 0.000000
0.049051 0.000000
0.049410 0.000000
0.049460 0.000000
0.049780 0.000000
0.049895 0.000000
0.049978 0.000000
0.050010 0.000000
0.050016 0.000000
0.050118 0.000000
0.050145 0.000000
0.050266 0.000000
0.050295 0.000000
0.050403 0.000000
0.050479 0.000000
0.050600 0.000000
0.050600 0.000000
0.050708 0.000000
0.050723 0.000000
0.050748 0.000000
0.050897 0.000000
0.050925 0.000000
0.050956 0.000000
0.051134 0.000000
0.051374 0.000000
0.051443 0.000000
0.051481 0.000000
0.051563 0.000000
0.051685 0.000000
0.051761 0.000000
0.051768 0.000000
0.051833 0.000000
0.051910 0.000000
0.052080 0.000000
0.052885 0.000000
0.052895 0.000000
0.052994 0.000000
0.053068 0.000000
0.053185 0.000000
0.053257 0.000000
0.053285 0.000000
0.053368 0.000000
0.053453 0.000000
0.053538 0.000000
0.053585 0.000000
0.053609 0.000000
0.053625 0.000000
0.053698 0.000000
0.053900 0.000000
0.054210 0.000000
0.054268 0.000000
0.054330 0.000000
0.054604 0.000000
0.054605 0.000000
0.054714 0.000000
0.054860 0.000000
0.054988 0.000000
0.055083 0.000000
0.055105 0.000000
0.055376 0.000000
0.055437 0.000000
0.055503 0.000000
0.055651 0.000000
0.055780 0.000000
0.055819 0.000000
0.055936 0.000000
0.055951 0.000000
0.055969 0.000000
0.056029 0.000000
0.056081 0.000000
0.056289 0.000000
0.056592 0.000000
0.056661 0.000000
0.056724 0.000000
0.056812 0.000000
0.057081 0.000000
0.057198 0.000000
0.057335 0.000000
0.057414 0.000000
0.057430 0.000000
0.057520 0.000000
0.057581 0.000000
0.057596 0.000000
0.057633 0.000000
0.057900 0.000000
0.057957 0.000000
0.057967 0.000000
0.058053 0.000000
0.058425 0.000000
0.058560 0.000000
0.058648 0.000000
0.058722 0.000000
0.058975 0.000000
0.059171 0.000000
0.059199 0.000000
0.059480 0.000000
0.059683 0.000000
0.059700 0.000000
0.059752 0.000000
0.059856 0.000000
0.060218 0.000000
0.060264 0.000000
0.060274 0.000000
0.060590 0.000000
0.060715 0.000000
0.060744 0.000000
0.060838 0.000000
0.060868 0.000000
0.060868 0.000000
0.061151 0.000000
0.061186 0.000000
0.061303 0.000000
0.061324 0.000000
0.061344 0.000000
0.061485 0.000000
0.061504 0.000000
0.061520 0.000000
0.061660 0.000000
0.061822 0.000000
0.061880 0.000000
0.061921 0.000000
0.061982 0.000000
0.062049 0.000000
0.062062 0.000000
0.062080 0.000000
0.062207 0.000000
0.062278 0.000000
0.062280 0.000000
0.062364 0.000000
0.062538 0.000000
0.062610 0.000000
0.062760 0.000000
0.062788 0.000000
0.062930 0.000000
0.063042 0.000000
0.063079 0.000000
0.063112 0.000000
0.063140 0.000000
0.063179 0.000000
0.063211 0.000000
0.063277 0.000000
0.063299 0.000000
0.063444 0.000000
0.063512 0.000000
0.063631 0.000000
0.063642 0.000000
0.063740 0.000000
0.063745 0.000000
0.063828 0.000000
0.063853 0.000000
0.063865 0.000000
0.064063 0.000000
0.064250 0.000000
0.064380 0.000000
0.064520 0.000000
0.064590 0.000000
0.064905 0.000000
0.065061 0.000000
0.065095 0.000000
0.065096 0.000000
0.065243 0.000000
0.065378 0.000000
0.065533 0.000000
0.065663 0.000000
0.065710 0.000000
0.065913 0.000000
0.066061 0.000000
0.066090 0.000000
0.066128 0.000000
0.066232 0.000000
0.066288 0.000000
0.066323 0.000000
0.066607 0.000000
0.066751 0.000000
0.066753 0.000000
0.066783 0.000000
0.066807 0.000000
0.067024 0.000000
0.067194 0.000000
0.067457 0.000000
0.067562 0.000000
0.067573 0.000000
0.068553 0.000000
0.068630 0.000000
0.068673 0.000000
0.068820 0.000000
0.068981 0.000000
0.069000 0.000000
0.069050 0.000000
0.069093 0.000000
0.069204 0.000000
0.069206 0.000000
0.069223 0.000000
0.069270 0.000000
0.069290 0.000000
0.069410 0.000000
0.069418 0.000000
0.069620 0.000000
0.069651 0.000000
0.069676 0.000000
0.069805 0.000000
0.069875 0.000000
0.069930 0.000000
0.069951 0.000000
0.069980 0.000000
0.069995 0.000000
0.070001 0.000000
0.070160 0.000000
0.070203 0.000000
0.070236 0.000000
0.070290 0.000000
0.070347 0.000000
0.070361 0.000000
0.070498 0.000000
0.070580 0.000000
0.070580 0.000000
0.070597 0.000000
0.070673 0.000000
0.070690 0.000000
0.070730 0.000000
0.070823 0.000000
0.070839 0.000000
0.070846 0.000000
0.070850 0.000000
0.070864 0.000000
0.070900 0.000000
0.070932 0.000000
0.070993 0.000000
0.071040 0.000000
0.071116 0.000000
0.071161 0.000000
0.071321 0.000000
0.071456 0.000000
0.071564 0.000000
0.071576 0.000000
0.071640 0.000000
0.071700 0.000000
0.071823 0.000000
0.071878 0.000000
0.071950 0.000000
0.072132 0.000000
0.072193 0.000000
0.072201 0.000000
0.072219 0.000000
0.072274 0.000000
0.072274 0.000000
0.072291 0.000000
0.072417 0.000000
0.072440 0.000000
0.072582 0.000000
0.072633 0.000000
0.072637 0.000000
0.072661 0.000000
0.072765 0.000000
0.072804 0.000000
0.072813 0.000000
0.072920 0.000000
0.073040 0.000000
0.073047 0.000000
0.073447 0.000000
0.073468 0.000000
0.073592 0.000000
0.073694 0.000000
0.073810 0.000000
0.073862 0.000000
0.073875 0.000000
0.073934 0.000000
0.073944 0.000000
0.073996 0.000000
0.074108 0.000000
0.074140 0.000000
0.074185 0.000000
0.074326 0.000000
0.074550 0.000000
0.074675 0.000000
0.074930 0.000000
0.074954 0.000000
0.074958 0.000000
0.075140 0.000000
0.075284 0.000000
0.075426 0.000000
0.075480 0.000000
0.075581 0.000000
0.075639 0.000000
0.075660 0.000000
0.075806 0.000000
0.075859 0.000000
0.075940 0.000000
0.075993 0.000000
0.076105 0.000000
0.076112 0.000000
0.076230 0.000000
0.076369 0.000000
0.076549 0.000000
0.076600 0.000000
0.076820 0.000000
0.076902 0.000000
0.076954 0.000000
0.077175 0.000000
0.077320 0.000000
0.077414 0.000000
0.077716 0.000000
0.077842 0.000000
0.077957 0.000000
0.078064 0.000000
0.078071 0.000000
0.078137 0.000000
0.078180 0.000000
0.078208 0.000000
0.078288 0.000000
0.078290 0.000000
0.078360 0.000000
0.078408 0.000000
0.078424 0.000000
0.078698 0.000000
0.078770 0.000000
0.078945 0.000000
0.078968 0.000000
0.079069 0.000000
0.079157 0.000000
0.079195 0.000000
0.079201 0.000000
0.079238 0.000000
0.079330 0.000000
0.079403 0.000000
0.079414 0.000000
0.079466 0.000000
0.079478 0.000000
0.079601 0.000000
0.079730 0.000000
0.079757 0.000000
0.079839 0.000000
0.079862 0.000000
0.079889 0.000000
0.079892 0.000000
0.080091 0.000000
0.080300 0.000000
0.080354 0.000000
0.080434 0.000000
0.080540 0.000000
0.080773 0.000000
0.081016 0.000000
0.081066 0.000000
0.081271 0.000000
0.081281 0.000000
0.081324 0.000130
0.081349 0.000140
0.081460 0.000150
0.081461 0.000160
0.081587 0.000170
0.081591 0.000170
0.081610 0.000180
0.081621 0.000190
0.081640 0.000190
0.081660 0.000200
0.081670 0.000200
0.081733 0.000200
0.081764 0.000200
0.081767 0.000200
0.081836 0.000200
0.081894 0.000200
0.081959 0.000210
0.081970 0.000210
0.082066 0.000210
0.082194 0.000220
0.082290 0.000220
0.082321 0.000220
0.082351 0.000220
0.082472 0.000220
0.082488 0.000230
0.082515 0.000230
0.082628 0.000230
0.082910 0.000230
0.082956 0.000240
0.082963 0.000240
0.083009 0.000240
0.083113 0.000240
0.083400 0.000240
0.083460 0.000240
0.083471 0.000240
0.083746 0.000250
0.083768 0.000250
0.083781 0.000260
0.083789 0.000260
0.083848 0.000260
0.083880 0.000260
0.083911 0.000270
0.083951 0.000270
0.083953 0.000270
0.084148 0.000270
0.084150 0.000270
0.084168 0.000270
0.084255 0.000280
0.084290 0.000280
0.084462 0.000280
0.084701 0.000290
0.084836 0.000300
0.084900 0.000300
0.085106 0.000300
0.085119 0.000300
0.085434 0.000310
0.085505 0.000310
0.085603 0.000310
0.085638 0.000330
0.085751 0.000340
0.085816 0.000370
0.085820 0.000370
0.085861 0.000380
0.085868 0.000390
0.086003 0.000390
0.086113 0.000400
0.086251 0.000400
0.086252 0.000410
0.086417 0.000410
0.086444 0.000410
0.086480 0.000420
0.086606 0.000420
0.086878 0.000430
0.086896 0.000440
0.087021 0.000440
0.087059 0.000440
0.087164 0.000440
0.087220 0.000450
0.087515 0.000460
0.087533 0.000460
0.087589 0.000470
0.087670 0.000490
0.087688 0.000500
0.087703 0.000500
0.087811 0.000500
0.087851 0.000510
0.087890 0.000540
0.087894 0.000550
0.087932 0.000550
0.087992 0.000600
0.088232 0.000630
0.088427 0.000640
0.088430 0.000650
0.088824 0.000660
0.088858 0.000660
0.089000 0.000680
0.089165 0.000700
0.089335 0.000700
0.089508 0.000730
0.089630 0.000740
0.089700 0.000740
0.089764 0.000740
0.089797 0.000770
0.089892 0.000770
0.090088 0.000780
0.090142 0.000780
0.090161 0.000790
0.090177 0.000810
0.090285 0.000820
0.090406 0.000830
0.090469 0.000850
0.090711 0.000860
0.090728 0.000860
0.090771 0.000860
0.090880 0.000870
0.090967 0.000890
0.090983 0.000900
0.091068 0.000910
0.091104 0.000910
0.091160 0.000910
0.091200 0.000920
0.091296 0.000920
0.091311 0.000920
0.091387 0.000920
0.091455 0.000930
0.091559 0.000940
0.091712 0.000950
0.091720 0.000950
0.091930 0.000960
0.092018 0.000960
0.092026 0.000960
0.092067 0.000980
0.092128 0.000980
0.092138 0.000990
0.092156 0.000990
0.092283 0.001010
0.092289 0.001020
0.092524 0.001040
0.092531 0.001040
0.092586 0.001040
0.092637 0.001070
0.092696 0.001080
0.092762 0.001080
0.092826 0.001090
0.092870 0.001100
0.092883 0.001100
0.092913 0.001120
0.092917 0.001130
0.092940 0.001130
0.092984 0.001140
0.093060 0.001150
0.093143 0.001150
0.093224 0.001160
0.093413 0.001170
0.093473 0.001180
0.093656 0.001200
0.093841 0.001220
0.093849 0.001220
0.093990 0.001220
0.094180 0.001250
0.094401 0.001270
0.094550 0.001320
0.094604 0.001320
0.094644 0.001330
0.094671 0.001360
0.094803 0.001360
0.094869 0.001390
0.095082 0.001390
0.095223 0.001390
0.095252 0.001400
0.095264 0.001410
0.095326 0.001420
0.095331 0.001420
0.095390 0.001430
0.095586 0.001450
0.095717 0.001460
0.095730 0.001500
0.095814 0.001510
0.095872 0.001510
0.096073 0.001510
0.096216 0.001540
0.096295 0.001550
0.096330 0.001550
0.096333 0.001570
0.096419 0.001580
0.096489 0.001610
0.096534 0.001620
0.096579 0.001640
0.096716 0.001650
0.096805 0.001650
0.096890 0.001670
0.096951 0.001680
0.097047 0.001680
0.097246 0.001690
0.097380 0.001710
0.097417 0.001710
0.097464 0.001730
0.097478 0.001740
0.097966 0.001740
0.097967 0.001750
0.098041 0.001790
0.098100 0.001790
0.098148 0.001810
0.098181 0.001830
0.098215 0.001880
0.098265 0.001890
0.098298 0.001890
0.098406 0.001900
0.098456 0.001910
0.098486 0.001930
0.098490 0.001960
0.098530 0.001960
0.098531 0.002000
0.098894 0.002000
0.098961 0.002010
0.098970 0.002010
0.098980 0.002040
0.099317 0.002040
0.099421 0.002060
0.099424 0.002070
0.099477 0.002090
0.099533 0.002110
0.099543 0.002120
0.099615 0.002130
0.099627 0.002150
0.099804 0.002150
0.099835 0.002160
0.099935 0.002210
0.100080 0.002210
0.100098 0.002210
0.100121 0.002220
0.100165 0.002230
0.100183 0.002230
0.100234 0.002270
0.100282 0.002290
0.100390 0.002300
0.100598 0.002310
0.100620 0.002320
0.100681 0.002350
0.100720 0.002370
0.101164 0.002380
0.101206 0.002380
0.101246 0.002400
0.101479 0.002410
0.101503 0.002430
0.101554 0.002440
0.101662 0.002440
0.101686 0.002450
0.101796 0.002490
0.102109 0.002520
0.102274 0.002540
0.102564 0.002540
0.102567 0.002550
0.102584 0.002590
0.102607 0.002590
0.102611 0.002600
0.102862 0.002600
0.102872 0.002620
0.102957 0.002620
0.102995 0.002670
0.103052 0.002690
0.103074 0.002710
0.103144 0.002730
0.103160 0.002730
0.103173 0.002740
0.103193 0.002750
0.103260 0.002760
0.103503 0.002770
0.103545 0.002790
0.103630 0.002790
0.103924 0.002820
0.103962 0.002850
0.104120 0.002870
0.104312 0.002880
0.104448 0.002890
0.104453 0.002890
0.104459 0.002890
0.104460 0.002920
0.104800 0.002930
0.104841 0.002950
0.104932 0.002960
0.104978 0.002990
0.105100 0.003030
0.105203 0.003050
0.105220 0.003050
0.105435 0.003130
0.105440 0.003170
0.105499 0.003230
0.105511 0.003250
0.105593 0.003260
0.105674 0.003270
0.105823 0.003310
0.105836 0.003320
0.105844 0.003330
0.105919 0.003330
0.106387 0.003360
0.106389 0.003370
0.106626 0.003390
0.106776 0.003420
0.106877 0.003440
0.106890 0.003460
0.106900 0.003460
0.107038 0.003500
0.107235 0.003510
0.107248 0.003520
0.107413 0.003540
0.107564 0.003560
0.107592 0.003570
0.107940 0.003570
0.108066 0.003580
0.108095 0.003610
0.108098 0.003630
0.108213 0.003680
0.108328 0.003680
0.108380 0.003710
0.108445 0.003730
0.108530 0.003740
0.108640 0.003760
0.108675 0.003770
0.108750 0.003810
0.108791 0.003820
0.108920 0.003820
0.108977 0.003840
0.109124 0.003850
0.109264 0.003850
0.109336 0.003870
0.109594 0.003890
0.109602 0.003900
0.109781 0.003900
0.109854 0.004030
0.109863 0.004030
0.109895 0.004070
0.109949 0.004110
0.109983 0.004110
0.110064 0.004120
0.110133 0.004120
0.110208 0.004140
0.110214 0.004160
0.110356 0.004200
0.110602 0.004210
0.110704 0.004210
0.110715 0.004220
0.110841 0.004230
0.110919 0.004230
0.110984 0.004240
0.111302 0.004260
0.111329 0.004270
0.111422 0.004300
0.111439 0.004310
0.111478 0.004350
0.111637 0.004380
0.111790 0.004390
0.111795 0.004400
0.112065 0.004420
0.112276 0.004430
0.112296 0.004430
0.112307 0.004440
0.112316 0.004450
0.112563 0.004460
0.112607 0.004470
0.112629 0.004510
0.112694 0.004520
0.112716 0.004560
0.112871 0.004580
0.112873 0.004590
0.112875 0.004600
0.112953 0.004650
0.113113 0.004660
0.113140 0.004670
0.113180 0.004680
0.113285 0.004700
0.113287 0.004710
0.113342 0.004750
0.113501 0.004760
0.113549 0.004760
0.113699 0.004790
0.113806 0.004800
0.113831 0.004810
0.113919 0.004830
0.113957 0.004860
0.114328 0.004910
0.114339 0.004920
0.114526 0.004940
0.114690 0.004970
0.114720 0.004970
0.114820 0.005000
0.114871 0.005100
0.114871 0.005110
0.114908 0.005150
0.114910 0.005170
0.114937 0.005170
0.114967 0.005180
0.114991 0.005260
0.115157 0.005270
0.115175 0.005290
0.115190 0.005300
0.115330 0.005310
0.115366 0.005350
0.115386 0.005370
0.115393 0.005400
0.115450 0.005400
0.115549 0.005430
0.115630 0.005440
0.115730 0.005450
0.116026 0.005470
0.116163 0.005510
0.116243 0.005530
0.116317 0.005540
0.116386 0.005590
0.116642 0.005610
0.116875 0.005650
0.116887 0.005660
0.116950 0.005750
0.116986 0.005750
0.117062 0.005790
0.117170 0.005800
0.117225 0.005810
0.117240 0.005810
0.117284 0.005830
0.117343 0.005880
0.117442 0.005920
0.117598 0.005940
0.117704 0.005980
0.117705 0.006000
0.117740 0.006000
0.117779 0.006010
0.117975 0.006020
0.118026 0.006040
0.118055 0.006050
0.118069 0.006080
0.118162 0.006090
0.118284 0.006120
0.118292 0.006170
0.118504 0.006200
0.118599 0.006220
0.118698 0.006220
0.118776 0.006260
0.118880 0.006270
0.119009 0.006270
0.119009 0.006280
0.119070 0.006290
0.119155 0.006300
0.119294 0.006300
0.119341 0.006300
0.119347 0.006420
0.119468 0.006460
0.120073 0.006470
0.120360 0.006500
0.120510 0.006500
0.120597 0.006520
0.120611 0.006530
0.120628 0.006560
0.120630 0.006560
0.120745 0.006600
0.120871 0.006620
0.120888 0.006630
0.120923 0.006700
0.120975 0.006720
0.121035 0.006730
0.121339 0.006750
0.121421 0.006790
0.121434 0.006790
0.121464 0.006800
0.121745 0.006880
0.121810 0.006880
0.121854 0.006890
0.121934 0.006910
0.121990 0.006940
0.122139 0.006960
0.122322 0.007000
0.122362 0.007010
0.122441 0.007060
0.122459 0.007070
0.122678 0.007130
0.122705 0.007140
0.122834 0.007150
0.122839 0.007190
0.122881 0.007200
0.122889 0.007240
0.122893 0.007270
0.122904 0.007290
0.123144 0.007300
0.123153 0.007300
0.123216 0.007350
0.123251 0.007360
0.123481 0.007410
0.123895 0.007450
0.123961 0.007510
0.124088 0.007550
0.124197 0.007550
0.124210 0.007600
0.124253 0.007600
0.124254 0.007630
0.124537 0.007680
0.124687 0.007690
0.124840 0.007770
0.124842 0.007770
0.124974 0.007780
0.125100 0.007790
0.125285 0.007820
0.125441 0.007830
0.125509 0.007910
0.125585 0.007950
0.125623 0.007980
0.125683 0.008000
0.125724 0.008070
0.125981 0.008090
0.126061 0.008100
0.126090 0.008170
0.126092 0.008190
0.126095 0.008190
0.126099 0.008190
0.126114 0.008210
0.126130 0.008230
0.126146 0.008230
0.126158 0.008250
0.126165 0.008300
0.126172 0.008310
0.126210 0.008350
0.126230 0.008360
0.126257 0.008360
0.126265 0.008390
0.126354 0.008400
0.126573 0.008410
0.126738 0.008410
0.126747 0.008430
0.126780 0.008450
0.126867 0.008450
0.126932 0.008450
0.127025 0.008490
0.127101 0.008500
0.127140 0.008530
0.127369 0.008560
0.127426 0.008600
0.127456 0.008600
0.127457 0.008620
0.127478 0.008640
0.127556 0.008680
0.127563 0.008690
0.127568 0.008730
0.127785 0.008770
0.127980 0.008770
0.128096 0.008780
0.128202 0.008820
0.128319 0.008850
0.128327 0.008860
0.128374 0.008950
0.128442 0.008950
0.128483 0.008970
0.128487 0.009010
0.128544 0.009040
0.128911 0.009070
0.129019 0.009070
0.129021 0.009080
0.129164 0.009130
0.129320 0.009140
0.129466 0.009140
0.129864 0.009190
0.129939 0.009200
0.130052 0.009200
0.130105 0.009300
0.130226 0.009330
0.130234 0.009380
0.130355 0.009400
0.130400 0.009410
0.130414 0.009480
0.130459 0.009550
0.130483 0.009560
0.130514 0.009560
0.130803 0.009570
0.130871 0.009580
0.130878 0.009580
0.131003 0.009600
0.131030 0.009610
0.131039 0.009610
0.131170 0.009610
0.131207 0.009620
0.131445 0.009630
0.131612 0.009650
0.131617 0.009660
0.131869 0.009730
0.131980 0.009800
0.132278 0.009840
0.132390 0.009860
0.132467 0.009870
0.132539 0.009890
0.132647 0.009890
0.132835 0.009910
0.132871 0.009950
0.132948 0.009950
0.132952 0.009960
0.133062 0.009980
0.133593 0.009980
0.133818 0.009990
0.133846 0.009990
0.133906 0.010040
0.133964 0.010050
0.133997 0.010060
0.134015 0.010070
0.134228 0.010110
0.134299 0.010170
0.134550 0.010180
0.134903 0.010190
0.135033 0.010210
0.135153 0.010220
0.135211 0.010220
0.135296 0.010220
0.135494 0.010260
0.135565 0.010310
0.135696 0.010320
0.135780 0.010330
0.135798 0.010380
0.135842 0.010390
0.135916 0.010400
0.135970 0.010400
0.135984 0.010410
0.136006 0.010430
0.136071 0.010440
0.136188 0.010460
0.136214 0.010470
0.136234 0.010470
0.136481 0.010500
0.136923 0.010520
0.136999 0.010550
0.137006 0.010560
0.137035 0.010580
0.137143 0.010600
0.137241 0.010650
0.137243 0.010650
0.137272 0.010660
0.137437 0.010660
0.137446 0.010670
0.137481 0.010700
0.137493 0.010710
0.137706 0.010790
0.138011 0.010800
0.138072 0.010830
0.138075 0.010870
0.138111 0.010910
0.138155 0.010920
0.138380 0.010940
0.138420 0.010980
0.138666 0.011010
0.138678 0.011020
0.138724 0.011020
0.138777 0.011030
0.138848 0.011070
0.138919 0.011100
0.138959 0.011100
0.139204 0.011110
0.139300 0.011120
0.139351 0.011140
0.139735 0.011150
0.139773 0.011200
0.139816 0.011240
0.139958 0.011260
0.140341 0.011260
0.140479 0.011310
0.140663 0.011340
0.141179 0.011340
0.141382 0.011360
0.141434 0.011370
0.141697 0.011370
0.141776 0.011410
0.142140 0.011410
0.142290 0.011420
0.142399 0.011420
0.142424 0.011420
0.142466 0.011450
0.142467 0.011470
0.142638 0.011500
0.142681 0.011520
0.142694 0.011580
0.142834 0.011580
0.143224 0.011590
0.143369 0.011600
0.143456 0.011670
0.143460 0.011670
0.143460 0.011710
0.143475 0.011720
0.143586 0.011730
0.143625 0.011740
0.143706 0.011770
0.143826 0.011780
0.144043 0.011790
0.144124 0.011830
0.144171 0.011890
0.144180 0.011920
0.144305 0.011990
0.144864 0.012020
0.144875 0.012050
0.145150 0.012060
0.145269 0.012060
0.145282 0.012070
0.145417 0.012140
0.145539 0.012180
0.145648 0.012210
0.145698 0.012210
0.145768 0.012230
0.145783 0.012230
0.145850 0.012240
0.145872 0.012290
0.145874 0.012310
0.146070 0.012320
0.146253 0.012340
0.146495 0.012350
0.146569 0.012360
0.146630 0.012380
0.146807 0.012390
0.146860 0.012390
0.147190 0.012400
0.147203 0.012420
0.147212 0.012480
0.147223 0.012480
0.147398 0.012520
0.147650 0.012520
0.147720 0.012520
0.147992 0.012530
0.148081 0.012530
0.148147 0.012570
0.148189 0.012620
0.148275 0.012640
0.148421 0.012660
0.148424 0.012680
0.148462 0.012680
0.148554 0.012690
0.148800 0.012720
0.149116 0.012730
0.149117 0.012740
0.149256 0.012750
0.149307 0.012750
0.149393 0.012780
0.149455 0.012790
0.149642 0.012790
0.149674 0.012820
0.149680 0.012840
0.149724 0.012910
0.150054 0.012910
0.150083 0.012910
0.150102 0.012920
0.150224 0.012950
0.150289 0.012950
0.150294 0.012950
0.150356 0.012970
0.150567 0.012990
0.150651 0.013010
0.150652 0.013070
0.150654 0.013090
0.150670 0.013110
0.150829 0.013110
0.150911 0.013170
0.150927 0.013190
0.150963 0.013190
0.150987 0.013240
0.151104 0.013270
0.151158 0.013350
0.151230 0.013370
0.151262 0.013390
0.151397 0.013460
0.151473 0.013480
0.151497 0.013480
0.151546 0.013490
0.151668 0.013500
0.151770 0.013540
0.151861 0.013540
0.152046 0.013600
0.152086 0.013610
0.152165 0.013610
0.152182 0.013650
0.152292 0.013660
0.152643 0.013690
0.152658 0.013700
0.153068 0.013730
0.153163 0.013740
0.153216 0.013740
0.153367 0.013810
0.153385 0.013820
0.153436 0.013820
0.153512 0.013850
0.153671 0.013860
0.153893 0.013970
0.153921 0.013990
0.153954 0.014070
0.153965 0.014090
0.154208 0.014200
0.154222 0.014250
0.154449 0.014260
0.154569 0.014310
0.155187 0.014340
0.155219 0.014340
0.155242 0.014410
0.155274 0.014490
0.155359 0.014510
0.155402 0.014520
0.155482 0.014540
0.155526 0.014610
0.155573 0.014640
0.155685 0.014710
0.155813 0.014790
0.155864 0.014810
0.155881 0.014840
0.156016 0.014850
0.156273 0.014870
0.156425 0.014910
0.156448 0.014920
0.156479 0.014920
0.156486 0.014930
0.156692 0.014970
0.156696 0.014980
0.156826 0.015060
0.156924 0.015070
0.157152 0.015090
0.157230 0.015240
0.157409 0.015240
0.157554 0.015370
0.157574 0.015380
0.157616 0.015430
0.157809 0.015450
0.157837 0.015510
0.158074 0.015520
0.158134 0.015720
0.158171 0.015750
0.158282 0.015800
0.158380 0.015810
0.158500 0.015870
0.158532 0.015880
0.158548 0.015970
0.158778 0.015980
0.158990 0.016040
0.159041 0.016070
0.159099 0.016070
0.159152 0.016070
0.159193 0.016090
0.159314 0.016100
0.159551 0.016110
0.159646 0.016120
0.159672 0.016130
0.159712 0.016150
0.159732 0.016180
0.159760 0.016290
0.159899 0.016320
0.160043 0.016420
0.160300 0.016420
0.160306 0.016430
0.160490 0.016460
0.160574 0.016500
0.160848 0.016510
0.161031 0.016510
0.161111 0.016620
0.161149 0.016680
0.161198 0.016690
0.161441 0.016690
0.161619 0.016770
0.161776 0.016850
0.161819 0.016870
0.161855 0.016920
0.161903 0.016960
0.161982 0.017000
0.162250 0.017060
0.162348 0.017140
0.162363 0.017150
0.162555 0.017180
0.162610 0.017190
0.163016 0.017250
0.163069 0.017270
0.163093 0.017270
0.163443 0.017270
0.163654 0.017290
0.163786 0.017290
0.163889 0.017300
0.164014 0.017340
0.164027 0.017360
0.164099 0.017380
0.164116 0.017380
0.164488 0.017410
0.164585 0.017460
0.164612 0.017490
0.164654 0.017570
0.164851 0.017600
0.165025 0.017730
0.165062 0.017740
0.165113 0.017740
0.165223 0.017760
0.165304 0.017780
0.165416 0.017790
0.165479 0.017830
0.165542 0.017830
0.165616 0.017940
0.165836 0.017960
0.165898 0.017960
0.165948 0.017980
0.165970 0.018010
0.166180 0.018030
0.166310 0.018050
0.166473 0.018070
0.166499 0.018130
0.166558 0.018140
0.166628 0.018150
0.166661 0.018160
0.166759 0.018240
0.166910 0.018240
0.166937 0.018240
0.167063 0.018290
0.167108 0.018320
0.167110 0.018350
0.167448 0.018440
0.167458 0.018440
0.167518 0.018590
0.167747 0.018770
0.167824 0.018810
0.167983 0.018840
0.167994 0.018840
0.168159 0.018960
0.168179 0.019040
0.168196 0.019090
0.168312 0.019170
0.168394 0.019230
0.168413 0.019280
0.168503 0.019370
0.168511 0.019380
0.168538 0.019400
0.168641 0.019400
0.168699 0.019400
0.168840 0.019470
0.168914 0.019500
0.169000 0.019590
0.169005 0.019630
0.169188 0.019690
0.169218 0.019700
0.169273 0.019720
0.169282 0.019760
0.169401 0.019770
0.169445 0.019840
0.169630 0.019870
0.169768 0.019970
0.169935 0.020100
0.169997 0.020210
0.170006 0.020210
0.170008 0.020300
0.170201 0.020330
0.170391 0.020350
0.170422 0.020360
0.170600 0.020390
0.170664 0.020400
0.170927 0.020430
0.171003 0.020510
0.171022 0.020510
0.171137 0.020520
0.171220 0.020560
0.171231 0.020590
0.171351 0.020670
0.171440 0.020700
0.171533 0.020880
0.171720 0.020880
0.171760 0.020900
0.171900 0.020930
0.172032 0.021030
0.172132 0.021160
0.172257 0.021200
0.172291 0.021320
0.172313 0.021320
0.172673 0.021380
0.172759 0.021410
0.172827 0.021530
0.172831 0.021530
0.172883 0.021550
0.173101 0.021580
0.173211 0.021590
0.173244 0.021640
0.173276 0.021690
0.173570 0.021800
0.173697 0.022010
0.173733 0.022120
0.173861 0.022140
0.174007 0.022140
0.174082 0.022170
0.174160 0.022200
0.174186 0.022240
0.174348 0.022360
0.174500 0.022370
0.174695 0.022370
0.174735 0.022470
0.174785 0.022630
0.174795 0.022640
0.174818 0.022650
0.174896 0.022670
0.174939 0.022670
0.175146 0.022670
0.175275 0.022720
0.175283 0.022800
0.175320 0.022850
0.175615 0.022860
0.175638 0.023030
0.175709 0.023170
0.175837 0.023220
0.175858 0.023290
0.176093 0.023310
0.176219 0.023320
0.176219 0.023360
0.176428 0.023390
0.176532 0.023440
0.176660 0.023470
0.176673 0.023550
0.176776 0.023600
0.176888 0.023750
0.176930 0.023830
0.177014 0.023830
0.177120 0.023900
0.177367 0.023970
0.177582 0.023990
0.177841 0.024030
0.178637 0.024100
0.178928 0.024190
0.179267 0.024200
0.179461 0.024240
0.179580 0.024250
0.179797 0.024300
0.179871 0.024320
0.179921 0.024330
0.180222 0.024340
0.180256 0.024440
0.180432 0.024500
0.180469 0.024590
0.180650 0.024620
0.180828 0.024680
0.180912 0.024760
0.181105 0.024770
0.181152 0.024770
0.181159 0.024780
0.181201 0.024780
0.181210 0.024930
0.181235 0.025060
0.181336 0.025240
0.181347 0.025260
0.181414 0.025290
0.181523 0.025320
0.181604 0.025430
0.181621 0.025520
0.181663 0.025560
0.181704 0.025650
0.181708 0.025660
0.181727 0.025670
0.181740 0.025730
0.181859 0.025750
0.181945 0.025750
0.182028 0.025790
0.182028 0.025970
0.182193 0.026190
0.182462 0.026290
0.182471 0.026440
0.182513 0.026470
0.182570 0.026550
0.182617 0.026570
0.182844 0.026580
0.183325 0.026640
0.183478 0.026660
0.183590 0.026660
0.183868 0.026690
0.183874 0.026770
0.184097 0.026780
0.184297 0.026900
0.184376 0.026910
0.184434 0.026930
0.184623 0.026960
0.184642 0.026990
0.184746 0.027010
0.184755 0.027020
0.184823 0.027030
0.185099 0.027080
0.185441 0.027130
0.185528 0.027130
0.185539 0.027150
0.185544 0.027270
0.185684 0.027310
0.185874 0.027410
0.185907 0.027410
0.186231 0.027420
0.186265 0.027500
0.186437 0.027540
0.186657 0.027550
0.186776 0.027580
0.186852 0.027600
0.187043 0.027740
0.187129 0.027750
0.187131 0.027780
0.187212 0.027790
0.187218 0.027950
0.187240 0.028000
0.187339 0.028050
0.187378 0.028090
0.187496 0.028180
0.187515 0.028230
0.187784 0.028240
0.187808 0.028250
0.187824 0.028270
0.187830 0.028270
0.187874 0.028300
0.187991 0.028330
0.188165 0.028340
0.188320 0.028410
0.188539 0.028410
0.189105 0.028440
0.189238 0.028620
0.189339 0.028630
0.189392 0.028670
0.189620 0.028790
0.189977 0.028800
0.190138 0.028800
0.190213 0.028810
0.190254 0.028850
0.190585 0.028890
0.190589 0.028890
0.190612 0.028900
0.190733 0.028900
0.190830 0.029070
0.190837 0.029130
0.191103 0.029210
0.191104 0.029290
0.191137 0.029350
0.191291 0.029530
0.191592 0.029570
0.191606 0.029590
0.191930 0.029620
0.191999 0.029660
0.192165 0.029670
0.192261 0.029690
0.192330 0.029740
0.192449 0.029900
0.192517 0.029970
0.192635 0.030050
0.192802 0.030090
0.192805 0.030160
0.192846 0.030160
0.193160 0.030210
0.193341 0.030220
0.193412 0.030300
0.193482 0.030350
0.193851 0.030420
0.193922 0.030440
0.193997 0.030440
0.194049 0.030440
0.194148 0.030450
0.194191 0.030550
0.194285 0.030610
0.194289 0.030610
0.194334 0.030730
0.194485 0.030780
0.194516 0.030800
0.194785 0.030830
0.194868 0.030890
0.195098 0.030920
0.195125 0.030980
0.195396 0.030980
0.195501 0.031050
0.195518 0.031160
0.195549 0.031230
0.195559 0.031250
0.195603 0.031350
0.195652 0.031350
0.195754 0.031400
0.195802 0.031430
0.195983 0.031490
0.196287 0.031500
0.196315 0.031500
0.196391 0.031690
0.196478 0.031780
0.196612 0.031910
0.197061 0.032000
0.197296 0.032140
0.197412 0.032260
0.197620 0.032340
0.197639 0.032380
0.197697 0.032420
0.197852 0.032440
0.198123 0.032470
0.198228 0.032530
0.198591 0.032610
0.198725 0.032800
0.198801 0.032820
0.198822 0.032820
0.198916 0.032920
0.199228 0.032960
0.199741 0.032970
0.199748 0.033040
0.199814 0.033090
0.199844 0.033260
0.200319 0.033300
0.200336 0.033400
0.200382 0.033400
0.200405 0.033400
0.200414 0.033550
0.200549 0.033770
0.200826 0.033920
0.201026 0.034130
0.201158 0.034250
0.201167 0.034510
0.201232 0.034550
0.201277 0.034710
0.201323 0.034850
0.201544 0.034850
0.201816 0.034900
0.202033 0.034900
0.202203 0.034930
0.202339 0.034960
0.202384 0.035010
0.202384 0.035020
0.202625 0.035030
0.202679 0.035050
0.202817 0.035080
0.202830 0.035140
0.202917 0.035170
0.203011 0.035170
0.203097 0.035170
0.203259 0.035170
0.203294 0.035280
0.203385 0.035330
0.203679 0.035350
0.203798 0.035360
0.203807 0.035470
0.203855 0.035500
0.204314 0.035500
0.204663 0.035510
0.204733 0.035540
0.204823 0.035700
0.204909 0.035780
0.204965 0.035910
0.205093 0.035950
0.205253 0.036020
0.205313 0.036050
0.205357 0.036180
0.205463 0.036240
0.205482 0.036330
0.205749 0.036450
0.206165 0.036750
0.206273 0.036930
0.206302 0.037020
0.206485 0.037020
0.206643 0.037110
0.206834 0.037210
0.206995 0.037410
0.207121 0.037410
0.207264 0.037670
0.207394 0.037740
0.207429 0.037770
0.207445 0.038030
0.207530 0.038030
0.207645 0.038120
0.207670 0.038270
0.207883 0.038540
0.207894 0.038750
0.207913 0.038840
0.208245 0.039040
0.208337 0.039060
0.208379 0.039100
0.208411 0.039170
0.208417 0.039240
0.208454 0.039340
0.208616 0.039510
0.208747 0.039610
0.208794 0.039650
0.208867 0.039680
0.209212 0.040070
0.209230 0.040380
0.209421 0.040540
0.209470 0.040670
0.209516 0.040730
0.209718 0.040760
0.209784 0.040800
0.209792 0.040900
0.210048 0.041010
0.210282 0.041020
0.210502 0.041060
0.210771 0.041060
0.210782 0.041090
0.210935 0.041100
0.211161 0.041120
0.211171 0.041200
0.211250 0.041200
0.211320 0.041240
0.211399 0.041500
0.211450 0.041560
0.211714 0.041860
0.211824 0.041870
0.212047 0.041870
0.212083 0.042200
0.212173 0.042220
0.212219 0.042350
0.212463 0.042450
0.212821 0.042510
0.212829 0.042680
0.212874 0.042860
0.212878 0.043130
0.213013 0.043130
0.213038 0.043300
0.213544 0.043320
0.213613 0.043360
0.213716 0.043450
0.213856 0.043490
0.213944 0.043670
0.214039 0.043700
0.214252 0.043850
0.214573 0.043890
0.214590 0.044030
0.214740 0.044210
0.214990 0.044320
0.215160 0.044380
0.215265 0.044420
0.215408 0.044420
0.215480 0.044470
0.215493 0.044560
0.215539 0.044750
0.215578 0.044800
0.215626 0.044820
0.215760 0.044870
0.215807 0.044900
0.215861 0.044980
0.215875 0.044990
0.215958 0.045030
0.216002 0.045060
0.216360 0.045100
0.216825 0.045180
0.217038 0.045210
0.217415 0.045270
0.217493 0.045300
0.217680 0.045320
0.217779 0.045330
0.217869 0.045510
0.217964 0.045510
0.218064 0.045580
0.218190 0.045650
0.218546 0.045850
0.218622 0.045890
0.218802 0.045940
0.218816 0.046120
0.218836 0.046150
0.218900 0.046220
0.219145 0.046470
0.219438 0.046520
0.219704 0.046600
0.219728 0.046680
0.219763 0.046750
0.219769 0.046840
0.220114 0.047120
0.220359 0.047190
0.220589 0.047320
0.220596 0.047390
0.220619 0.047450
0.220940 0.047530
0.221094 0.047600
0.221252 0.047950
0.221491 0.048340
0.221729 0.048430
0.221742 0.048490
0.222215 0.048610
0.222312 0.048620
0.222492 0.048700
0.222560 0.049040
0.222560 0.049070
0.222731 0.049160
0.222746 0.049340
0.222859 0.049390
0.222867 0.049600
0.222918 0.049740
0.222992 0.049770
0.223082 0.049780
0.223188 0.050040
0.223308 0.050090
0.223374 0.050160
0.223403 0.050160
0.223700 0.050250
0.223702 0.050460
0.223815 0.050500
0.223939 0.050710
0.224076 0.050780
0.224098 0.050810
0.224157 0.050820
0.224269 0.050850
0.224874 0.050950
0.225997 0.050980
0.226374 0.051030
0.226418 0.051070
0.226736 0.051110
0.226738 0.051210
0.226883 0.051350
0.226956 0.051350
0.227095 0.051410
0.227411 0.051450
0.227560 0.051570
0.227633 0.051730
0.227651 0.051990
0.227757 0.052180
0.228009 0.052200
0.228495 0.052410
0.228517 0.052520
0.228704 0.052680
0.228786 0.052710
0.228789 0.052830
0.228858 0.052910
0.229112 0.052940
0.229134 0.053000
0.229510 0.053290
0.229809 0.053580
0.229834 0.053710
0.229881 0.054490
0.229960 0.054620
0.229984 0.054690
0.230058 0.054860
0.230321 0.055030
0.230350 0.055060
0.230518 0.055150
0.230721 0.055210
0.230838 0.055520
0.230857 0.055590
0.231143 0.055670
0.231177 0.055690
0.231264 0.055820
0.231371 0.055860
0.231400 0.055870
0.231453 0.055890
0.231497 0.056000
0.231737 0.056200
0.231768 0.056590
0.231837 0.056770
0.232056 0.056770
0.232160 0.056850
0.232533 0.056930
0.232712 0.056960
0.232719 0.057160
0.232917 0.057170
0.233090 0.057350
0.233650 0.057380
0.233847 0.057470
0.234044 0.057540
0.234075 0.057560
0.234080 0.057650
0.234099 0.057700
0.234163 0.057700
0.234250 0.057730
0.234502 0.057880
0.234671 0.057880
0.234985 0.057980
0.235126 0.058120
0.235133 0.058120
0.235224 0.058250
0.235550 0.058410
0.235621 0.058490
0.235988 0.058590
0.235990 0.058640
0.236339 0.058640
0.236419 0.058670
0.236777 0.058730
0.236870 0.059080
0.237134 0.059090
0.237307 0.059340
0.237494 0.059480
0.237510 0.059530
0.237556 0.060190
0.237576 0.060240
0.237606 0.060380
0.237608 0.060430
0.237612 0.060440
0.237630 0.060520
0.237793 0.060820
0.237798 0.060930
0.237895 0.061000
0.238084 0.061060
0.238123 0.061080
0.238133 0.061340
0.238201 0.061660
0.238292 0.061690
0.238293 0.061780
0.238383 0.061910
0.238667 0.062100
0.238671 0.062160
0.238784 0.062460
0.238869 0.062560
0.238909 0.062740
0.238985 0.062770
0.239502 0.062830
0.239719 0.062860
0.239821 0.062960
0.239915 0.063060
0.240077 0.063200
0.240114 0.063400
0.240122 0.063450
0.240224 0.063470
0.240497 0.063700
0.240574 0.063760
0.240587 0.064070
0.240595 0.064350
0.240799 0.064540
0.240804 0.064550
0.240857 0.064570
0.241315 0.064860
0.241635 0.064930
0.241698 0.064950
0.241901 0.065050
0.241920 0.065120
0.241921 0.065510
0.242170 0.065550
0.242222 0.066170
0.242251 0.066180
0.242304 0.066200
0.242329 0.066280
0.242490 0.066500
0.242737 0.066680
0.242969 0.066740
0.243051 0.066930
0.243119 0.066940
0.243153 0.067530
0.243699 0.067540
0.243715 0.067830
0.243817 0.067860
0.243982 0.067890
0.244344 0.067960
0.244569 0.068010
0.244596 0.068010
0.244608 0.068240
0.244648 0.068290
0.245581 0.068360
0.246076 0.068470
0.246207 0.068660
0.246494 0.069060
0.246522 0.069270
0.246568 0.069280
0.246581 0.069340
0.246859 0.069360
0.246898 0.069370
0.246930 0.069670
0.247213 0.069970
0.247310 0.070580
0.247618 0.070720
0.247675 0.071060
0.248113 0.071320
0.248357 0.071420
0.248715 0.071720
0.248838 0.071830
0.249030 0.071870
0.249046 0.071970
0.249417 0.072210
0.249509 0.072210
0.249581 0.072300
0.250165 0.072440
0.250467 0.072550
0.250731 0.072560
0.250761 0.072630
0.250804 0.072720
0.251202 0.072830
0.251389 0.072940
0.251490 0.073480
0.251799 0.073960
0.251941 0.074000
0.251987 0.074010
0.252269 0.074440
0.252382 0.074890
0.252661 0.074930
0.252882 0.075320
0.253314 0.075320
0.253346 0.075370
0.253466 0.075460
0.253716 0.075620
0.253869 0.075720
0.254078 0.075840
0.254159 0.075880
0.254287 0.075980
0.254369 0.076410
0.254738 0.076680
0.254755 0.076740
0.254763 0.076890
0.254782 0.077020
0.254787 0.077090
0.254966 0.077360
0.254967 0.077590
0.255046 0.077730
0.255076 0.078050
0.255121 0.078240
0.255762 0.078270
0.255775 0.078270
0.255911 0.078420
0.256038 0.078460
0.256068 0.078510
0.256166 0.078620
0.256483 0.078670
0.256525 0.078750
0.256722 0.078830
0.256956 0.079220
0.257108 0.079480
0.257225 0.079850
0.257306 0.079920
0.257355 0.079930
0.257660 0.079930
0.257821 0.080180
0.258023 0.080480
0.258163 0.081030
0.258199 0.081140
0.258307 0.082160
0.258587 0.082920
0.258676 0.083000
0.258802 0.083180
0.258892 0.083250
0.258895 0.083430
0.258907 0.083640
0.258962 0.083700
0.259144 0.083810
0.259280 0.084500
0.259332 0.084650
0.259375 0.084710
0.259382 0.084930
0.259459 0.085050
0.259474 0.085060
0.259634 0.085200
0.259652 0.085210
0.259712 0.085430
0.259835 0.085680
0.259888 0.085760
0.260109 0.085990
0.260466 0.086170
0.260575 0.086280
0.260633 0.086310
0.260640 0.086710
0.260713 0.086830
0.261031 0.087040
0.261054 0.087270
0.261058 0.087310
0.261067 0.087440
0.261509 0.087700
0.261550 0.087730
0.261587 0.087840
0.261852 0.088010
0.262427 0.088470
0.263067 0.089120
0.263071 0.089390
0.263368 0.089860
0.263433 0.089960
0.263632 0.090230
0.263912 0.090940
0.264028 0.091140
0.264168 0.091420
0.264186 0.091440
0.264277 0.091450
0.264309 0.091710
0.264324 0.091740
0.264353 0.092010
0.264357 0.092420
0.264405 0.092780
0.264496 0.092900
0.265340 0.092920
0.265372 0.092960
0.265544 0.093360
0.265618 0.093500
0.265626 0.093500
0.266182 0.093540
0.266211 0.093940
0.266286 0.094060
0.266325 0.094120
0.266551 0.094210
0.266701 0.094230
0.266727 0.094300
0.266752 0.094530
0.266879 0.094900
0.266928 0.095440
0.267257 0.095440
0.267857 0.095680
0.267909 0.095910
0.267955 0.096210
0.268155 0.096770
0.268192 0.097080
0.268573 0.097490
0.268976 0.097820
0.269151 0.097890
0.269424 0.098390
0.269578 0.099170
0.270025 0.099290
0.270577 0.099330
0.270678 0.099430
0.271031 0.099680
0.271214 0.099760
0.271333 0.099790
0.271376 0.099910
0.271386 0.100150
0.271620 0.100160
0.271632 0.100250
0.271847 0.100320
0.271861 0.100950
0.272005 0.101050
0.272043 0.101300
0.272200 0.101420
0.272285 0.101500
0.272289 0.101670
0.272456 0.102160
0.272579 0.102220
0.272946 0.102250
0.273136 0.102260
0.273153 0.102400
0.273293 0.103220
0.273311 0.103370
0.273594 0.103720
0.273621 0.104000
0.273951 0.104130
0.274044 0.104780
0.274068 0.104800
0.274099 0.104960
0.274460 0.105230
0.274589 0.105940
0.275059 0.106400
0.275096 0.106740
0.275343 0.106760
0.275565 0.107040
0.275844 0.107340
0.276036 0.107460
0.276163 0.107610
0.276219 0.107610
0.276292 0.107690
0.276507 0.107750
0.276552 0.107820
0.277041 0.108360
0.277247 0.110060
0.277258 0.110120
0.277431 0.110160
0.277493 0.110370
0.277534 0.110540
0.277822 0.110660
0.278244 0.110700
0.278263 0.110930
0.278567 0.111360
0.278775 0.111420
0.279028 0.111610
0.279165 0.111790
0.279346 0.112290
0.279361 0.112580
0.279381 0.112660
0.279616 0.112730
0.279920 0.112910
0.280138 0.113480
0.280279 0.113760
0.280405 0.113880
0.280424 0.114540
0.280469 0.115300
0.280666 0.115890
0.281004 0.116340
0.281086 0.116590
0.281261 0.117200
0.281834 0.117470
0.281893 0.117790
0.281925 0.118130
0.282243 0.118210
0.282275 0.118540
0.282335 0.119020
0.282488 0.119090
0.282489 0.119100
0.282536 0.119800
0.282610 0.119920
0.282641 0.120250
0.283061 0.120920
0.283175 0.121160
0.283590 0.121550
0.283612 0.121770
0.283640 0.121840
0.283708 0.122050
0.283717 0.123080
0.283795 0.123180
0.284012 0.123320
0.284042 0.123920
0.284106 0.124090
0.284283 0.124190
0.284686 0.124310
0.285163 0.124320
0.285444 0.124440
0.285579 0.124510
0.285655 0.124630
0.285693 0.125310
0.285745 0.126050
0.286486 0.126310
0.286528 0.127480
0.286540 0.127490
0.286770 0.127680
0.286991 0.127740
0.287020 0.127860
0.287048 0.128350
0.287399 0.128390
0.287553 0.128790
0.288025 0.129130
0.288366 0.129280
0.288412 0.129770
0.288437 0.129780
0.288841 0.129980
0.289020 0.130030
0.289207 0.130320
0.289804 0.130580
0.290136 0.130580
0.290391 0.131310
0.290400 0.131700
0.290442 0.131930
0.290579 0.132180
0.290803 0.132330
0.290972 0.132410
0.291318 0.132960
0.291560 0.133040
0.291945 0.133740
0.292200 0.134220
0.292552 0.134300
0.292958 0.134580
0.293115 0.134740
0.293302 0.135580
0.293339 0.137890
0.293392 0.137930
0.293434 0.138190
0.293469 0.138380
0.293678 0.138490
0.293933 0.138730
0.294093 0.139300
0.294251 0.139570
0.294321 0.139800
0.294562 0.140160
0.294909 0.140520
0.295615 0.141990
0.295831 0.142580
0.295980 0.143070
0.296079 0.143200
0.296311 0.143780
0.296455 0.143900
0.296624 0.143980
0.296852 0.144000
0.297032 0.144100
0.297125 0.144880
0.297517 0.146760
0.297907 0.146770
0.297992 0.147080
0.298793 0.147650
0.299086 0.147960
0.299093 0.148580
0.299204 0.148620
0.299333 0.148690
0.299351 0.149190
0.299400 0.149310
0.299529 0.149600
0.299588 0.150190
0.299632 0.150550
0.299665 0.151920
0.299691 0.152070
0.299933 0.152400
0.300023 0.152920
0.300104 0.153060
0.300181 0.153150
0.300181 0.153650
0.300650 0.153940
0.300660 0.154230
0.301437 0.155080
0.301940 0.155160
0.303179 0.156040
0.303267 0.156820
0.303379 0.157380
0.303528 0.157530
0.303552 0.158100
0.303941 0.159200
0.304437 0.159410
0.304649 0.161110
0.304656 0.161630
0.304796 0.161920
0.305067 0.162210
0.305223 0.162390
0.305596 0.163320
0.305747 0.163460
0.305839 0.163670
0.306371 0.163800
0.306520 0.163990
0.306708 0.164080
0.306791 0.165280
0.306893 0.165680
0.307068 0.166140
0.307086 0.166260
0.307121 0.166970
0.307287 0.167520
0.307384 0.168020
0.307565 0.169840
0.307616 0.173040
0.307799 0.173690
0.307978 0.174190
0.308029 0.174500
0.308530 0.174690
0.309012 0.174700
0.309077 0.175550
0.309189 0.176100
0.309769 0.176970
0.309893 0.177060
0.309942 0.177400
0.309974 0.177770
0.310020 0.178130
0.310063 0.179180
0.310090 0.179370
0.310136 0.179740
0.310152 0.181130
0.310389 0.182170
0.310552 0.183620
0.310570 0.184300
0.310764 0.184520
0.311420 0.184610
0.311747 0.184780
0.312083 0.186400
0.312475 0.186870
0.312531 0.187550
0.312975 0.187710
0.313512 0.189250
0.313778 0.189380
0.314090 0.189400
0.314268 0.189700
0.314633 0.190060
0.315042 0.190210
0.315407 0.190270
0.315845 0.191030
0.316085 0.191320
0.316382 0.192500
0.316720 0.192580
0.316828 0.193040
0.317417 0.194060
0.317483 0.196540
0.317611 0.197080
0.317668 0.197420
0.317673 0.197470
0.317886 0.200290
0.318139 0.200590
0.318263 0.200730
0.318665 0.200900
0.318770 0.202200
0.319131 0.203010
0.319322 0.204060
0.319610 0.205530
0.320192 0.206270
0.320254 0.206300
0.320941 0.207180
0.321439 0.207410
0.321788 0.207560
0.322076 0.207710
0.323379 0.207880
0.323615 0.208090
0.323631 0.208170
0.323946 0.210810
0.324085 0.210880
0.324402 0.211220
0.324874 0.212640
0.324921 0.213290
0.324937 0.215310
0.325091 0.215330
0.325534 0.216180
0.325740 0.217230
0.326184 0.218450
0.326218 0.218730
0.326546 0.220110
0.326837 0.220510
0.326956 0.220770
0.327039 0.220940
0.327763 0.221150
0.327996 0.223520
0.328855 0.223640
0.328866 0.225450
0.328979 0.225890
0.329444 0.226900
0.330174 0.227090
0.330890 0.227330
0.330983 0.231080
0.331610 0.231470
0.331838 0.234660
0.331869 0.234680
0.332030 0.235830
0.332810 0.238550
0.333639 0.241570
0.334784 0.241740
0.335068 0.242600
0.335183 0.242720
0.335898 0.245000
0.336344 0.246530
0.336958 0.247730
0.337391 0.248660
0.337582 0.249800
0.337723 0.251680
0.337810 0.253230
0.338517 0.256010
0.338524 0.258840
0.338805 0.259310
0.339060 0.259390
0.340464 0.265100
0.341418 0.266770
0.341712 0.267070
0.342867 0.272390
0.343399 0.274510
0.343690 0.276360
0.344189 0.276990
0.344599 0.280110
0.345991 0.280350
0.346241 0.281400
0.346431 0.281820
0.347288 0.282560
0.347586 0.283600
0.349060 0.284290
0.349365 0.285860
0.350248 0.285970
0.350263 0.288650
0.353444 0.293110
0.354201 0.294360
0.355990 0.297360
0.357591 0.297610
0.357592 0.299960
0.357794 0.303810
0.358207 0.306520
0.359190 0.311300
0.360906 0.314390
0.361130 0.316280
0.361647 0.319680
0.363673 0.320360
0.363707 0.320590
0.364317 0.321000
0.364420 0.322710
0.364633 0.323750
0.364716 0.325470
0.365611 0.325820
0.367405 0.338750
0.367974 0.342810
0.370163 0.347300
0.372075 0.352370
0.372447 0.355500
0.375175 0.367190
0.393971 0.399140
