0.0177965 2.76947e-07
0.0178542 4.75513e-07
0.0180746 8.8736e-07
0.0186982 9.95207e-07
0.0188165 1.10194e-06
0.0188715 1.70593e-06
0.0199257 2.92442e-06
0.0206689 7.0394e-06
0.020776 9.23701e-06
0.0208749 1.03985e-05
0.0218838 1.07499e-05
0.0228999 1.17949e-05
0.0234328 1.22324e-05
0.0237017 1.40931e-05
0.0241023 1.55243e-05
0.024365 1.94209e-05
0.024538 1.99366e-05
0.024772 2.06192e-05
0.0249742 2.27898e-05
0.0250008 2.33054e-05
0.0251775 2.46996e-05
0.0254104 2.53905e-05
0.0254993 2.58845e-05
0.0255651 2.60148e-05
0.0257563 2.62504e-05
0.026137 2.81268e-05
0.0264656 2.85564e-05
0.0266266 2.858e-05
0.027115 2.93306e-05
0.0280473 2.97965e-05
0.028754 3.20823e-05
0.0289637 3.22221e-05
0.0290827 3.43838e-05
0.0292646 3.46617e-05
0.0292802 3.54698e-05
0.0293149 3.64709e-05
0.0296499 4.25204e-05
0.0298317 4.27001e-05
0.0312618 4.29177e-05
0.0314048 4.30921e-05
0.0314371 4.34774e-05
0.0319603 4.72726e-05
0.0319967 4.92849e-05
0.0323856 4.93333e-05
0.0327424 4.95099e-05
0.0330608 5.00299e-05
0.0333095 5.17454e-05
0.0334223 5.21912e-05
0.0336471 5.2938e-05
0.0336739 5.33901e-05
0.0336793 5.54123e-05
0.033882 5.65326e-05
0.0340777 5.70577e-05
0.034457 5.79276e-05
0.0344672 5.91659e-05
0.0346815 6.00695e-05
0.0348702 6.01831e-05
0.0348789 6.12107e-05
0.0350007 6.50054e-05
0.0350254 6.78382e-05
0.0355542 6.95363e-05
0.0356833 7.83637e-05
0.0361184 7.85287e-05
0.0363097 7.95466e-05
0.0366506 7.9924e-05
0.0367007 8.57369e-05
0.0368855 8.58949e-05
0.0373736 8.70819e-05
0.0379013 8.78487e-05
0.037945 9.01972e-05
0.0380672 9.15814e-05
0.0380809 9.1819e-05
0.0382907 9.2161e-05
0.0384338 0.000106891
0.0384362 0.00010774
0.0388189 0.000109488
0.0389586 0.000114801
0.0390417 0.000115699
0.0390871 0.00011826
0.0391274 0.000119184
0.0393857 0.000120642
0.039485 0.000122038
0.0395853 0.000123078
0.0398494 0.000123088
0.0399409 0.000124153
0.0399773 0.000124291
0.0401253 0.000130581
0.0404455 0.000132084
0.0404495 0.000133733
0.0406246 0.000136148
0.0406265 0.000140935
0.0406835 0.000141533
0.040757 0.000142578
0.0410222 0.00014414
0.0413744 0.000144563
0.0413749 0.000145503
0.0415104 0.000147746
0.0419706 0.000148184
0.0421708 0.000151204
0.0425285 0.000152644
0.0426251 0.000154985
0.0426434 0.000157741
0.0432265 0.000157882
0.0432671 0.000159148
0.0432779 0.000160083
0.0433403 0.000166712
0.0433638 0.000173743
0.043475 0.000173749
0.0435199 0.000175297
0.0436214 0.000175966
0.0437124 0.000177609
0.0437898 0.000184847
0.0440731 0.000189593
0.0445635 0.000190416
0.044713 0.000191667
0.0447477 0.000195885
0.0447951 0.000196578
0.0451383 0.000203303
0.0451765 0.000203927
0.0451776 0.000207942
0.0452033 0.000208219
0.0452799 0.000211798
0.0453141 0.000216533
0.0457314 0.000232873
0.0460912 0.000234581
0.0461089 0.000236162
0.0461245 0.000237668
0.0461962 0.000239811
0.0463386 0.000242904
0.0465494 0.000245871
0.0466595 0.000256038
0.0467465 0.000257992
0.0467971 0.000260327
0.0468013 0.000267322
0.0469111 0.000272583
0.0469543 0.000273144
0.0470593 0.000273421
0.0472112 0.000283721
0.0473345 0.000284399
0.0473367 0.000285719
0.047451 0.00028707
0.0475052 0.000287343
0.0476808 0.00028762
0.0479392 0.000288195
0.0481276 0.000289289
0.0481333 0.00029293
0.0481824 0.000293325
0.0484641 0.00029903
0.0485074 0.000304854
0.0485262 0.000305327
0.0486371 0.000307373
0.0493106 0.000307571
0.0494968 0.000310763
0.049891 0.000310795
0.0504052 0.000311528
0.0506799 0.000314674
0.0509307 0.000321785
0.05098 0.000321988
0.0512417 0.00032257
0.0514929 0.000337336
0.0515461 0.000339578
0.0515504 0.000350342
0.0516543 0.000357276
0.0517435 0.000357517
0.0517917 0.000359295
0.0520021 0.000360149
0.0522087 0.000361374
0.0523405 0.000362271
0.0523767 0.000363821
0.0524558 0.00036445
0.0524625 0.000364916
0.0524861 0.000370377
0.052721 0.000370776
0.0530251 0.000371694
0.0530282 0.000373441
0.0531038 0.0003759
0.0531241 0.000379968
0.0531615 0.000382582
0.0534181 0.000383402
0.0534458 0.000388586
0.053447 0.000388858
0.0534589 0.000391004
0.0535816 0.000409655
0.0535999 0.000415985
0.0537466 0.000417046
0.0538075 0.00042124
0.0538145 0.000422109
0.05385 0.000425832
0.0538799 0.000428274
0.0539962 0.000428487
0.0540725 0.000429553
0.0541506 0.000429767
0.054369 0.000430003
0.0546901 0.000437323
0.0548973 0.000440437
0.0549922 0.000444901
0.0550245 0.000450817
0.0552287 0.00045964
0.0552535 0.000462005
0.0552819 0.000462093
0.0553243 0.000466735
0.0553508 0.000467823
0.0553887 0.000491677
0.0554212 0.00049848
0.0554866 0.000508559
0.0556638 0.000515155
0.0557042 0.000515897
0.0558081 0.000516257
0.0559252 0.000516927
0.0561106 0.00052433
0.0561459 0.000524367
0.056223 0.000525863
0.0562358 0.000529256
0.0562424 0.000536774
0.0562974 0.000537044
0.0563026 0.000537914
0.0564609 0.000538346
0.0569519 0.000543107
0.0569695 0.000544878
0.0570222 0.000546849
0.0574958 0.00055348
0.0575018 0.000554983
0.0575455 0.000556776
0.0577537 0.000558257
0.0577696 0.000561225
0.0578313 0.000561356
0.0580868 0.000564928
0.0581382 0.000585382
0.0581504 0.000595819
0.0581924 0.000598459
0.0582116 0.00060518
0.0583519 0.000605536
0.0584293 0.000606851
0.0587185 0.000610261
0.0587729 0.000610327
0.0588079 0.000610954
0.0588354 0.000611246
0.0589572 0.000613938
0.059085 0.000614937
0.0590856 0.000615523
0.0591585 0.000615916
0.0592411 0.000620871
0.059255 0.000624364
0.0593641 0.000625115
0.059376 0.000627968
0.0593814 0.000632452
0.0593885 0.000637734
0.0594116 0.000638669
0.0594189 0.000649411
0.0596874 0.000653656
0.0597218 0.000656722
0.0598264 0.000663832
0.0599316 0.000665438
0.0600774 0.000674472
0.060149 0.000674608
0.0602806 0.000677699
0.0603597 0.000688103
0.0606691 0.000688174
0.0609378 0.000698138
0.0609847 0.000710733
0.0610809 0.0007115
0.0612123 0.00071173
0.0612614 0.000716981
0.0614423 0.000719253
0.0615975 0.00072591
0.0617553 0.000728461
0.0618923 0.000742087
0.0619262 0.000743414
0.0623421 0.000744742
0.0624335 0.000745456
0.0624614 0.00074624
0.062607 0.000753067
0.0626456 0.000755069
0.0626479 0.000756411
0.0628452 0.000758398
0.0630344 0.000759601
0.0633956 0.000759861
0.0636391 0.000763002
0.0636951 0.000764457
0.0638941 0.000771316
0.0639715 0.000775559
0.0641643 0.000783888
0.0641815 0.000804449
0.0642302 0.000806226
0.064309 0.000808576
0.0644168 0.000810541
0.0645963 0.000811206
0.0646095 0.000812385
0.0647759 0.000816596
0.0648916 0.000834214
0.06504 0.000852309
0.0650704 0.00085741
0.0652486 0.000858779
0.0654086 0.00085955
0.0655511 0.00086294
0.0656123 0.000864468
0.06589 0.0008648
0.0659463 0.000865193
0.0659586 0.000865809
0.0660896 0.000877153
0.0661917 0.000879312
0.0662248 0.000882652
0.0662628 0.000885219
0.0663822 0.000886292
0.0665183 0.000890944
0.0666223 0.000891741
0.0666468 0.000893494
0.0667392 0.000895069
0.0667702 0.000899486
0.0668513 0.000900424
0.066879 0.000908194
0.0670117 0.000917718
0.0670125 0.000922982
0.0671101 0.000927674
0.0671136 0.000936772
0.0671763 0.00093848
0.0676612 0.000942921
0.0676778 0.000952348
0.0678927 0.000961016
0.0679321 0.000969928
0.0681288 0.00097133
0.0681717 0.000971687
0.0682533 0.000983783
0.0684123 0.000983911
0.068485 0.000986402
0.0687237 0.000990533
0.0687283 0.000991806
0.0688348 0.000997144
0.0689061 0.00100023
0.0689987 0.00100058
0.0690074 0.00100142
0.0690279 0.00100604
0.0690615 0.00102013
0.0691032 0.00102335
0.0691179 0.00102565
0.0692167 0.00102836
0.069278 0.00103721
0.0695123 0.00104419
0.0695531 0.00105007
0.06968 0.00105877
0.0700456 0.00106123
0.0700595 0.00106316
0.0703668 0.0010704
0.0704412 0.00107267
0.0705065 0.00107729
0.0706521 0.00108006
0.0708 0.00108766
0.070806 0.00109069
0.0709114 0.00109591
0.0709315 0.001096
0.0709995 0.00110381
0.0710098 0.00110438
0.0710598 0.00111234
0.0714779 0.00111602
0.0715268 0.00111955
0.0715451 0.00112099
0.0715609 0.00112152
0.0715701 0.00112294
0.0715714 0.00112728
0.0716329 0.00113226
0.0718603 0.00113658
0.0719664 0.00114755
0.0720188 0.00115085
0.0721717 0.00115451
0.0721864 0.0011659
0.0722976 0.00116598
0.0723324 0.00116811
0.0723413 0.00117685
0.0723668 0.00118294
0.0724453 0.00118628
0.0725145 0.00118962
0.0726236 0.00119588
0.0726571 0.00120084
0.0726819 0.00121404
0.0726891 0.00121645
0.0726957 0.00122886
0.0728821 0.00123202
0.0729909 0.00123609
0.0731565 0.00125964
0.0731888 0.00126238
0.073198 0.0012626
0.0732754 0.00126785
0.0734506 0.00127096
0.0734523 0.00127884
0.0734746 0.00128009
0.0735078 0.00128154
0.07358 0.00128745
0.0737463 0.00129298
0.074188 0.00129865
0.074261 0.00131281
0.0743587 0.00132517
0.0745801 0.00132539
0.0746233 0.0013388
0.0747938 0.00134143
0.0749648 0.00135916
0.0751117 0.00136978
0.0752134 0.00137035
0.0753695 0.00137941
0.0753812 0.00137981
0.0754548 0.0013811
0.075502 0.00139131
0.0755245 0.00141678
0.0755312 0.00142157
0.0756043 0.00143381
0.0756909 0.00143551
0.0758752 0.00143895
0.0759531 0.00145612
0.0759698 0.00146071
0.0761277 0.00147556
0.0761751 0.00147797
0.0761987 0.00149919
0.0762167 0.00150008
0.0762491 0.00150924
0.0762743 0.0015287
0.0762991 0.00153306
0.0764286 0.00153824
0.0764691 0.00154068
0.0765509 0.00154657
0.0767224 0.00155261
0.0768985 0.00156129
0.0769171 0.00156241
0.0769483 0.00157749
0.0769675 0.0015945
0.0771246 0.00160856
0.0771653 0.00162841
0.0772568 0.00163189
0.0772813 0.00163243
0.0773369 0.00163368
0.0774087 0.00163836
0.0777659 0.00163926
0.077822 0.00164593
0.0779284 0.0016475
0.0779685 0.00164765
0.0782322 0.00166108
0.0782394 0.00166598
0.0782506 0.0016784
0.078419 0.00169638
0.0785033 0.00170677
0.0786786 0.00170737
0.0786927 0.00171008
0.0787898 0.00171206
0.0788221 0.00171287
0.0789093 0.00173218
0.0790671 0.0017384
0.0791844 0.00174206
0.0793124 0.00174586
0.079385 0.0017475
0.0796256 0.00174809
0.0798964 0.00175187
0.0799707 0.00175457
0.0800691 0.00175508
0.0801219 0.00176471
0.0801631 0.00177261
0.0803154 0.00179176
0.0804672 0.00179539
0.0811694 0.00181091
0.0811884 0.00181595
0.081396 0.00181633
0.0814165 0.00182114
0.0815809 0.00183674
0.0815857 0.00183997
0.0818705 0.00184709
0.082188 0.00185884
0.0822268 0.00186603
0.0822571 0.00187036
0.082603 0.00189355
0.0826537 0.00189672
0.0826839 0.00190853
0.0828356 0.00192212
0.0828563 0.00192417
0.0829726 0.00192606
0.0830022 0.00194331
0.0830343 0.00196529
0.0830743 0.00196907
0.0832799 0.00197406
0.0832984 0.00198953
0.0833045 0.00199525
0.0834622 0.00200423
0.0837022 0.00200599
0.0837674 0.00202004
0.0842444 0.00202055
0.0843927 0.00202788
0.0845359 0.00202997
0.0845467 0.00203719
0.0845481 0.00205401
0.0847777 0.00205578
0.0848291 0.00206158
0.0850355 0.00207673
0.0850396 0.00208926
0.0852737 0.00210649
0.0853828 0.00211836
0.0856108 0.00213101
0.0856225 0.00213909
0.0856397 0.00214219
0.08582 0.00214976
0.0859315 0.00215082
0.0859528 0.0021569
0.0859542 0.00215926
0.0860034 0.00217727
0.0861077 0.00219097
0.0861713 0.00219661
0.0863372 0.00220921
0.0863821 0.00224987
0.0864161 0.0022665
0.0866229 0.00228674
0.0867886 0.00230805
0.0869145 0.0023134
0.0869346 0.00231516
0.0870482 0.00231566
0.0871072 0.00231921
0.0872165 0.00232271
0.0872952 0.00232897
0.0873825 0.00233953
0.0874716 0.00237571
0.0875336 0.00238062
0.087624 0.00238507
0.0878645 0.00239504
0.0878748 0.00241249
0.0879025 0.00241958
0.0882019 0.0024284
0.0884196 0.00243277
0.0886596 0.00244067
0.0887103 0.00244733
0.0887268 0.00246156
0.0888461 0.00246595
0.0888918 0.00246615
0.0890211 0.00247428
0.0890372 0.00248664
0.0890612 0.0025159
0.0897159 0.0025245
0.089741 0.00252543
0.0897938 0.00254499
0.089828 0.00255092
0.089872 0.00255763
0.0898749 0.00257597
0.0899012 0.00258912
0.089966 0.00259865
0.0899994 0.0026134
0.0900008 0.00262083
0.0900576 0.00262912
0.0901554 0.00263348
0.0902436 0.00264162
0.0904098 0.00266311
0.0908259 0.00270131
0.09086 0.00270541
0.0908806 0.00270604
0.0909255 0.00270942
0.091115 0.00272965
0.0911947 0.00273813
0.0912973 0.00274258
0.0913968 0.00274407
0.0914225 0.00275578
0.0914327 0.00275714
0.0914668 0.00277095
0.0915242 0.00277177
0.091566 0.00277206
0.0916209 0.00277334
0.0916412 0.00277535
0.0918243 0.00278763
0.0918513 0.00279724
0.0918525 0.00280223
0.0919352 0.00280439
0.0921348 0.0028075
0.0922133 0.00281732
0.0922783 0.00282804
0.0923622 0.00283621
0.0925225 0.00285211
0.0925312 0.00289137
0.0925332 0.00290624
0.0925373 0.0029072
0.0926507 0.00291334
0.0926546 0.00296315
0.0930398 0.00297062
0.0930495 0.00297139
0.0930913 0.00297147
0.0931522 0.00297573
0.093208 0.00298087
0.0932187 0.00299559
0.0932268 0.00300479
0.0933813 0.00301413
0.093487 0.00301651
0.093521 0.00304683
0.0935374 0.00304978
0.0935577 0.00306815
0.093568 0.00308263
0.0937477 0.00308404
0.0939052 0.00308777
0.0939276 0.00309552
0.0939541 0.00312067
0.0940254 0.00313147
0.0940667 0.00314846
0.0943862 0.0031631
0.094543 0.00318381
0.094565 0.00318545
0.0946255 0.00318958
0.0946502 0.00321374
0.0946603 0.00322005
0.0947241 0.00323188
0.0948221 0.00324031
0.0948395 0.00328839
0.0949149 0.00329904
0.0951138 0.00330122
0.095191 0.0033334
0.0953252 0.00333964
0.0953717 0.00334777
0.0955984 0.00338984
0.0956624 0.00339996
0.0958992 0.00342732
0.0959848 0.00343261
0.0960086 0.00343679
0.0960141 0.0034458
0.0960212 0.00344619
0.0961666 0.00349887
0.0962147 0.00351219
0.0966803 0.00355025
0.0967588 0.00355271
0.0971007 0.00356781
0.09712 0.00357854
0.0976266 0.00358682
0.0976618 0.00359123
0.0976809 0.00359524
0.0977157 0.00359594
0.0977638 0.00360867
0.097819 0.00361833
0.0979782 0.00362282
0.0980609 0.00363416
0.098114 0.00367349
0.0982997 0.00368473
0.0984605 0.00369428
0.0985142 0.00370314
0.0987164 0.00371481
0.098808 0.00371564
0.0988381 0.00372221
0.0990296 0.00373662
0.0991536 0.00375208
0.0995092 0.00376864
0.0995416 0.00378913
0.0997732 0.00382479
0.100138 0.00385674
0.100178 0.00388564
0.100515 0.00388689
0.100533 0.00389073
0.100587 0.00390266
0.100638 0.00390958
0.100836 0.00392248
0.100854 0.00392542
0.100999 0.00395915
0.10113 0.00396426
0.10114 0.00397132
0.101208 0.00398373
0.101631 0.00398673
0.101804 0.00399621
0.101936 0.00400273
0.101955 0.00401603
0.102005 0.0040193
0.102162 0.00402051
0.102256 0.00402358
0.102437 0.00402982
0.102485 0.00403125
0.102603 0.00405932
0.102814 0.00408277
0.102834 0.00410244
0.102842 0.00411463
0.102901 0.00412199
0.102927 0.00415637
0.102986 0.00418209
0.103076 0.00418828
0.103156 0.00419097
0.103198 0.00419266
0.103356 0.0041959
0.103408 0.00420018
0.103545 0.00421493
0.103556 0.00425588
0.103766 0.00426249
0.103978 0.00426579
0.103988 0.00429306
0.104141 0.0043097
0.104173 0.0043215
0.104173 0.00432686
0.104218 0.0043283
0.104299 0.00433278
0.104369 0.00434328
0.104417 0.00434697
0.104442 0.00434826
0.104463 0.00435789
0.105047 0.00437808
0.105204 0.00438478
0.105261 0.00439812
0.105266 0.00440074
0.105397 0.00440619
0.105446 0.00442187
0.105505 0.00445594
0.10568 0.00445872
0.105946 0.00446341
0.106125 0.00447363
0.106141 0.00448017
0.106165 0.00448226
0.106291 0.00450441
0.106323 0.00456628
0.106489 0.00456893
0.106528 0.00458569
0.106618 0.00459896
0.106626 0.00460412
0.106726 0.00460495
0.106773 0.00460508
0.106884 0.00461036
0.106951 0.00461555
0.10743 0.00462659
0.107463 0.00462878
0.107484 0.00463797
0.10781 0.00464419
0.107881 0.00465076
0.108 0.00466431
0.108073 0.00468674
0.108208 0.0047035
0.108239 0.00471512
0.108476 0.00474806
0.108811 0.00478226
0.108867 0.00481466
0.108923 0.00481904
0.108952 0.00483025
0.109069 0.00486028
0.109094 0.00487505
0.10937 0.00488202
0.109465 0.00490322
0.109608 0.00490747
0.110514 0.00492018
0.110546 0.00496924
0.110662 0.00497444
0.110786 0.00498579
0.11116 0.00498809
0.111283 0.00501888
0.111409 0.00502066
0.111524 0.00502375
0.111584 0.00504208
0.111891 0.00504657
0.111935 0.00505678
0.111995 0.00506786
0.11217 0.00512836
0.112332 0.00513216
0.112373 0.00514256
0.11252 0.00514556
0.112663 0.00516924
0.112849 0.00517894
0.112983 0.00521329
0.112996 0.00521531
0.11308 0.00522059
0.113089 0.00522719
0.113212 0.00528072
0.113302 0.00529786
0.113428 0.00530083
0.113549 0.00530094
0.113674 0.00531192
0.113676 0.00531341
0.113779 0.00531906
0.113907 0.00535796
0.113998 0.0053604
0.114062 0.00537293
0.114108 0.00537383
0.114152 0.00539704
0.114305 0.00540047
0.114362 0.00542004
0.114565 0.00542838
0.114612 0.00544655
0.114657 0.0054481
0.114696 0.00545298
0.114779 0.0054702
0.115261 0.00547688
0.115392 0.00550733
0.115523 0.00552139
0.115557 0.00554249
0.115684 0.00554372
0.115725 0.00554699
0.115992 0.00555374
0.116283 0.00562936
0.116504 0.00563694
0.116627 0.00565784
0.116676 0.00566172
0.116804 0.00570079
0.116965 0.00570724
0.117011 0.00571554
0.117093 0.00581273
0.117285 0.00587225
0.117333 0.00593363
0.117373 0.0059742
0.117696 0.00598683
0.117959 0.00600912
0.118328 0.0060181
0.118485 0.00602869
0.118533 0.00606223
0.118822 0.0060704
0.118859 0.00607138
0.11888 0.00607271
0.119171 0.00608205
0.119193 0.00609953
0.119347 0.00614083
0.119353 0.00618401
0.119462 0.00619959
0.11956 0.00621601
0.119741 0.00623207
0.119787 0.00628822
0.119917 0.00629332
0.120083 0.00629883
0.120499 0.00630407
0.120793 0.00630529
0.120885 0.0063243
0.120901 0.00633782
0.121112 0.006363
0.12115 0.0063704
0.121479 0.00637294
0.12161 0.00638045
0.121631 0.00639659
0.121691 0.00641773
0.121735 0.00643092
0.122046 0.00643496
0.122226 0.00643602
0.122419 0.00644856
0.122491 0.00647928
0.122596 0.0064795
0.12268 0.00648143
0.122794 0.00650337
0.122924 0.00653642
0.122939 0.00654173
0.123023 0.00654909
0.123065 0.00655173
0.123196 0.0065668
0.123382 0.00657364
0.123385 0.00660718
0.123556 0.00662247
0.123643 0.00662511
0.123648 0.00662884
0.123871 0.00664888
0.123984 0.0066886
0.124009 0.00672158
0.124221 0.00678815
0.124239 0.00679404
0.124392 0.00679862
0.124397 0.00681882
0.124536 0.00683
0.124567 0.00683361
0.124936 0.0068486
0.125113 0.00688718
0.125328 0.00689812
0.12539 0.00692451
0.125426 0.00693086
0.125496 0.00693252
0.125501 0.00694528
0.125724 0.0069967
0.125742 0.00704523
0.125937 0.00710171
0.126042 0.0071048
0.126316 0.00713611
0.126403 0.00714779
0.126601 0.00716993
0.126787 0.00717657
0.126815 0.00718985
0.126914 0.00721185
0.127046 0.00721676
0.127115 0.00727027
0.127132 0.00727417
0.127157 0.00729003
0.127181 0.00732318
0.127192 0.00732683
0.127277 0.00735898
0.127565 0.00736452
0.127655 0.00737609
0.127809 0.00738466
0.127901 0.00740083
0.127939 0.00743104
0.128126 0.00743911
0.128805 0.00747842
0.128825 0.00748525
0.128891 0.00748954
0.128903 0.00756731
0.128993 0.00756735
0.129028 0.00757044
0.12909 0.00757729
0.129162 0.00760738
0.129332 0.00761221
0.12934 0.00765245
0.129575 0.0076602
0.129739 0.00771763
0.129755 0.00776302
0.129843 0.00776965
0.129885 0.00777809
0.130187 0.00778495
0.13022 0.00784606
0.130269 0.00785149
0.130335 0.00785426
0.130356 0.00788348
0.130786 0.00794242
0.13128 0.00796309
0.131433 0.00797696
0.13161 0.00801096
0.131983 0.00803315
0.132229 0.00804756
0.132477 0.00807564
0.13252 0.00811462
0.132876 0.00814087
0.132919 0.00814809
0.132933 0.00819055
0.133191 0.00821234
0.133301 0.00822518
0.133376 0.00823738
0.133574 0.00823887
0.133656 0.00824203
0.133862 0.00827102
0.133864 0.00828379
0.133893 0.00829933
0.134029 0.00830728
0.134169 0.00834143
0.134305 0.00838009
0.134384 0.00838219
0.134424 0.0084079
0.134522 0.00841413
0.13466 0.00846604
0.134677 0.00847052
0.134831 0.00850334
0.13498 0.00851143
0.135104 0.00851153
0.13524 0.00857249
0.135313 0.00858962
0.135451 0.0086011
0.135571 0.00860296
0.135635 0.00860298
0.135653 0.00864768
0.135654 0.00868274
0.135699 0.00869018
0.135898 0.00870844
0.136032 0.00871331
0.136165 0.00873283
0.13626 0.00877345
0.136402 0.0088014
0.136406 0.00882514
0.136421 0.0088462
0.136547 0.00886905
0.136663 0.00888043
0.136695 0.00888891
0.136781 0.00889227
0.136807 0.00892061
0.136976 0.00895103
0.137095 0.00895641
0.137281 0.00901436
0.137487 0.00904295
0.13757 0.0090604
0.137633 0.00906135
0.137657 0.00907291
0.137682 0.00908656
0.137805 0.0090896
0.137833 0.00909579
0.138023 0.00911234
0.138052 0.00912364
0.138194 0.0091397
0.138419 0.00915209
0.138458 0.00916434
0.138498 0.00928382
0.138559 0.00929136
0.138604 0.00933845
0.139064 0.00936301
0.139136 0.00936341
0.139415 0.0093676
0.139468 0.0093737
0.139477 0.00938175
0.139536 0.00939142
0.139718 0.00946021
0.139719 0.00946433
0.139767 0.00948133
0.139868 0.00950919
0.140003 0.00953024
0.140598 0.00961473
0.140648 0.00961475
0.140656 0.0096597
0.140715 0.00971923
0.140753 0.00972218
0.140754 0.00974487
0.140887 0.00976118
0.141044 0.00976204
0.141136 0.0098017
0.141155 0.00981601
0.141165 0.00985117
0.141268 0.00988192
0.141453 0.00991611
0.141489 0.00995856
0.141558 0.00996807
0.141959 0.0100185
0.141989 0.0100478
0.142007 0.0100642
0.14234 0.0100756
0.142397 0.0100863
0.142594 0.0100884
0.14272 0.0101236
0.142735 0.010131
0.142754 0.0101819
0.142876 0.0101925
0.142879 0.0102313
0.14302 0.0102872
0.143618 0.0102879
0.143636 0.0102945
0.143638 0.0103034
0.143716 0.0103138
0.14388 0.0103599
0.143909 0.010398
0.144055 0.0104105
0.144086 0.0104488
0.144243 0.0104902
0.144448 0.010631
0.144501 0.0106572
0.144509 0.0106624
0.1448 0.0106671
0.144854 0.010668
0.144977 0.010698
0.145004 0.0107077
0.145089 0.0107498
0.145102 0.01075
0.145298 0.010784
0.145455 0.0108144
0.14657 0.0108407
0.146731 0.0108859
0.147036 0.0109265
0.14742 0.01094
0.147456 0.0109409
0.147614 0.0109651
0.147967 0.0109709
0.149106 0.0109921
0.149116 0.0110142
0.149454 0.0110364
0.149492 0.0110568
0.149533 0.0111223
0.149565 0.0111989
0.149603 0.0112352
0.149677 0.0112458
0.149774 0.0112493
0.149793 0.0112702
0.150176 0.0112716
0.150353 0.0112731
0.150585 0.0112755
0.150937 0.0112807
0.150976 0.0113295
0.151208 0.0113721
0.151531 0.0114453
0.151913 0.0114523
0.152429 0.0114784
0.152552 0.0114795
0.153075 0.011484
0.153471 0.0114984
0.153641 0.0115273
0.153892 0.0115428
0.153933 0.0115601
0.153989 0.0115715
0.154331 0.0115732
0.15455 0.0115952
0.154563 0.0116415
0.154806 0.0116518
0.15498 0.0117186
0.15518 0.0117255
0.155217 0.0117429
0.155252 0.0117554
0.15538 0.011766
0.155631 0.0117853
0.155708 0.0117933
0.155785 0.0118161
0.155895 0.0118765
0.155897 0.0119833
0.156019 0.011997
0.156036 0.0120537
0.156085 0.0120617
0.156121 0.0120969
0.156125 0.0121024
0.15631 0.0121191
0.156632 0.0121451
0.156981 0.0121565
0.157101 0.0121956
0.157138 0.0121992
0.157239 0.0122854
0.157265 0.0122979
0.157349 0.0123967
0.157563 0.0124146
0.157564 0.0124196
0.15786 0.0124333
0.157864 0.0124943
0.157924 0.0125053
0.158297 0.0125568
0.158304 0.012573
0.15855 0.0125796
0.158775 0.0125909
0.158865 0.0125929
0.159122 0.0126084
0.159205 0.0126245
0.159297 0.0126853
0.159818 0.0127199
0.159877 0.0127968
0.159939 0.0128114
0.160022 0.0128189
0.160035 0.0128405
0.160079 0.0128891
0.160147 0.0129153
0.160383 0.0129201
0.160571 0.0129599
0.160645 0.0130129
0.160795 0.0130217
0.160897 0.0130494
0.160964 0.0130675
0.161014 0.0132373
0.161109 0.013331
0.161223 0.0133393
0.161252 0.013355
0.161356 0.013358
0.161373 0.0133869
0.161427 0.0134364
0.161456 0.0134434
0.161485 0.0134881
0.161718 0.0135352
0.161849 0.0137018
0.162068 0.0137147
0.162159 0.013728
0.162234 0.0137379
0.162276 0.0137511
0.16235 0.0137557
0.162543 0.0137742
0.162854 0.0137781
0.163007 0.0137982
0.163206 0.0138618
0.16323 0.0138906
0.163435 0.0138995
0.163457 0.0139518
0.163803 0.0140149
0.163866 0.0140571
0.163869 0.0140725
0.164037 0.0141314
0.164092 0.0141512
0.164209 0.0141852
0.164269 0.0142225
0.164337 0.0142767
0.164353 0.0142905
0.164427 0.0142941
0.164474 0.0142989
0.164528 0.0143445
0.164531 0.0143696
0.164534 0.0143828
0.165039 0.0143862
0.1652 0.0144135
0.165291 0.0144228
0.165408 0.0144602
0.165464 0.0144909
0.165531 0.0146171
0.165816 0.0146473
0.166288 0.0146645
0.166421 0.014678
0.166441 0.0146845
0.166505 0.0147746
0.166518 0.0147841
0.166525 0.0148148
0.166552 0.0148247
0.166622 0.0148427
0.166716 0.0148732
0.166843 0.0148771
0.166904 0.0148903
0.167018 0.0148998
0.167298 0.0149261
0.167307 0.0150359
0.16733 0.0150394
0.167689 0.0151424
0.167806 0.0151768
0.168112 0.0152047
0.168157 0.0152148
0.168613 0.0152622
0.168754 0.0152896
0.168822 0.0152945
0.168836 0.015331
0.168893 0.0153576
0.168932 0.0153671
0.169456 0.0153847
0.169544 0.0154195
0.169831 0.0154634
0.169876 0.0154848
0.170056 0.0155632
0.17024 0.0155712
0.170257 0.0155935
0.170307 0.0156041
0.170351 0.0156065
0.170352 0.0156144
0.170426 0.0156205
0.170643 0.0156473
0.17068 0.0156504
0.170866 0.0156521
0.171032 0.0157324
0.171202 0.0158074
0.171398 0.0158335
0.171461 0.0160857
0.171676 0.0161509
0.171725 0.0161764
0.171816 0.0162218
0.172011 0.0162396
0.172075 0.0162419
0.172089 0.0162592
0.172284 0.0162722
0.172447 0.0162757
0.172554 0.016276
0.172846 0.0162976
0.173173 0.0163247
0.173467 0.0163344
0.173541 0.0163489
0.173569 0.0163557
0.173569 0.0163728
0.173691 0.0163985
0.173825 0.0164507
0.17383 0.0166759
0.174051 0.0167498
0.174206 0.0167582
0.174278 0.0168213
0.17452 0.0168333
0.174637 0.0168497
0.174804 0.0168637
0.17499 0.0168752
0.175051 0.016898
0.175082 0.0169025
0.175118 0.0169267
0.175486 0.0169754
0.175624 0.0170068
0.175633 0.0170745
0.175662 0.0170992
0.175709 0.0171183
0.1759 0.0171214
0.175985 0.0171229
0.176096 0.0171448
0.176204 0.0171457
0.176328 0.017149
0.176359 0.0171637
0.176396 0.0171759
0.176601 0.0171814
0.176605 0.0172463
0.176695 0.0173079
0.176817 0.0173451
0.177041 0.0173564
0.177433 0.0174206
0.177599 0.0174309
0.177998 0.0174757
0.17801 0.0175492
0.178185 0.0175555
0.17847 0.0176959
0.178486 0.0177576
0.178658 0.0178087
0.1793 0.0179315
0.179355 0.017993
0.179391 0.0180276
0.179566 0.0180427
0.179668 0.0180657
0.179817 0.0180681
0.179869 0.0180781
0.179892 0.0180973
0.180138 0.0181594
0.180664 0.0182266
0.181131 0.0182748
0.181238 0.018352
0.181423 0.018354
0.181596 0.0183854
0.181831 0.0184183
0.18196 0.0184256
0.182234 0.0185427
0.18243 0.0185926
0.18249 0.0187912
0.182624 0.0188191
0.183113 0.0188685
0.183199 0.0189326
0.183204 0.0189543
0.183448 0.0189546
0.184136 0.0189585
0.184426 0.0189665
0.184476 0.0189946
0.18448 0.0190073
0.184884 0.019164
0.185143 0.0191718
0.185216 0.0192944
0.185234 0.0192976
0.185259 0.0193174
0.185445 0.0194116
0.185764 0.0194742
0.185887 0.0195047
0.186015 0.0195407
0.186018 0.0196296
0.186286 0.0197218
0.186321 0.0197326
0.186424 0.0197394
0.186501 0.0197489
0.186755 0.0199138
0.18682 0.0199286
0.187071 0.0199905
0.187187 0.0199921
0.187502 0.0200327
0.187583 0.020054
0.188123 0.0200799
0.18824 0.020109
0.18842 0.0201949
0.188496 0.0202031
0.189173 0.0202353
0.189371 0.0202474
0.189772 0.020274
0.190085 0.0203048
0.190256 0.0203131
0.19056 0.0203308
0.190563 0.0203653
0.190668 0.0204278
0.190939 0.0204707
0.191058 0.0204833
0.191073 0.0204848
0.191257 0.0205178
0.191501 0.0206575
0.191606 0.0206835
0.192044 0.0207822
0.192055 0.0208253
0.192072 0.0208848
0.192436 0.0208931
0.192556 0.0209289
0.192577 0.0209293
0.192982 0.0209391
0.193159 0.0210488
0.193272 0.021065
0.193332 0.0211012
0.193337 0.0211201
0.193461 0.0211437
0.193713 0.0211666
0.194129 0.0212529
0.194247 0.0213219
0.194283 0.02135
0.194591 0.0213506
0.195202 0.0213588
0.195229 0.0214371
0.195244 0.0215747
0.195282 0.0215764
0.195383 0.0216923
0.195692 0.021719
0.19571 0.0217564
0.196192 0.021796
0.196426 0.0218758
0.196501 0.021943
0.196545 0.021969
0.196622 0.0219726
0.196816 0.0219965
0.196944 0.0220772
0.196945 0.0221339
0.197087 0.0221355
0.197211 0.0221619
0.197364 0.0221713
0.197402 0.022183
0.197721 0.0222355
0.198109 0.0222362
0.198799 0.0222698
0.198925 0.0223467
0.199067 0.0224259
0.199257 0.0224415
0.199372 0.0224819
0.199398 0.0225228
0.199461 0.0225276
0.1995 0.0225651
0.199543 0.0227176
0.199602 0.0227423
0.200094 0.0227573
0.200419 0.0228807
0.200844 0.022904
0.200991 0.0231484
0.201069 0.0231524
0.201146 0.0232154
0.201375 0.0233853
0.201546 0.0233977
0.201792 0.0235099
0.201912 0.0235129
0.201993 0.0235132
0.202198 0.0235559
0.202248 0.0236133
0.202313 0.0236458
0.202572 0.02365
0.20268 0.0236627
0.20291 0.0236993
0.203197 0.0239151
0.203347 0.0239282
0.203664 0.0239405
0.203666 0.0239576
0.203731 0.0239772
0.203917 0.0240372
0.204271 0.0240936
0.204582 0.0241094
0.204811 0.0241579
0.205209 0.0241667
0.205423 0.0241841
0.205788 0.0243324
0.205792 0.0243517
0.205879 0.0244351
0.206037 0.0244506
0.20616 0.0244518
0.206354 0.0244611
0.206814 0.0245445
0.206828 0.0246547
0.206909 0.0246563
0.206966 0.024729
0.206967 0.024737
0.207173 0.0247749
0.20725 0.0248003
0.207523 0.0248135
0.207667 0.0248349
0.207706 0.0249495
0.207736 0.0250089
0.207776 0.0250247
0.207949 0.0250922
0.208058 0.025103
0.208384 0.0251983
0.208503 0.0252894
0.208644 0.0253037
0.208677 0.0253439
0.208878 0.0254125
0.209005 0.0254363
0.209594 0.0255729
0.209973 0.0255788
0.210487 0.0255962
0.210683 0.0255983
0.210767 0.0256435
0.2108 0.0257526
0.21086 0.0257836
0.211018 0.0258659
0.211066 0.0259179
0.211321 0.0259315
0.211449 0.0259447
0.212109 0.0259473
0.212114 0.0259615
0.21223 0.0260652
0.212423 0.0260806
0.212468 0.02623
0.212532 0.0263102
0.212694 0.0263214
0.212848 0.0264006
0.213597 0.0264414
0.213686 0.0264452
0.213968 0.0264773
0.214106 0.0265002
0.214237 0.0265638
0.214357 0.0266519
0.214357 0.0266573
0.214612 0.0268029
0.214673 0.0268142
0.214753 0.0268167
0.214777 0.0268478
0.214951 0.026852
0.215413 0.0268584
0.215422 0.0268667
0.21545 0.02693
0.215553 0.0269582
0.215858 0.0270309
0.21589 0.0271499
0.216224 0.0271778
0.216228 0.0271896
0.216402 0.027253
0.216565 0.0272739
0.216769 0.0272928
0.216794 0.0273245
0.216825 0.0274035
0.216884 0.0274132
0.216896 0.0274703
0.216926 0.0274894
0.217282 0.0275109
0.217333 0.0275495
0.217373 0.0276447
0.217555 0.0277071
0.217613 0.0278115
0.217828 0.0278563
0.218509 0.0280086
0.218594 0.0280358
0.219122 0.0281449
0.219205 0.0281601
0.219468 0.0281668
0.219946 0.0281839
0.219977 0.0281954
0.220137 0.0283004
0.22037 0.0283231
0.22055 0.0283268
0.220728 0.0284394
0.220802 0.0284489
0.221494 0.0284739
0.221845 0.0284978
0.222063 0.0285094
0.222177 0.0285545
0.222205 0.0285991
0.222953 0.0287235
0.223352 0.0288527
0.22368 0.028864
0.224418 0.0294641
0.224533 0.0294673
0.225101 0.0295321
0.225221 0.0295446
0.225371 0.0295705
0.226208 0.0296289
0.226337 0.0297071
0.226546 0.0298601
0.227015 0.0299677
0.22709 0.0299998
0.227483 0.030063
0.227553 0.030064
0.227586 0.0302502
0.227715 0.0303146
0.228115 0.0303396
0.228328 0.0304779
0.228569 0.0304968
0.22878 0.0305385
0.228869 0.0305681
0.229066 0.0306487
0.229468 0.0306535
0.229521 0.0307437
0.229633 0.0307653
0.229681 0.0309041
0.229774 0.0309582
0.229918 0.0310508
0.230001 0.0311488
0.230047 0.0311583
0.230204 0.0311774
0.230364 0.0312579
0.23043 0.0312827
0.230609 0.0313665
0.230644 0.0314114
0.230841 0.0314832
0.230941 0.0314993
0.231011 0.0317112
0.23161 0.03174
0.231736 0.0317693
0.232144 0.0317943
0.2324 0.0318263
0.232457 0.0318439
0.232527 0.0318512
0.232589 0.0319763
0.232784 0.0320026
0.232889 0.0321165
0.233024 0.032222
0.233132 0.0323548
0.233195 0.0324336
0.233523 0.0324543
0.233724 0.0325223
0.233804 0.032911
0.233843 0.0330087
0.233872 0.0330734
0.23402 0.0331511
0.234118 0.0331868
0.234573 0.0331929
0.234598 0.0332193
0.234612 0.0332242
0.234635 0.0333979
0.23481 0.0334154
0.234932 0.0334207
0.235263 0.0334988
0.235724 0.0335252
0.235748 0.0336859
0.235896 0.0339519
0.235935 0.0339647
0.236004 0.0340184
0.236251 0.0341263
0.236405 0.0342467
0.236485 0.0342632
0.236671 0.0344089
0.236959 0.0345084
0.237276 0.0347169
0.237542 0.0347315
0.237578 0.034818
0.237672 0.035024
0.237677 0.0350325
0.237866 0.0350923
0.237876 0.0351705
0.237922 0.0351714
0.238338 0.0352593
0.238455 0.0353209
0.238585 0.0353906
0.238689 0.0354
0.238747 0.0355055
0.23882 0.0355153
0.23883 0.0355462
0.2391 0.0356306
0.239111 0.0356314
0.239163 0.0356384
0.239248 0.0356422
0.239334 0.0356427
0.239434 0.0358201
0.239482 0.0359512
0.240312 0.0361912
0.240693 0.0361988
0.241059 0.0362415
0.241832 0.0362657
0.242069 0.0362799
0.242117 0.036364
0.242208 0.036651
0.242294 0.0366656
0.242489 0.0369159
0.242759 0.037018
0.243037 0.0370346
0.243607 0.0370571
0.243779 0.0370782
0.244696 0.0371458
0.244951 0.0371588
0.244976 0.0371613
0.245125 0.0371636
0.245727 0.0373076
0.245747 0.0373871
0.24583 0.0374916
0.246241 0.0376073
0.246542 0.0379298
0.246732 0.0380073
0.246763 0.0381021
0.246995 0.0384834
0.247017 0.0385543
0.247078 0.0386252
0.247417 0.0389616
0.247922 0.0389989
0.248044 0.0390402
0.248198 0.0390592
0.248538 0.0391817
0.248704 0.0392668
0.248763 0.0393004
0.249293 0.0394626
0.249487 0.0394642
0.249569 0.0394759
0.249692 0.0395507
0.250022 0.0395806
0.250161 0.0396243
0.250253 0.0398138
0.25048 0.0399497
0.250484 0.040051
0.250701 0.0402223
0.251069 0.0404037
0.251299 0.0407397
0.252509 0.0408371
0.252586 0.0408477
0.252786 0.0409118
0.252858 0.0410686
0.253601 0.0410687
0.253682 0.0411124
0.253931 0.0411425
0.25417 0.0411453
0.254175 0.0411528
0.254188 0.0412239
0.254316 0.0412492
0.254357 0.0412645
0.254641 0.0412979
0.254789 0.0413014
0.254855 0.0413598
0.255106 0.0414237
0.25537 0.0416134
0.255373 0.0416776
0.255393 0.0417033
0.256222 0.0417821
0.25632 0.0418162
0.256429 0.0419777
0.256727 0.0420631
0.257119 0.0421178
0.257234 0.0421208
0.257311 0.0421539
0.25747 0.0422685
0.257568 0.0422826
0.257813 0.0423571
0.25782 0.0424351
0.258231 0.0424848
0.258592 0.0426021
0.258735 0.0426831
0.259362 0.0428084
0.259808 0.0428366
0.260153 0.0428673
0.260471 0.0429089
0.260551 0.0429767
0.260769 0.0431656
0.261713 0.0433395
0.262828 0.0433804
0.263083 0.043462
0.263168 0.0436064
0.26318 0.0436668
0.263295 0.043684
0.263472 0.0437413
0.263837 0.0438925
0.26387 0.044143
0.26427 0.0441913
0.264478 0.0442984
0.264635 0.0443837
0.26533 0.0444006
0.265466 0.0444453
0.265483 0.044533
0.265519 0.0445486
0.265693 0.0446046
0.265952 0.0447152
0.266319 0.0447642
0.267453 0.0448669
0.26794 0.0448935
0.267957 0.0449058
0.268372 0.0449876
0.268656 0.0450845
0.268857 0.0452706
0.269345 0.0453223
0.26938 0.0453224
0.269492 0.045592
0.269773 0.0456375
0.269789 0.0456568
0.269795 0.0457684
0.270174 0.0457772
0.270193 0.0458054
0.270228 0.0458115
0.27039 0.045872
0.270505 0.0460446
0.270684 0.0460788
0.270751 0.0461514
0.271086 0.0461858
0.271129 0.0462402
0.271327 0.0462859
0.271361 0.046363
0.271573 0.0465025
0.272179 0.0465121
0.272806 0.0466593
0.273527 0.04669
0.273566 0.0467131
0.274008 0.046717
0.274168 0.0467503
0.274275 0.0469112
0.274401 0.0470209
0.274731 0.0470581
0.274931 0.047218
0.276106 0.0473578
0.276222 0.047557
0.276842 0.0478982
0.276851 0.0480007
0.277388 0.0481284
0.277449 0.0483492
0.277507 0.0484103
0.277791 0.0484388
0.278075 0.0486862
0.278248 0.0486913
0.278522 0.0488161
0.278897 0.0491028
0.27894 0.0491506
0.279278 0.0492155
0.279313 0.0492559
0.27964 0.0493084
0.279938 0.0494705
0.28065 0.049474
0.280664 0.0496037
0.280847 0.0496062
0.280973 0.049751
0.281179 0.0499131
0.281241 0.049961
0.281419 0.0499906
0.281466 0.0500068
0.281756 0.0500981
0.281828 0.0501404
0.282256 0.05021
0.282761 0.0504206
0.282847 0.0505528
0.283158 0.0505716
0.283846 0.050602
0.284282 0.0507531
0.284293 0.0508159
0.284334 0.0508356
0.284772 0.0509223
0.285101 0.0509823
0.285238 0.0510791
0.285306 0.0510935
0.285535 0.0512698
0.28597 0.0513072
0.286069 0.0517528
0.286837 0.0518447
0.287043 0.0519694
0.287267 0.0520404
0.287685 0.0521633
0.287695 0.0521681
0.28783 0.052174
0.288225 0.0521871
0.28873 0.0522074
0.288914 0.0522332
0.288953 0.0524581
0.289086 0.0526714
0.289325 0.0528251
0.289647 0.0528684
0.2897 0.0528936
0.289904 0.0531077
0.290857 0.053292
0.290868 0.0534188
0.290883 0.0534621
0.291204 0.053574
0.29139 0.0536551
0.291761 0.0536847
0.291974 0.0537815
0.292064 0.0537998
0.292731 0.0538244
0.292871 0.0539938
0.293121 0.0540394
0.294013 0.0543
0.294689 0.0543304
0.295304 0.0543606
0.295457 0.0543937
0.295655 0.0544879
0.29603 0.0545145
0.296195 0.0547726
0.297299 0.0548821
0.297449 0.0549421
0.297492 0.054971
0.297781 0.0551132
0.297996 0.055134
0.298008 0.0554181
0.298215 0.0555919
0.298755 0.055593
0.298842 0.05562
0.298954 0.0556265
0.299428 0.0558838
0.299616 0.0559062
0.299619 0.0559318
0.300015 0.0559559
0.30058 0.056114
0.301501 0.0561909
0.301516 0.0568651
0.302125 0.057023
0.302698 0.0570945
0.302766 0.0571898
0.302861 0.0572056
0.302949 0.0572167
0.303049 0.0572658
0.303147 0.0572828
0.303239 0.0573883
0.303334 0.0573991
0.303758 0.0574558
0.303927 0.057487
0.303989 0.0575573
0.304101 0.0575925
0.304409 0.0576194
0.304474 0.0576291
0.305326 0.0576607
0.306265 0.0577282
0.306669 0.0577479
0.306686 0.0580198
0.306718 0.0580756
0.307084 0.0582288
0.307423 0.0585528
0.307694 0.0588764
0.307729 0.0589955
0.307968 0.0590892
0.308085 0.0591301
0.308094 0.0593404
0.308898 0.0595884
0.308926 0.0596163
0.309181 0.0599347
0.309498 0.0599576
0.309541 0.060003
0.309586 0.0601915
0.309733 0.0601933
0.309845 0.0602498
0.309946 0.060291
0.310606 0.0603085
0.310624 0.0603199
0.311068 0.0603364
0.31129 0.0603384
0.311367 0.0603621
0.311455 0.0604234
0.312004 0.0606315
0.312298 0.0606725
0.314037 0.0607401
0.314326 0.0610722
0.314672 0.0614854
0.314982 0.0617107
0.315094 0.0620015
0.318664 0.0620995
0.319067 0.0621656
0.319157 0.0621905
0.319446 0.0626863
0.319906 0.0628397
0.320044 0.0630728
0.320761 0.0630747
0.320763 0.0634269
0.321045 0.0637387
0.321204 0.063811
0.321228 0.0640614
0.321419 0.0641983
0.321572 0.0646253
0.321622 0.0648193
0.321818 0.064822
0.322346 0.0648271
0.322715 0.0648968
0.323207 0.0650422
0.323469 0.065074
0.323546 0.0651722
0.32443 0.0652652
0.324723 0.0653426
0.324969 0.0654522
0.325215 0.0655615
0.325397 0.0655684
0.325458 0.0658049
0.325791 0.0658457
0.326488 0.0659866
0.32666 0.066225
0.326677 0.0662405
0.327189 0.0663326
0.327405 0.0663388
0.327687 0.066481
0.327718 0.0670091
0.328526 0.0671669
0.328951 0.0675635
0.329054 0.0676012
0.329096 0.0679298
0.329629 0.0679383
0.330055 0.0682245
0.330118 0.0684311
0.330804 0.0684343
0.331448 0.0684814
0.331944 0.0686547
0.332033 0.0687506
0.332467 0.0688514
0.332772 0.0689792
0.332979 0.0690132
0.333068 0.0690249
0.333452 0.0690977
0.333865 0.0691363
0.333922 0.0694744
0.333969 0.0695085
0.334109 0.0699282
0.334938 0.0702949
0.335673 0.0704193
0.335887 0.0707924
0.336138 0.0709806
0.336404 0.0713019
0.336865 0.0713186
0.337726 0.0714557
0.337948 0.0716575
0.338258 0.0718547
0.338284 0.0721474
0.338572 0.0721558
0.338883 0.0721664
0.33915 0.0725907
0.339487 0.0727239
0.339565 0.0730098
0.339598 0.0730893
0.339739 0.0731991
0.340395 0.0732239
0.340891 0.0732888
0.340931 0.0735693
0.341282 0.0739743
0.341804 0.0739824
0.342088 0.0742021
0.343283 0.0742624
0.343374 0.0743127
0.343685 0.0743257
0.344145 0.0744894
0.345928 0.0746354
0.346551 0.074964
0.346736 0.0750254
0.347018 0.0751415
0.347081 0.0754145
0.347893 0.0755136
0.347913 0.0757179
0.347973 0.0758708
0.348049 0.0760117
0.348087 0.0760617
0.348184 0.0762491
0.348309 0.076358
0.348448 0.0764133
0.348583 0.076481
0.34889 0.0765145
0.348928 0.076789
0.349007 0.07692
0.349329 0.0769706
0.349379 0.0775594
0.349423 0.0776051
0.349467 0.0776173
0.349944 0.0781916
0.350501 0.0787387
0.350724 0.0790002
0.351029 0.0790253
0.351285 0.0791742
0.351989 0.0792506
0.352111 0.0793463
0.352641 0.079498
0.353421 0.0795634
0.353657 0.079766
0.353712 0.0798179
0.353731 0.0800868
0.354217 0.080311
0.354292 0.0804499
0.354436 0.0805696
0.3545 0.0806962
0.354656 0.0807126
0.355357 0.0807721
0.35607 0.0809054
0.35611 0.0811291
0.356866 0.0813509
0.356993 0.0821876
0.357065 0.0822908
0.358085 0.0823166
0.358833 0.082387
0.358847 0.0824858
0.359348 0.0824897
0.359447 0.0827447
0.359558 0.0829267
0.359564 0.0832129
0.359684 0.0835185
0.359987 0.0838525
0.360317 0.0847352
0.360334 0.0848482
0.360839 0.085072
0.360894 0.0851516
0.36094 0.0855174
0.360962 0.0859813
0.361051 0.0859911
0.36148 0.0861295
0.36156 0.0861483
0.362088 0.0864066
0.362164 0.0864775
0.362712 0.0865232
0.362738 0.0865725
0.363057 0.0865908
0.363102 0.0869062
0.363167 0.0870679
0.363306 0.0870999
0.363559 0.0871913
0.363594 0.0876572
0.364115 0.087683
0.364273 0.0878093
0.364292 0.0879743
0.365303 0.0880227
0.365328 0.0884642
0.365387 0.08868
0.365412 0.0888183
0.365915 0.0888902
0.366211 0.0896423
0.366735 0.0904651
0.366838 0.0905907
0.367464 0.0912752
0.368262 0.0914494
0.369605 0.0914751
0.370143 0.0916537
0.370285 0.0917152
0.370299 0.0921064
0.37072 0.0922646
0.370765 0.092303
0.370856 0.0923038
0.370964 0.092551
0.371115 0.0926995
0.371339 0.0927788
0.371356 0.0928237
0.371418 0.0929896
0.372149 0.0933221
0.372358 0.0933962
0.372441 0.0934061
0.372465 0.0937192
0.372545 0.0938
0.373099 0.0944615
0.37352 0.0945514
0.374006 0.0949967
0.375619 0.0950338
0.376303 0.0952282
0.377041 0.095308
0.377263 0.0955011
0.377599 0.0956844
0.377627 0.0958348
0.377642 0.0964562
0.378356 0.0965803
0.379077 0.096601
0.379176 0.0966598
0.379464 0.0966903
0.379583 0.0973189
0.379629 0.097932
0.379812 0.0979429
0.379871 0.0983313
0.379902 0.0983839
0.37998 0.0988096
0.380072 0.0989225
0.380158 0.0991495
0.380253 0.0991754
0.380857 0.0993058
0.381878 0.099485
0.381944 0.0996738
0.382103 0.100237
0.382527 0.100561
0.383348 0.100659
0.383964 0.100937
0.385113 0.101251
0.385288 0.101359
0.38539 0.101546
0.38581 0.10193
0.385812 0.10198
0.38601 0.102449
0.386094 0.102782
0.386104 0.103769
0.386751 0.104644
0.386783 0.104848
0.388098 0.104992
0.388566 0.105076
0.388862 0.105102
0.388926 0.105294
0.389127 0.105664
0.38947 0.105937
0.390413 0.106274
0.390576 0.106723
0.390886 0.10673
0.391352 0.106738
0.391388 0.10674
0.391554 0.106754
0.391664 0.106757
0.391698 0.107507
0.391751 0.107593
0.391759 0.107778
0.392316 0.107832
0.392413 0.1088
0.392421 0.10894
0.392446 0.108951
0.39253 0.109056
0.393408 0.10913
0.393681 0.109245
0.393887 0.109506
0.394106 0.109887
0.394201 0.110008
0.394224 0.11036
0.39464 0.110368
0.394918 0.110736
0.395065 0.110919
0.395741 0.110983
0.395913 0.111861
0.396163 0.112077
0.396164 0.112078
0.397072 0.112528
0.397134 0.112795
0.39717 0.112798
0.397263 0.11411
0.397381 0.114136
0.397541 0.114681
0.397856 0.114803
0.397911 0.114924
0.39811 0.115264
0.398228 0.115288
0.399036 0.115374
0.399091 0.115376
0.39966 0.115446
0.399826 0.116665
0.400684 0.11705
0.401268 0.117219
0.401724 0.117693
0.402056 0.117956
0.40238 0.118581
0.402394 0.118861
0.403177 0.119218
0.403207 0.119638
0.404524 0.119707
0.404551 0.11997
0.405279 0.120058
0.405927 0.120304
0.40602 0.120431
0.406245 0.120708
0.406941 0.120824
0.407286 0.120834
0.408359 0.121148
0.40842 0.121593
0.408519 0.121753
0.408703 0.121977
0.408705 0.122223
0.408871 0.122542
0.409071 0.122955
0.409082 0.12345
0.409219 0.124622
0.409346 0.124849
0.409389 0.124852
0.40954 0.124975
0.409586 0.125215
0.409692 0.125378
0.411839 0.125974
0.412207 0.126388
0.412231 0.126479
0.412487 0.126514
0.412855 0.126552
0.412905 0.126964
0.412944 0.127096
0.413099 0.127408
0.413626 0.127618
0.41388 0.128415
0.414044 0.128525
0.414139 0.129798
0.414559 0.130699
0.414792 0.131504
0.415874 0.131673
0.416393 0.132233
0.417978 0.133621
0.419125 0.133791
0.420607 0.134924
0.420681 0.135173
0.421193 0.135361
0.421627 0.135515
0.421906 0.136176
0.422152 0.137154
0.422203 0.137282
0.422287 0.137584
0.422456 0.138698
0.422482 0.138701
0.423104 0.138901
0.423301 0.13898
0.423541 0.13902
0.423575 0.139103
0.423748 0.139634
0.423988 0.139715
0.42399 0.140036
0.424141 0.140207
0.424162 0.14031
0.424212 0.141316
0.424625 0.141712
0.42473 0.1418
0.42473 0.141952
0.424902 0.14278
0.425266 0.143096
0.425413 0.143328
0.425724 0.143812
0.426169 0.14414
0.426742 0.144245
0.426752 0.144622
0.426852 0.144681
0.426868 0.145085
0.426883 0.14529
0.426972 0.145485
0.426975 0.145957
0.427579 0.146122
0.427998 0.146363
0.428321 0.146851
0.428666 0.147374
0.429599 0.147783
0.429862 0.147998
0.430037 0.148398
0.430502 0.149726
0.430987 0.149976
0.431105 0.150142
0.431386 0.150817
0.432071 0.150945
0.432204 0.151063
0.432216 0.151082
0.432376 0.151622
0.432849 0.151824
0.432885 0.151839
0.433108 0.152119
0.433417 0.152222
0.434212 0.152249
0.434304 0.152838
0.434592 0.153028
0.434872 0.153448
0.435505 0.153528
0.435587 0.15363
0.436604 0.154105
0.436756 0.154503
0.437875 0.155211
0.438005 0.155539
0.438329 0.155763
0.438361 0.156059
0.438604 0.156314
0.438762 0.156398
0.438833 0.156458
0.439246 0.156873
0.439488 0.157265
0.439516 0.157689
0.439528 0.157815
0.440557 0.158748
0.4408 0.159296
0.441507 0.159427
0.441701 0.159644
0.442266 0.160364
0.442474 0.160987
0.443131 0.161269
0.443907 0.16202
0.444341 0.162279
0.444415 0.163287
0.44479 0.163304
0.444852 0.163823
0.445094 0.16457
0.445165 0.164687
0.445182 0.16486
0.445239 0.165364
0.44532 0.165527
0.44536 0.165562
0.4459 0.166378
0.44623 0.166479
0.446833 0.166912
0.446883 0.166999
0.448026 0.167077
0.44808 0.170324
0.448081 0.170441
0.448308 0.170509
0.448734 0.170656
0.448979 0.171723
0.449034 0.17191
0.44913 0.172291
0.449338 0.173331
0.449711 0.173897
0.449762 0.174715
0.449883 0.175234
0.450045 0.175564
0.450179 0.176262
0.450397 0.176754
0.450654 0.17703
0.450752 0.177071
0.450948 0.178014
0.450976 0.178811
0.451118 0.17902
0.451233 0.179495
0.451302 0.180718
0.451349 0.180765
0.451578 0.181105
0.452052 0.181645
0.452144 0.182336
0.452764 0.182511
0.453353 0.182749
0.453669 0.182859
0.454519 0.182992
0.45476 0.183474
0.455017 0.183711
0.455619 0.183715
0.455659 0.183951
0.456111 0.185034
0.456215 0.185363
0.456376 0.185755
0.457226 0.186345
0.457297 0.18657
0.457342 0.187962
0.457474 0.187998
0.457603 0.188359
0.45793 0.189317
0.458882 0.190231
0.459234 0.191743
0.459367 0.192177
0.459544 0.19229
0.460742 0.194456
0.46117 0.19514
0.461404 0.196996
0.461886 0.197075
0.461905 0.197082
0.462133 0.197524
0.462439 0.197764
0.462535 0.198149
0.462555 0.199064
0.462693 0.199089
0.463262 0.199619
0.463546 0.199622
0.463971 0.199755
0.464253 0.199884
0.464542 0.200273
0.46469 0.200975
0.464769 0.201359
0.464788 0.201592
0.464848 0.202099
0.465033 0.202504
0.465327 0.203251
0.465521 0.203506
0.465763 0.203592
0.466192 0.203732
0.466324 0.204487
0.46729 0.204707
0.46731 0.206326
0.467648 0.206351
0.46766 0.206714
0.467799 0.207746
0.468366 0.207755
0.468469 0.208255
0.468475 0.208358
0.468505 0.20861
0.468551 0.208851
0.468726 0.20933
0.468779 0.209798
0.468942 0.211046
0.469139 0.211107
0.470081 0.213186
0.470415 0.213416
0.470886 0.213786
0.471008 0.214285
0.471022 0.215285
0.471035 0.215645
0.471139 0.21648
0.471333 0.216766
0.471828 0.217532
0.472115 0.218145
0.472159 0.218364
0.47243 0.219675
0.47256 0.220253
0.472994 0.221362
0.473222 0.221899
0.473652 0.222147
0.473666 0.222167
0.473766 0.223571
0.474035 0.223859
0.474307 0.224297
0.474408 0.225396
0.474501 0.22583
0.474551 0.226131
0.474647 0.227622
0.474709 0.228854
0.474952 0.230522
0.475133 0.230916
0.475363 0.234296
0.475382 0.235552
0.475525 0.236997
0.47568 0.237443
0.47627 0.238304
0.476472 0.239597
0.476636 0.239859
0.476663 0.240119
0.476835 0.240254
0.477061 0.240618
0.477202 0.241093
0.477216 0.24117
0.477538 0.243135
0.478005 0.243289
0.478117 0.243689
0.47844 0.244034
0.478656 0.245349
0.47873 0.246162
0.47874 0.249021
0.478744 0.249233
0.47901 0.249824
0.479261 0.250607
0.479462 0.251157
0.480059 0.255625
0.480369 0.256134
0.480494 0.256567
0.48107 0.256684
0.481357 0.259269
0.481688 0.259816
0.482554 0.26274
0.482634 0.264469
0.482874 0.265394
0.482879 0.266061
0.483002 0.268386
0.483036 0.268491
0.483184 0.268782
0.483248 0.269365
0.483413 0.269416
0.483555 0.270954
0.483628 0.272155
0.483979 0.272211
0.484022 0.272253
0.484395 0.274605
0.48452 0.274821
0.484544 0.278166
0.484592 0.27961
0.484864 0.280852
0.484895 0.282194
0.484916 0.282418
0.485046 0.289698
0.48523 0.290911
0.485755 0.291503
0.485916 0.294209
0.486207 0.296369
0.486353 0.29648
0.486632 0.2972
0.486839 0.297767
0.486901 0.297891
0.487073 0.297943
0.487599 0.301196
0.487667 0.301703
0.48788 0.303217
0.487968 0.303293
0.488058 0.304263
0.488333 0.304549
0.489038 0.305394
0.489291 0.305686
0.489293 0.306073
0.489414 0.306461
0.490099 0.306741
0.490105 0.307738
0.490302 0.310413
0.49057 0.31048
0.490654 0.310921
0.49067 0.311904
0.490852 0.31276
0.491172 0.313607
0.491335 0.317758
0.491426 0.32132
0.491468 0.321773
0.491766 0.322019
0.49186 0.322796
0.492001 0.323463
0.492179 0.324352
0.492229 0.324426
0.49227 0.32481
0.492655 0.325896
0.493269 0.326241
0.493361 0.327586
0.493613 0.327597
0.493716 0.328399
0.493744 0.330414
0.493751 0.330477
0.493775 0.334409
0.493982 0.334481
0.494133 0.335531
0.494162 0.338371
0.494171 0.340764
0.494261 0.340863
0.494307 0.342999
0.494464 0.343307
0.494544 0.345629
0.49463 0.34574
0.494647 0.346379
0.494709 0.348685
0.494925 0.349684
0.494991 0.349908
0.495021 0.351637
0.495219 0.352048
0.495292 0.352108
0.495329 0.35286
0.495353 0.353584
0.495409 0.354147
0.495422 0.354205
0.495514 0.358456
0.495934 0.358476
0.496116 0.359394
0.496122 0.359994
0.496126 0.361674
0.496318 0.362711
0.49637 0.364208
0.496404 0.365502
0.496405 0.369139
0.496464 0.370004
0.496558 0.376467
0.49664 0.377472
0.496744 0.378004
0.496857 0.387912
0.496857 0.389693
0.496963 0.39235
0.497109 0.393357
0.497233 0.394241
0.497284 0.3952
0.497315 0.404047
0.497345 0.404529
0.497364 0.406187
0.497429 0.406994
0.497529 0.408881
0.497569 0.411128
0.497777 0.41369
0.497791 0.415947
0.497805 0.416316
0.497816 0.416836
0.497903 0.418168
0.497915 0.418585
0.497966 0.418705
0.49823 0.420423
0.498372 0.422803
0.498432 0.426686
0.498484 0.427268
0.498544 0.433641
0.498545 0.43375
0.49857 0.435271
0.498609 0.437342
0.49863 0.437604
0.498688 0.437939
0.498776 0.444461
0.498794 0.446013
0.498827 0.446065
0.498839 0.450623
0.499036 0.450699
0.499036 0.451933
0.49907 0.453114
0.499307 0.456483
0.49932 0.457259
0.499369 0.471311
0.499463 0.475047
0.499522 0.476456
0.499529 0.483823
0.499592 0.485083
0.499713 0.485634
0.499748 0.486035
0.499862 0.488955
0.499922 0.48902
0.499933 0.492435
0.499986 0.493848
0.499997 0.494584
