0.011360 0.000000
0.014510 0.000000
0.015300 0.000000
0.017773 0.000000
0.018010 0.000000
0.018335 0.000000
0.018911 0.000000
0.019570 0.000000
0.019720 0.000000
0.019895 0.000000
0.021030 0.000000
0.021161 0.000000
0.022170 0.000000
0.022650 0.000000
0.022653 0.000000
0.023307 0.000000
0.023333 0.000000
0.023352 0.000000
0.024170 0.000000
0.024960 0.000000
0.025000 0.000000
0.025310 0.000000
0.025498 0.000000
0.025591 0.000000
0.025760 0.000000
0.025930 0.000000
0.026264 0.000000
0.026398 0.000000
0.026481 0.000000
0.026790 0.000000
0.026930 0.000000
0.027159 0.000000
0.027310 0.000000
0.027316 0.000000
0.027391 0.000000
0.027800 0.000000
0.027950 0.000000
0.028220 0.000000
0.028653 0.000000
0.028835 0.000000
0.028840 0.000000
0.029030 0.000000
0.029168 0.000000
0.029180 0.000000
0.029470 0.000000
0.029496 0.000000
0.029650 0.000000
0.029740 0.000000
0.029881 0.000000
0.029924 0.000000
0.030300 0.000000
0.030350 0.000000
0.030765 0.000000
0.030950 0.000000
0.030960 0.000000
0.031095 0.000000
0.031097 0.000000
0.031253 0.000000
0.031355 0.000000
0.031589 0.000000
0.031590 0.000000
0.031610 0.000000
0.032350 0.000000
0.032411 0.000000
0.032550 0.000000
0.032638 0.000000
0.032815 0.000000
0.032874 0.000000
0.033020 0.000000
0.033260 0.000000
0.033409 0.000000
0.033529 0.000000
0.033915 0.000000
0.034617 0.000000
0.034670 0.000000
0.034868 0.000000
0.035076 0.000000
0.035200 0.000000
0.035430 0.000000
0.035480 0.000000
0.035514 0.000000
0.035612 0.000000
0.035884 0.000000
0.035974 0.000000
0.035995 0.000000
0.036000 0.000000
0.036150 0.000000
0.036336 0.000000
0.036350 0.000000
0.036459 0.000000
0.036510 0.000000
0.036510 0.000000
0.036622 0.000000
0.036683 0.000000
0.037005 0.000000
0.037107 0.000000
0.037154 0.000000
0.037220 0.000000
0.037848 0.000000
0.038080 0.000000
0.038575 0.000000
0.038691 0.000000
0.038700 0.000000
0.038919 0.000000
0.038940 0.000000
0.038950 0.000000
0.039020 0.000000
0.039050 0.000000
0.039217 0.000000
0.039291 0.000000
0.039510 0.000000
0.039613 0.000000
0.039770 0.000000
0.040003 0.000000
0.040170 0.000000
0.040211 0.000000
0.040237 0.000000
0.040394 0.000000
0.040438 0.000000
0.040470 0.000000
0.040490 0.000000
0.040583 0.000000
0.040693 0.000000
0.040860 0.000000
0.040988 0.000000
0.041130 0.000000
0.041580 0.000000
0.041765 0.000000
0.042022 0.000000
0.042550 0.000000
0.042564 0.000000
0.042840 0.000000
0.042849 0.000000
0.042978 0.000000
0.043120 0.000000
0.043124 0.000000
0.043248 0.000000
0.043410 0.000000
0.043480 0.000000
0.043560 0.000000
0.043571 0.000000
0.043688 0.000000
0.043739 0.000000
0.043819 0.000000
0.043905 0.000000
0.043964 0.000000
0.044200 0.000000
0.044295 0.000000
0.044298 0.000000
0.044545 0.000000
0.044584 0.000000
0.044700 0.000000
0.044754 0.000000
0.044907 0.000000
0.044950 0.000000
0.045146 0.000000
0.045170 0.000000
0.045457 0.000000
0.045613 0.000000
0.045720 0.000000
0.045734 0.000000
0.045895 0.000000
0.046040 0.000000
0.046070 0.000000
0.046080 0.000000
0.046160 0.000000
0.046315 0.000000
0.046510 0.000000
0.046580 0.000000
0.046680 0.000000
0.046722 0.000000
0.046760 0.000000
0.046796 0.000000
0.046956 0.000000
0.046970 0.000000
0.047040 0.000000
0.047091 0.000000
0.047157 0.000000
0.047554 0.000000
0.047596 0.000000
0.047668 0.000000
0.047681 0.000000
0.047790 0.000000
0.047978 0.000000
0.048070 0.000000
0.048234 0.000000
0.048484 0.000000
0.048734 0.000000
0.048899 0.000000
0.048980 0.000000
0.049020 0.000000
0.049025 0.000000
0.049025 0.000000
0.049034 0.000000
0.049051 0.000000
0.049410 0.000000
0.049460 0.000000
0.049780 0.000000
0.049895 0.000000
0.049978 0.000000
0.050010 0.000000
0.050016 0.000000
0.050118 0.000000
0.050145 0.000000
0.050266 0.000000
0.050295 0.000000
0.050403 0.000000
0.050479 0.000000
0.050600 0.000000
0.050600 0.000000
0.050708 0.000000
0.050723 0.000000
0.050748 0.000000
0.050897 0.000000
0.050925 0.000000
0.050956 0.000000
0.051134 0.000000
0.051374 0.000000
0.051443 0.000000
0.051481 0.000000
0.051563 0.000000
0.051685 0.000000
0.051761 0.000000
0.051768 0.000000
0.051833 0.000000
0.051910 0.000000
0.052080 0.000000
0.052885 0.000000
0.052895 0.000000
0.052994 0.000000
0.053068 0.000000
0.053185 0.000000
0.053257 0.000000
0.053285 0.000000
0.053368 0.000000
0.053453 0.000000
0.053538 0.000000
0.053585 0.000000
0.053609 0.000000
0.053625 0.000000
0.053698 0.000000
0.053900 0.000000
0.054210 0.000000
0.054268 0.000000
0.054330 0.000000
0.054604 0.000000
0.054605 0.000000
0.054714 0.000000
0.054860 0.000000
0.054988 0.000000
0.055083 0.000000
0.055105 0.000000
0.055376 0.000000
0.055437 0.000000
0.055503 0.000000
0.055651 0.000000
0.055780 0.000000
0.055819 0.000000
0.055936 0.000000
0.055951 0.000000
0.055969 0.000000
0.056029 0.000000
0.056081 0.000000
0.056289 0.000000
0.056592 0.000000
0.056661 0.000000
0.056724 0.000000
0.056812 0.000000
0.057081 0.000000
0.057198 0.000000
0.057335 0.000000
0.057414 0.000000
0.057430 0.000000
0.057520 0.000000
0.057581 0.000000
0.057596 0.000000
0.057633 0.000000
0.057900 0.000000
0.057957 0.000000
0.057967 0.000000
0.058053 0.000000
0.058425 0.000000
0.058560 0.000000
0.058648 0.000000
0.058722 0.000000
0.058975 0.000000
0.059171 0.000000
0.059199 0.000000
0.059480 0.000000
0.059683 0.000000
0.059700 0.000000
0.059752 0.000000
0.059856 0.000000
0.060218 0.000000
0.060264 0.000000
0.060274 0.000000
0.060590 0.000000
0.060715 0.000000
0.060744 0.000000
0.060838 0.000000
0.060868 0.000000
0.060868 0.000000
0.061151 0.000000
0.061186 0.000000
0.061303 0.000000
0.061324 0.000000
0.061344 0.000000
0.061485 0.000000
0.061504 0.000000
0.061520 0.000000
0.061660 0.000000
0.061822 0.000000
0.061880 0.000000
0.061921 0.000000
0.061982 0.000000
0.062049 0.000000
0.062062 0.000000
0.062080 0.000000
0.062207 0.000000
0.062278 0.000000
0.062280 0.000000
0.062364 0.000000
0.062538 0.000000
0.062610 0.000000
0.062760 0.000000
0.062788 0.000000
0.062930 0.000000
0.063042 0.000000
0.063079 0.000000
0.063112 0.000000
0.063140 0.000000
0.063179 0.000000
0.063211 0.000000
0.063277 0.000000
0.063299 0.000000
0.063444 0.000000
0.063512 0.000000
0.063631 0.000000
0.063642 0.000000
0.063740 0.000000
0.063745 0.000000
0.063828 0.000000
0.063853 0.000000
0.063865 0.000000
0.064063 0.000000
0.064250 0.000000
0.064380 0.000000
0.064520 0.000000
0.064590 0.000000
0.064905 0.000000
0.065061 0.000000
0.065095 0.000000
0.065096 0.000000
0.065243 0.000000
0.065378 0.000000
0.065533 0.000000
0.065663 0.000000
0.065710 0.000000
0.065913 0.000000
0.066061 0.000000
0.066090 0.000000
0.066128 0.000000
0.066232 0.000000
0.066288 0.000000
0.066323 0.000000
0.066607 0.000000
0.066751 0.000000
0.066753 0.000000
0.066783 0.000000
0.066807 0.000000
0.067024 0.000000
0.067194 0.000000
0.067457 0.000000
0.067562 0.000000
0.067573 0.000000
0.068553 0.000000
0.068630 0.000000
0.068673 0.000000
0.068820 0.000000
0.068981 0.000000
0.069000 0.000000
0.069050 0.000000
0.069093 0.000000
0.069204 0.000000
0.069206 0.000000
0.069223 0.000000
0.069270 0.000000
0.069290 0.000000
0.069410 0.000000
0.069418 0.000000
0.069620 0.000000
0.069651 0.000000
0.069676 0.000000
0.069805 0.000000
0.069875 0.000000
0.069930 0.000000
0.069951 0.000000
0.069980 0.000000
0.069995 0.000000
0.070001 0.000000
0.070160 0.000000
0.070203 0.000000
0.070236 0.000000
0.070290 0.000000
0.070347 0.000000
0.070361 0.000000
0.070498 0.000000
0.070580 0.000000
0.070580 0.000000
0.070597 0.000000
0.070673 0.000000
0.070690 0.000000
0.070730 0.000000
0.070823 0.000000
0.070839 0.000000
0.070846 0.000000
0.070850 0.000000
0.070864 0.000000
0.070900 0.000000
0.070932 0.000000
0.070993 0.000000
0.071040 0.000000
0.071116 0.000000
0.071161 0.000000
0.071321 0.000000
0.071456 0.000000
0.071564 0.000000
0.071576 0.000000
0.071640 0.000000
0.071700 0.000000
0.071823 0.000000
0.071878 0.000000
0.071950 0.000000
0.072132 0.000000
0.072193 0.000000
0.072201 0.000000
0.072219 0.000000
0.072274 0.000000
0.072274 0.000000
0.072291 0.000000
0.072417 0.000000
0.072440 0.000000
0.072582 0.000000
0.072633 0.000000
0.072637 0.000000
0.072661 0.000000
0.072765 0.000000
0.072804 0.000000
0.072813 0.000000
0.072920 0.000000
0.073040 0.000000
0.073047 0.000000
0.073447 0.000000
0.073468 0.000000
0.073592 0.000000
0.073694 0.000000
0.073810 0.000000
0.073862 0.000000
0.073875 0.000000
0.073934 0.000000
0.073944 0.000000
0.073996 0.000000
0.074108 0.000000
0.074140 0.000000
0.074185 0.000000
0.074326 0.000000
0.074550 0.000000
0.074675 0.000000
0.074930 0.000000
0.074954 0.000000
0.074958 0.000000
0.075140 0.000000
0.075284 0.000000
0.075426 0.000000
0.075480 0.000000
0.075581 0.000000
0.075639 0.000000
0.075660 0.000000
0.075806 0.000000
0.075859 0.000000
0.075940 0.000000
0.075993 0.000000
0.076105 0.000000
0.076112 0.000000
0.076230 0.000000
0.076369 0.000000
0.076549 0.000000
0.076600 0.000000
0.076820 0.000000
0.076902 0.000000
0.076954 0.000000
0.077175 0.000000
0.077320 0.000000
0.077414 0.000000
0.077716 0.000000
0.077842 0.000000
0.077957 0.000000
0.078064 0.000000
0.078071 0.000000
0.078137 0.000000
0.078180 0.000000
0.078208 0.000000
0.078288 0.000000
0.078290 0.000000
0.078360 0.000000
0.078408 0.000000
0.078424 0.000000
0.078698 0.000000
0.078770 0.000000
0.078945 0.000000
0.078968 0.000000
0.079069 0.000000
0.079157 0.000000
0.079195 0.000000
0.079201 0.000000
0.079238 0.000000
0.079330 0.000000
0.079403 0.000000
0.079414 0.000000
0.079466 0.000000
0.079478 0.000000
0.079601 0.000000
0.079730 0.000000
0.079757 0.000000
0.079839 0.000000
0.079862 0.000000
0.079889 0.000000
0.079892 0.000000
0.080091 0.000000
0.080300 0.000000
0.080354 0.000000
0.080434 0.000000
0.080540 0.000000
0.080773 0.000000
0.081016 0.000000
0.081066 0.000000
0.081271 0.000000
0.081281 0.000000
0.081324 0.000000
0.081349 0.000000
0.081460 0.000000
0.081461 0.000000
0.081587 0.000000
0.081591 0.000000
0.081610 0.000000
0.081621 0.000000
0.081640 0.000000
0.081660 0.000000
0.081670 0.000000
0.081733 0.000000
0.081764 0.000000
0.081767 0.000000
0.081836 0.000000
0.081894 0.000000
0.081959 0.000000
0.081970 0.000000
0.082066 0.000000
0.082194 0.000000
0.082290 0.000000
0.082321 0.000000
0.082351 0.000000
0.082472 0.000000
0.082488 0.000000
0.082515 0.000000
0.082628 0.000000
0.082910 0.000000
0.082956 0.000000
0.082963 0.000000
0.083009 0.000000
0.083113 0.000000
0.083400 0.000000
0.083460 0.000000
0.083471 0.000000
0.083746 0.000000
0.083768 0.000000
0.083781 0.000000
0.083789 0.000000
0.083848 0.000000
0.083880 0.000000
0.083911 0.000000
0.083951 0.000000
0.083953 0.000000
0.084148 0.000000
0.084150 0.000000
0.084168 0.000000
0.084255 0.000000
0.084290 0.000000
0.084462 0.000000
0.084701 0.000000
0.084836 0.000000
0.084900 0.000000
0.085106 0.000000
0.085119 0.000000
0.085434 0.000000
0.085505 0.000000
0.085603 0.000000
0.085638 0.000000
0.085751 0.000000
0.085816 0.000000
0.085820 0.000000
0.085861 0.000000
0.085868 0.000000
0.086003 0.000000
0.086113 0.000000
0.086251 0.000000
0.086252 0.000000
0.086417 0.000000
0.086444 0.000000
0.086480 0.000000
0.086606 0.000000
0.086878 0.000000
0.086896 0.000000
0.087021 0.000000
0.087059 0.000000
0.087164 0.000000
0.087220 0.000000
0.087515 0.000000
0.087533 0.000000
0.087589 0.000000
0.087670 0.000000
0.087688 0.000000
0.087703 0.000000
0.087811 0.000000
0.087851 0.000000
0.087890 0.000000
0.087894 0.000000
0.087932 0.000000
0.087992 0.000000
0.088232 0.000000
0.088427 0.000000
0.088430 0.000000
0.088824 0.000000
0.088858 0.000000
0.089000 0.000000
0.089165 0.000000
0.089335 0.000000
0.089508 0.000000
0.089630 0.000000
0.089700 0.000000
0.089764 0.000000
0.089797 0.000000
0.089892 0.000000
0.090088 0.000000
0.090142 0.000000
0.090161 0.000000
0.090177 0.000000
0.090285 0.000000
0.090406 0.000000
0.090469 0.000000
0.090711 0.000000
0.090728 0.000000
0.090771 0.000000
0.090880 0.000000
0.090967 0.000000
0.090983 0.000000
0.091068 0.000000
0.091104 0.000000
0.091160 0.000000
0.091200 0.000000
0.091296 0.000000
0.091311 0.000000
0.091387 0.000000
0.091455 0.000000
0.091559 0.000000
0.091712 0.000000
0.091720 0.000000
0.091930 0.000000
0.092018 0.000000
0.092026 0.000000
0.092067 0.000000
0.092128 0.000000
0.092138 0.000000
0.092156 0.000000
0.092283 0.000000
0.092289 0.000000
0.092524 0.000000
0.092531 0.000000
0.092586 0.000000
0.092637 0.000000
0.092696 0.000000
0.092762 0.000000
0.092826 0.000000
0.092870 0.000000
0.092883 0.000000
0.092913 0.000000
0.092917 0.000000
0.092940 0.000000
0.092984 0.000000
0.093060 0.000000
0.093143 0.000000
0.093224 0.000000
0.093413 0.000000
0.093473 0.000000
0.093656 0.000000
0.093841 0.000000
0.093849 0.000000
0.093990 0.000000
0.094180 0.000000
0.094401 0.000000
0.094550 0.000000
0.094604 0.000000
0.094644 0.000000
0.094671 0.000000
0.094803 0.000000
0.094869 0.000000
0.095082 0.000000
0.095223 0.000000
0.095252 0.000000
0.095264 0.000000
0.095326 0.000000
0.095331 0.000000
0.095390 0.000000
0.095586 0.000000
0.095717 0.000000
0.095730 0.000000
0.095814 0.000000
0.095872 0.000000
0.096073 0.000000
0.096216 0.000000
0.096295 0.000000
0.096330 0.000000
0.096333 0.000000
0.096419 0.000000
0.096489 0.000000
0.096534 0.000000
0.096579 0.000000
0.096716 0.000000
0.096805 0.000000
0.096890 0.000000
0.096951 0.000000
0.097047 0.000000
0.097246 0.000000
0.097380 0.000000
0.097417 0.000000
0.097464 0.000000
0.097478 0.000000
0.097966 0.000000
0.097967 0.000000
0.098041 0.000000
0.098100 0.000000
0.098148 0.000000
0.098181 0.000000
0.098215 0.000000
0.098265 0.000000
0.098298 0.000000
0.098406 0.000000
0.098456 0.000000
0.098486 0.000000
0.098490 0.000000
0.098530 0.000000
0.098531 0.000000
0.098894 0.000000
0.098961 0.000000
0.098970 0.000000
0.098980 0.000000
0.099317 0.000000
0.099421 0.000000
0.099424 0.000000
0.099477 0.000000
0.099533 0.000000
0.099543 0.000000
0.099615 0.000000
0.099627 0.000000
0.099804 0.000000
0.099835 0.000000
0.099935 0.000000
0.100080 0.000000
0.100098 0.000000
0.100121 0.000000
0.100165 0.000000
0.100183 0.000000
0.100234 0.000000
0.100282 0.000000
0.100390 0.000000
0.100598 0.000000
0.100620 0.000000
0.100681 0.000000
0.100720 0.000000
0.101164 0.000000
0.101206 0.000000
0.101246 0.000000
0.101479 0.000000
0.101503 0.000000
0.101554 0.000000
0.101662 0.000000
0.101686 0.000000
0.101796 0.000000
0.102109 0.000000
0.102274 0.000000
0.102564 0.000000
0.102567 0.000000
0.102584 0.000000
0.102607 0.000000
0.102611 0.000000
0.102862 0.000000
0.102872 0.000000
0.102957 0.000000
0.102995 0.000000
0.103052 0.000000
0.103074 0.000000
0.103144 0.000000
0.103160 0.000000
0.103173 0.000000
0.103193 0.000000
0.103260 0.000000
0.103503 0.000000
0.103545 0.000000
0.103630 0.000000
0.103924 0.000000
0.103962 0.000000
0.104120 0.000000
0.104312 0.000000
0.104448 0.000000
0.104453 0.000000
0.104459 0.000000
0.104460 0.000000
0.104800 0.000000
0.104841 0.000000
0.104932 0.000000
0.104978 0.000000
0.105100 0.000000
0.105203 0.000000
0.105220 0.000000
0.105435 0.000000
0.105440 0.000000
0.105499 0.000000
0.105511 0.000000
0.105593 0.000000
0.105674 0.000000
0.105823 0.000000
0.105836 0.000000
0.105844 0.000000
0.105919 0.000000
0.106387 0.000000
0.106389 0.000000
0.106626 0.000000
0.106776 0.000000
0.106877 0.000000
0.106890 0.000000
0.106900 0.000000
0.107038 0.000000
0.107235 0.000000
0.107248 0.000000
0.107413 0.000000
0.107564 0.000000
0.107592 0.000000
0.107940 0.000000
0.108066 0.000000
0.108095 0.000000
0.108098 0.000000
0.108213 0.000000
0.108328 0.000000
0.108380 0.000000
0.108445 0.000000
0.108530 0.000000
0.108640 0.000000
0.108675 0.000000
0.108750 0.000000
0.108791 0.000000
0.108920 0.000000
0.108977 0.000000
0.109124 0.000000
0.109264 0.000000
0.109336 0.000000
0.109594 0.000000
0.109602 0.000000
0.109781 0.000000
0.109854 0.000000
0.109863 0.000000
0.109895 0.000000
0.109949 0.000000
0.109983 0.000000
0.110064 0.000000
0.110133 0.000000
0.110208 0.000000
0.110214 0.000000
0.110356 0.000000
0.110602 0.000000
0.110704 0.000000
0.110715 0.000000
0.110841 0.000000
0.110919 0.000000
0.110984 0.000000
0.111302 0.000000
0.111329 0.000000
0.111422 0.000000
0.111439 0.000000
0.111478 0.000000
0.111637 0.000000
0.111790 0.000000
0.111795 0.000000
0.112065 0.000000
0.112276 0.000000
0.112296 0.000000
0.112307 0.000000
0.112316 0.000000
0.112563 0.000000
0.112607 0.000000
0.112629 0.000000
0.112694 0.000000
0.112716 0.000000
0.112871 0.000000
0.112873 0.000000
0.112875 0.000000
0.112953 0.000000
0.113113 0.000000
0.113140 0.000000
0.113180 0.000000
0.113285 0.000000
0.113287 0.000000
0.113342 0.000000
0.113501 0.000000
0.113549 0.000000
0.113699 0.000000
0.113806 0.000000
0.113831 0.000000
0.113919 0.000000
0.113957 0.000000
0.114328 0.000000
0.114339 0.000000
0.114526 0.000000
0.114690 0.000000
0.114720 0.000000
0.114820 0.000000
0.114871 0.000000
0.114871 0.000000
0.114908 0.000000
0.114910 0.000000
0.114937 0.000000
0.114967 0.000000
0.114991 0.000000
0.115157 0.000000
0.115175 0.000000
0.115190 0.000000
0.115330 0.000000
0.115366 0.000000
0.115386 0.000000
0.115393 0.000000
0.115450 0.000000
0.115549 0.000000
0.115630 0.000000
0.115730 0.000000
0.116026 0.000000
0.116163 0.000000
0.116243 0.000000
0.116317 0.000000
0.116386 0.000000
0.116642 0.000000
0.116875 0.000000
0.116887 0.000000
0.116950 0.000000
0.116986 0.000000
0.117062 0.000000
0.117170 0.000000
0.117225 0.000000
0.117240 0.000000
0.117284 0.000000
0.117343 0.000000
0.117442 0.000000
0.117598 0.000000
0.117704 0.000000
0.117705 0.000000
0.117740 0.000000
0.117779 0.000000
0.117975 0.000000
0.118026 0.000000
0.118055 0.000000
0.118069 0.000000
0.118162 0.000000
0.118284 0.000000
0.118292 0.000000
0.118504 0.000000
0.118599 0.000000
0.118698 0.000000
0.118776 0.000000
0.118880 0.000000
0.119009 0.000000
0.119009 0.000000
0.119070 0.000000
0.119155 0.000000
0.119294 0.000000
0.119341 0.000000
0.119347 0.000000
0.119468 0.000000
0.120073 0.000000
0.120360 0.000000
0.120510 0.000000
0.120597 0.000000
0.120611 0.000000
0.120628 0.000000
0.120630 0.000000
0.120745 0.000000
0.120871 0.000000
0.120888 0.000000
0.120923 0.000000
0.120975 0.000000
0.121035 0.000000
0.121339 0.000000
0.121421 0.000000
0.121434 0.000000
0.121464 0.000000
0.121745 0.000000
0.121810 0.000000
0.121854 0.000000
0.121934 0.000000
0.121990 0.000000
0.122139 0.000000
0.122322 0.000000
0.122362 0.000000
0.122441 0.000000
0.122459 0.000000
0.122678 0.000000
0.122705 0.000000
0.122834 0.000000
0.122839 0.000000
0.122881 0.000000
0.122889 0.000000
0.122893 0.000000
0.122904 0.000000
0.123144 0.000000
0.123153 0.000000
0.123216 0.000000
0.123251 0.000000
0.123481 0.000000
0.123895 0.000000
0.123961 0.000000
0.124088 0.000000
0.124197 0.000000
0.124210 0.000000
0.124253 0.000000
0.124254 0.000000
0.124537 0.000000
0.124687 0.000000
0.124840 0.000000
0.124842 0.000000
0.124974 0.000000
0.125100 0.000000
0.125285 0.000000
0.125441 0.000000
0.125509 0.000000
0.125585 0.000000
0.125623 0.000000
0.125683 0.000000
0.125724 0.000000
0.125981 0.000000
0.126061 0.000000
0.126090 0.000000
0.126092 0.000000
0.126095 0.000000
0.126099 0.000000
0.126114 0.000000
0.126130 0.000000
0.126146 0.000000
0.126158 0.000000
0.126165 0.000000
0.126172 0.000000
0.126210 0.000000
0.126230 0.000000
0.126257 0.000000
0.126265 0.000000
0.126354 0.000000
0.126573 0.000000
0.126738 0.000000
0.126747 0.000000
0.126780 0.000000
0.126867 0.000000
0.126932 0.000000
0.127025 0.000000
0.127101 0.000000
0.127140 0.000000
0.127369 0.000000
0.127426 0.000000
0.127456 0.000000
0.127457 0.000000
0.127478 0.000000
0.127556 0.000000
0.127563 0.000000
0.127568 0.000000
0.127785 0.000000
0.127980 0.000000
0.128096 0.000000
0.128202 0.000000
0.128319 0.000000
0.128327 0.000000
0.128374 0.000000
0.128442 0.000000
0.128483 0.000000
0.128487 0.000000
0.128544 0.000000
0.128911 0.000000
0.129019 0.000000
0.129021 0.000000
0.129164 0.000000
0.129320 0.000000
0.129466 0.000000
0.129864 0.000000
0.129939 0.000000
0.130052 0.000000
0.130105 0.000000
0.130226 0.000000
0.130234 0.000000
0.130355 0.000000
0.130400 0.000000
0.130414 0.000000
0.130459 0.000000
0.130483 0.000000
0.130514 0.000000
0.130803 0.000000
0.130871 0.000000
0.130878 0.000000
0.131003 0.000000
0.131030 0.000000
0.131039 0.000000
0.131170 0.000000
0.131207 0.000000
0.131445 0.000000
0.131612 0.000000
0.131617 0.000000
0.131869 0.000000
0.131980 0.000000
0.132278 0.000000
0.132390 0.000000
0.132467 0.000000
0.132539 0.000000
0.132647 0.000000
0.132835 0.000000
0.132871 0.000000
0.132948 0.000000
0.132952 0.000000
0.133062 0.000000
0.133593 0.000000
0.133818 0.000000
0.133846 0.000000
0.133906 0.000000
0.133964 0.000000
0.133997 0.000000
0.134015 0.000000
0.134228 0.000150
0.134299 0.000160
0.134550 0.000170
0.134903 0.000170
0.135033 0.000180
0.135153 0.000180
0.135211 0.000180
0.135296 0.000190
0.135494 0.000190
0.135565 0.000190
0.135696 0.000200
0.135780 0.000200
0.135798 0.000200
0.135842 0.000200
0.135916 0.000200
0.135970 0.000210
0.135984 0.000210
0.136006 0.000210
0.136071 0.000210
0.136188 0.000210
0.136214 0.000210
0.136234 0.000210
0.136481 0.000220
0.136923 0.000220
0.136999 0.000220
0.137006 0.000220
0.137035 0.000220
0.137143 0.000220
0.137241 0.000220
0.137243 0.000220
0.137272 0.000220
0.137437 0.000230
0.137446 0.000230
0.137481 0.000230
0.137493 0.000230
0.137706 0.000230
0.138011 0.000230
0.138072 0.000240
0.138075 0.000240
0.138111 0.000240
0.138155 0.000240
0.138380 0.000250
0.138420 0.000250
0.138666 0.000250
0.138678 0.000250
0.138724 0.000250
0.138777 0.000260
0.138848 0.000260
0.138919 0.000260
0.138959 0.000260
0.139204 0.000260
0.139300 0.000270
0.139351 0.000270
0.139735 0.000270
0.139773 0.000270
0.139816 0.000270
0.139958 0.000270
0.140341 0.000280
0.140479 0.000280
0.140663 0.000290
0.141179 0.000290
0.141382 0.000300
0.141434 0.000310
0.141697 0.000310
0.141776 0.000310
0.142140 0.000310
0.142290 0.000320
0.142399 0.000320
0.142424 0.000330
0.142466 0.000330
0.142467 0.000340
0.142638 0.000340
0.142681 0.000350
0.142694 0.000350
0.142834 0.000350
0.143224 0.000390
0.143369 0.000410
0.143456 0.000410
0.143460 0.000420
0.143460 0.000420
0.143475 0.000420
0.143586 0.000420
0.143625 0.000430
0.143706 0.000430
0.143826 0.000430
0.144043 0.000430
0.144124 0.000430
0.144171 0.000430
0.144180 0.000430
0.144305 0.000430
0.144864 0.000440
0.144875 0.000450
0.145150 0.000450
0.145269 0.000450
0.145282 0.000460
0.145417 0.000460
0.145539 0.000460
0.145648 0.000460
0.145698 0.000470
0.145768 0.000480
0.145783 0.000480
0.145850 0.000480
0.145872 0.000480
0.145874 0.000480
0.146070 0.000480
0.146253 0.000480
0.146495 0.000480
0.146569 0.000500
0.146630 0.000500
0.146807 0.000500
0.146860 0.000500
0.147190 0.000510
0.147203 0.000510
0.147212 0.000510
0.147223 0.000510
0.147398 0.000510
0.147650 0.000520
0.147720 0.000520
0.147992 0.000520
0.148081 0.000520
0.148147 0.000520
0.148189 0.000540
0.148275 0.000540
0.148421 0.000540
0.148424 0.000550
0.148462 0.000550
0.148554 0.000560
0.148800 0.000560
0.149116 0.000560
0.149117 0.000560
0.149256 0.000560
0.149307 0.000570
0.149393 0.000580
0.149455 0.000580
0.149642 0.000580
0.149674 0.000590
0.149680 0.000590
0.149724 0.000600
0.150054 0.000600
0.150083 0.000600
0.150102 0.000610
0.150224 0.000630
0.150289 0.000630
0.150294 0.000630
0.150356 0.000640
0.150567 0.000640
0.150651 0.000640
0.150652 0.000640
0.150654 0.000647
0.150670 0.000660
0.150829 0.000670
0.150911 0.000680
0.150927 0.000680
0.150963 0.000680
0.150987 0.000680
0.151104 0.000690
0.151158 0.000690
0.151230 0.000690
0.151262 0.000690
0.151397 0.000690
0.151473 0.000700
0.151497 0.000700
0.151546 0.000700
0.151668 0.000700
0.151770 0.000710
0.151861 0.000710
0.152046 0.000720
0.152086 0.000720
0.152165 0.000730
0.152182 0.000730
0.152292 0.000730
0.152643 0.000730
0.152658 0.000730
0.153068 0.000730
0.153163 0.000740
0.153216 0.000740
0.153367 0.000750
0.153385 0.000750
0.153436 0.000750
0.153512 0.000750
0.153671 0.000760
0.153893 0.000760
0.153921 0.000760
0.153954 0.000770
0.153965 0.000770
0.154208 0.000770
0.154222 0.000770
0.154449 0.000770
0.154569 0.000770
0.155187 0.000780
0.155219 0.000790
0.155242 0.000810
0.155274 0.000810
0.155359 0.000810
0.155402 0.000830
0.155482 0.000830
0.155526 0.000841
0.155573 0.000864
0.155685 0.000880
0.155813 0.000893
0.155864 0.000910
0.155881 0.000910
0.156016 0.000910
0.156273 0.000920
0.156425 0.000920
0.156448 0.000930
0.156479 0.000930
0.156486 0.000950
0.156692 0.000960
0.156696 0.000970
0.156826 0.000970
0.156924 0.000988
0.157152 0.001000
0.157230 0.001010
0.157409 0.001010
0.157554 0.001020
0.157574 0.001030
0.157616 0.001030
0.157809 0.001030
0.157837 0.001040
0.158074 0.001040
0.158134 0.001050
0.158171 0.001050
0.158282 0.001050
0.158380 0.001070
0.158500 0.001080
0.158532 0.001080
0.158548 0.001080
0.158778 0.001080
0.158990 0.001090
0.159041 0.001090
0.159099 0.001100
0.159152 0.001100
0.159193 0.001102
0.159314 0.001110
0.159551 0.001110
0.159646 0.001120
0.159672 0.001130
0.159712 0.001140
0.159732 0.001150
0.159760 0.001160
0.159899 0.001160
0.160043 0.001160
0.160300 0.001170
0.160306 0.001171
0.160490 0.001180
0.160574 0.001190
0.160848 0.001193
0.161031 0.001200
0.161111 0.001215
0.161149 0.001220
0.161198 0.001230
0.161441 0.001231
0.161619 0.001240
0.161776 0.001240
0.161819 0.001240
0.161855 0.001260
0.161903 0.001260
0.161982 0.001270
0.162250 0.001280
0.162348 0.001280
0.162363 0.001290
0.162555 0.001290
0.162610 0.001290
0.163016 0.001300
0.163069 0.001310
0.163093 0.001310
0.163443 0.001310
0.163654 0.001320
0.163786 0.001340
0.163889 0.001380
0.164014 0.001400
0.164027 0.001400
0.164099 0.001420
0.164116 0.001420
0.164488 0.001430
0.164585 0.001430
0.164612 0.001450
0.164654 0.001460
0.164851 0.001480
0.165025 0.001480
0.165062 0.001490
0.165113 0.001490
0.165223 0.001490
0.165304 0.001500
0.165416 0.001510
0.165479 0.001510
0.165542 0.001510
0.165616 0.001510
0.165836 0.001530
0.165898 0.001530
0.165948 0.001560
0.165970 0.001570
0.166180 0.001590
0.166310 0.001610
0.166473 0.001630
0.166499 0.001630
0.166558 0.001640
0.166628 0.001650
0.166661 0.001650
0.166759 0.001650
0.166910 0.001650
0.166937 0.001660
0.167063 0.001660
0.167108 0.001690
0.167110 0.001690
0.167448 0.001691
0.167458 0.001720
0.167518 0.001720
0.167747 0.001770
0.167824 0.001780
0.167983 0.001789
0.167994 0.001790
0.168159 0.001800
0.168179 0.001810
0.168196 0.001810
0.168312 0.001840
0.168394 0.001848
0.168413 0.001860
0.168503 0.001870
0.168511 0.001880
0.168538 0.001880
0.168641 0.001930
0.168699 0.001940
0.168840 0.001940
0.168914 0.001950
0.169000 0.001960
0.169005 0.001960
0.169188 0.001984
0.169218 0.001987
0.169273 0.001990
0.169282 0.002000
0.169401 0.002010
0.169445 0.002020
0.169630 0.002040
0.169768 0.002050
0.169935 0.002060
0.169997 0.002070
0.170006 0.002070
0.170008 0.002080
0.170201 0.002090
0.170391 0.002090
0.170422 0.002100
0.170600 0.002101
0.170664 0.002110
0.170927 0.002110
0.171003 0.002110
0.171022 0.002110
0.171137 0.002120
0.171220 0.002160
0.171231 0.002170
0.171351 0.002180
0.171440 0.002180
0.171533 0.002180
0.171720 0.002190
0.171760 0.002190
0.171900 0.002200
0.172032 0.002210
0.172132 0.002240
0.172257 0.002250
0.172291 0.002250
0.172313 0.002290
0.172673 0.002310
0.172759 0.002320
0.172827 0.002321
0.172831 0.002330
0.172883 0.002330
0.173101 0.002330
0.173211 0.002340
0.173244 0.002340
0.173276 0.002348
0.173570 0.002350
0.173697 0.002360
0.173733 0.002370
0.173861 0.002370
0.174007 0.002410
0.174082 0.002440
0.174160 0.002470
0.174186 0.002480
0.174348 0.002490
0.174500 0.002500
0.174695 0.002510
0.174735 0.002530
0.174785 0.002540
0.174795 0.002540
0.174818 0.002540
0.174896 0.002540
0.174939 0.002550
0.175146 0.002550
0.175275 0.002550
0.175283 0.002550
0.175320 0.002570
0.175615 0.002586
0.175638 0.002590
0.175709 0.002620
0.175837 0.002630
0.175858 0.002650
0.176093 0.002680
0.176219 0.002680
0.176219 0.002750
0.176428 0.002780
0.176532 0.002790
0.176660 0.002800
0.176673 0.002820
0.176776 0.002830
0.176888 0.002870
0.176930 0.002870
0.177014 0.002870
0.177120 0.002880
0.177367 0.002940
0.177582 0.002960
0.177841 0.002990
0.178637 0.003000
0.178928 0.003009
0.179267 0.003040
0.179461 0.003043
0.179580 0.003090
0.179797 0.003100
0.179871 0.003100
0.179921 0.003103
0.180222 0.003110
0.180256 0.003130
0.180432 0.003150
0.180469 0.003160
0.180650 0.003190
0.180828 0.003240
0.180912 0.003244
0.181105 0.003270
0.181152 0.003270
0.181159 0.003290
0.181201 0.003340
0.181210 0.003357
0.181235 0.003360
0.181336 0.003380
0.181347 0.003390
0.181414 0.003390
0.181523 0.003400
0.181604 0.003410
0.181621 0.003435
0.181663 0.003490
0.181704 0.003500
0.181708 0.003500
0.181727 0.003510
0.181740 0.003550
0.181859 0.003570
0.181945 0.003580
0.182028 0.003590
0.182028 0.003590
0.182193 0.003590
0.182462 0.003600
0.182471 0.003620
0.182513 0.003640
0.182570 0.003650
0.182617 0.003654
0.182844 0.003720
0.183325 0.003760
0.183478 0.003790
0.183590 0.003790
0.183868 0.003800
0.183874 0.003820
0.184097 0.003840
0.184297 0.003880
0.184376 0.003890
0.184434 0.003958
0.184623 0.003960
0.184642 0.003990
0.184746 0.003990
0.184755 0.004000
0.184823 0.004008
0.185099 0.004010
0.185441 0.004020
0.185528 0.004040
0.185539 0.004060
0.185544 0.004064
0.185684 0.004093
0.185874 0.004130
0.185907 0.004130
0.186231 0.004150
0.186265 0.004190
0.186437 0.004210
0.186657 0.004240
0.186776 0.004260
0.186852 0.004260
0.187043 0.004270
0.187129 0.004270
0.187131 0.004310
0.187212 0.004310
0.187218 0.004340
0.187240 0.004340
0.187339 0.004350
0.187378 0.004357
0.187496 0.004360
0.187515 0.004370
0.187784 0.004400
0.187808 0.004410
0.187824 0.004420
0.187830 0.004440
0.187874 0.004484
0.187991 0.004500
0.188165 0.004540
0.188320 0.004540
0.188539 0.004600
0.189105 0.004620
0.189238 0.004640
0.189339 0.004650
0.189392 0.004658
0.189620 0.004680
0.189977 0.004690
0.190138 0.004690
0.190213 0.004709
0.190254 0.004710
0.190585 0.004720
0.190589 0.004770
0.190612 0.004786
0.190733 0.004825
0.190830 0.004840
0.190837 0.004840
0.191103 0.004890
0.191104 0.004900
0.191137 0.004910
0.191291 0.004920
0.191592 0.004960
0.191606 0.004980
0.191930 0.005059
0.191999 0.005080
0.192165 0.005083
0.192261 0.005100
0.192330 0.005100
0.192449 0.005110
0.192517 0.005145
0.192635 0.005150
0.192802 0.005200
0.192805 0.005250
0.192846 0.005260
0.193160 0.005270
0.193341 0.005300
0.193412 0.005320
0.193482 0.005340
0.193851 0.005350
0.193922 0.005350
0.193997 0.005420
0.194049 0.005450
0.194148 0.005460
0.194191 0.005540
0.194285 0.005550
0.194289 0.005550
0.194334 0.005590
0.194485 0.005600
0.194516 0.005610
0.194785 0.005640
0.194868 0.005650
0.195098 0.005690
0.195125 0.005690
0.195396 0.005691
0.195501 0.005700
0.195518 0.005710
0.195549 0.005780
0.195559 0.005790
0.195603 0.005820
0.195652 0.005830
0.195754 0.005939
0.195802 0.005940
0.195983 0.005960
0.196287 0.005980
0.196315 0.006028
0.196391 0.006036
0.196478 0.006050
0.196612 0.006110
0.197061 0.006170
0.197296 0.006190
0.197412 0.006191
0.197620 0.006210
0.197639 0.006211
0.197697 0.006270
0.197852 0.006290
0.198123 0.006320
0.198228 0.006330
0.198591 0.006360
0.198725 0.006390
0.198801 0.006390
0.198822 0.006400
0.198916 0.006410
0.199228 0.006501
0.199741 0.006503
0.199748 0.006560
0.199814 0.006560
0.199844 0.006590
0.200319 0.006606
0.200336 0.006630
0.200382 0.006700
0.200405 0.006730
0.200414 0.006740
0.200549 0.006750
0.200826 0.006770
0.201026 0.006790
0.201158 0.006810
0.201167 0.006810
0.201232 0.006842
0.201277 0.006854
0.201323 0.006860
0.201544 0.006873
0.201816 0.006900
0.202033 0.006931
0.202203 0.006980
0.202339 0.006990
0.202384 0.007020
0.202384 0.007040
0.202625 0.007080
0.202679 0.007080
0.202817 0.007130
0.202830 0.007140
0.202917 0.007150
0.203011 0.007180
0.203097 0.007290
0.203259 0.007293
0.203294 0.007297
0.203385 0.007310
0.203679 0.007330
0.203798 0.007382
0.203807 0.007400
0.203855 0.007410
0.204314 0.007416
0.204663 0.007440
0.204733 0.007450
0.204823 0.007471
0.204909 0.007490
0.204965 0.007560
0.205093 0.007560
0.205253 0.007580
0.205313 0.007580
0.205357 0.007585
0.205463 0.007630
0.205482 0.007710
0.205749 0.007720
0.206165 0.007760
0.206273 0.007770
0.206302 0.007790
0.206485 0.007828
0.206643 0.007850
0.206834 0.007860
0.206995 0.007890
0.207121 0.007930
0.207264 0.007930
0.207394 0.007980
0.207429 0.008020
0.207445 0.008030
0.207530 0.008030
0.207645 0.008040
0.207670 0.008066
0.207883 0.008090
0.207894 0.008150
0.207913 0.008150
0.208245 0.008160
0.208337 0.008170
0.208379 0.008180
0.208411 0.008180
0.208417 0.008200
0.208454 0.008206
0.208616 0.008264
0.208747 0.008330
0.208794 0.008333
0.208867 0.008380
0.209212 0.008393
0.209230 0.008440
0.209421 0.008490
0.209470 0.008490
0.209516 0.008493
0.209718 0.008495
0.209784 0.008504
0.209792 0.008520
0.210048 0.008560
0.210282 0.008580
0.210502 0.008580
0.210771 0.008620
0.210782 0.008670
0.210935 0.008750
0.211161 0.008750
0.211171 0.008820
0.211250 0.008850
0.211320 0.008860
0.211399 0.008870
0.211450 0.008880
0.211714 0.008910
0.211824 0.008910
0.212047 0.008930
0.212083 0.009000
0.212173 0.009030
0.212219 0.009030
0.212463 0.009070
0.212821 0.009100
0.212829 0.009104
0.212874 0.009120
0.212878 0.009137
0.213013 0.009223
0.213038 0.009225
0.213544 0.009260
0.213613 0.009270
0.213716 0.009320
0.213856 0.009350
0.213944 0.009370
0.214039 0.009510
0.214252 0.009510
0.214573 0.009560
0.214590 0.009560
0.214740 0.009583
0.214990 0.009658
0.215160 0.009680
0.215265 0.009730
0.215408 0.009730
0.215480 0.009824
0.215493 0.009880
0.215539 0.009900
0.215578 0.009900
0.215626 0.009910
0.215760 0.009910
0.215807 0.009990
0.215861 0.010030
0.215875 0.010065
0.215958 0.010100
0.216002 0.010120
0.216360 0.010120
0.216825 0.010138
0.217038 0.010210
0.217415 0.010230
0.217493 0.010231
0.217680 0.010270
0.217779 0.010280
0.217869 0.010310
0.217964 0.010320
0.218064 0.010320
0.218190 0.010402
0.218546 0.010450
0.218622 0.010490
0.218802 0.010500
0.218816 0.010540
0.218836 0.010580
0.218900 0.010590
0.219145 0.010680
0.219438 0.010705
0.219704 0.010720
0.219728 0.010720
0.219763 0.010730
0.219769 0.010770
0.220114 0.010790
0.220359 0.010804
0.220589 0.010858
0.220596 0.010860
0.220619 0.010900
0.220940 0.010940
0.221094 0.010950
0.221252 0.010950
0.221491 0.010970
0.221729 0.011030
0.221742 0.011030
0.222215 0.011040
0.222312 0.011103
0.222492 0.011140
0.222560 0.011160
0.222560 0.011193
0.222731 0.011198
0.222746 0.011213
0.222859 0.011230
0.222867 0.011260
0.222918 0.011268
0.222992 0.011370
0.223082 0.011395
0.223188 0.011400
0.223308 0.011440
0.223374 0.011490
0.223403 0.011576
0.223700 0.011620
0.223702 0.011690
0.223815 0.011714
0.223939 0.011720
0.224076 0.011770
0.224098 0.011770
0.224157 0.011810
0.224269 0.011860
0.224874 0.011870
0.225997 0.011890
0.226374 0.012000
0.226418 0.012010
0.226736 0.012020
0.226738 0.012050
0.226883 0.012060
0.226956 0.012060
0.227095 0.012070
0.227411 0.012193
0.227560 0.012280
0.227633 0.012289
0.227651 0.012310
0.227757 0.012370
0.228009 0.012390
0.228495 0.012420
0.228517 0.012480
0.228704 0.012480
0.228786 0.012670
0.228789 0.012680
0.228858 0.012683
0.229112 0.012723
0.229134 0.012730
0.229510 0.012860
0.229809 0.012864
0.229834 0.012870
0.229881 0.012913
0.229960 0.012960
0.229984 0.012967
0.230058 0.012970
0.230321 0.013012
0.230350 0.013020
0.230518 0.013060
0.230721 0.013079
0.230838 0.013120
0.230857 0.013120
0.231143 0.013130
0.231177 0.013156
0.231264 0.013160
0.231371 0.013244
0.231400 0.013280
0.231453 0.013290
0.231497 0.013370
0.231737 0.013400
0.231768 0.013410
0.231837 0.013410
0.232056 0.013460
0.232160 0.013491
0.232533 0.013500
0.232712 0.013560
0.232719 0.013570
0.232917 0.013643
0.233090 0.013660
0.233650 0.013740
0.233847 0.013759
0.234044 0.013771
0.234075 0.013800
0.234080 0.013840
0.234099 0.013940
0.234163 0.013970
0.234250 0.014010
0.234502 0.014040
0.234671 0.014051
0.234985 0.014180
0.235126 0.014213
0.235133 0.014270
0.235224 0.014348
0.235550 0.014353
0.235621 0.014380
0.235988 0.014460
0.235990 0.014470
0.236339 0.014490
0.236419 0.014495
0.236777 0.014574
0.236870 0.014611
0.237134 0.014660
0.237307 0.014709
0.237494 0.014710
0.237510 0.014730
0.237556 0.014790
0.237576 0.014790
0.237606 0.014970
0.237608 0.015020
0.237612 0.015140
0.237630 0.015180
0.237793 0.015185
0.237798 0.015240
0.237895 0.015262
0.238084 0.015278
0.238123 0.015310
0.238133 0.015315
0.238201 0.015400
0.238292 0.015431
0.238293 0.015440
0.238383 0.015470
0.238667 0.015483
0.238671 0.015500
0.238784 0.015505
0.238869 0.015530
0.238909 0.015550
0.238985 0.015560
0.239502 0.015568
0.239719 0.015570
0.239821 0.015600
0.239915 0.015628
0.240077 0.015650
0.240114 0.015725
0.240122 0.015830
0.240224 0.015940
0.240497 0.016120
0.240574 0.016225
0.240587 0.016230
0.240595 0.016245
0.240799 0.016280
0.240804 0.016340
0.240857 0.016421
0.241315 0.016450
0.241635 0.016471
0.241698 0.016560
0.241901 0.016575
0.241920 0.016623
0.241921 0.016630
0.242170 0.016690
0.242222 0.016726
0.242251 0.016750
0.242304 0.016760
0.242329 0.016845
0.242490 0.016850
0.242737 0.016915
0.242969 0.016930
0.243051 0.017090
0.243119 0.017120
0.243153 0.017160
0.243699 0.017186
0.243715 0.017300
0.243817 0.017340
0.243982 0.017370
0.244344 0.017520
0.244569 0.017640
0.244596 0.017650
0.244608 0.017930
0.244648 0.018094
0.245581 0.018096
0.246076 0.018200
0.246207 0.018315
0.246494 0.018360
0.246522 0.018370
0.246568 0.018491
0.246581 0.018535
0.246859 0.018680
0.246898 0.018990
0.246930 0.019130
0.247213 0.019130
0.247310 0.019213
0.247618 0.019310
0.247675 0.019374
0.248113 0.019510
0.248357 0.019545
0.248715 0.019595
0.248838 0.019640
0.249030 0.019710
0.249046 0.020015
0.249417 0.020213
0.249509 0.020260
0.249581 0.020270
0.250165 0.020416
0.250467 0.020438
0.250731 0.020460
0.250761 0.020550
0.250804 0.020590
0.251202 0.020740
0.251389 0.020750
0.251490 0.020780
0.251799 0.020795
0.251941 0.020900
0.251987 0.020930
0.252269 0.021170
0.252382 0.021190
0.252661 0.021370
0.252882 0.021389
0.253314 0.021406
0.253346 0.021730
0.253466 0.021780
0.253716 0.021820
0.253869 0.021820
0.254078 0.022060
0.254159 0.022065
0.254287 0.022110
0.254369 0.022208
0.254738 0.022230
0.254755 0.022236
0.254763 0.022249
0.254782 0.022280
0.254787 0.022298
0.254966 0.022360
0.254967 0.022416
0.255046 0.022721
0.255076 0.022740
0.255121 0.022780
0.255762 0.022800
0.255775 0.022910
0.255911 0.022970
0.256038 0.023020
0.256068 0.023040
0.256166 0.023066
0.256483 0.023130
0.256525 0.023160
0.256722 0.023178
0.256956 0.023243
0.257108 0.023327
0.257225 0.023330
0.257306 0.023415
0.257355 0.023473
0.257660 0.023510
0.257821 0.023520
0.258023 0.023630
0.258163 0.023660
0.258199 0.023711
0.258307 0.023787
0.258587 0.024220
0.258676 0.024468
0.258802 0.024680
0.258892 0.024694
0.258895 0.024860
0.258907 0.024970
0.258962 0.024980
0.259144 0.025120
0.259280 0.025260
0.259332 0.025311
0.259375 0.025420
0.259382 0.025445
0.259459 0.025456
0.259474 0.025500
0.259634 0.025580
0.259652 0.026160
0.259712 0.026180
0.259835 0.026240
0.259888 0.026390
0.260109 0.026578
0.260466 0.026770
0.260575 0.026806
0.260633 0.026880
0.260640 0.026890
0.260713 0.026963
0.261031 0.027170
0.261054 0.027321
0.261058 0.027460
0.261067 0.027480
0.261509 0.027488
0.261550 0.027920
0.261587 0.027950
0.261852 0.028030
0.262427 0.028370
0.263067 0.028430
0.263071 0.028440
0.263368 0.028540
0.263433 0.028760
0.263632 0.028990
0.263912 0.029081
0.264028 0.029180
0.264168 0.029244
0.264186 0.029477
0.264277 0.029568
0.264309 0.029990
0.264324 0.030110
0.264353 0.030138
0.264357 0.030174
0.264405 0.030500
0.264496 0.030541
0.265340 0.030856
0.265372 0.030915
0.265544 0.030982
0.265618 0.031110
0.265626 0.031513
0.266182 0.031513
0.266211 0.031560
0.266286 0.031570
0.266325 0.031675
0.266551 0.031753
0.266701 0.031786
0.266727 0.031860
0.266752 0.031892
0.266879 0.032108
0.266928 0.032168
0.267257 0.032290
0.267857 0.032300
0.267909 0.032550
0.267955 0.032569
0.268155 0.032750
0.268192 0.032931
0.268573 0.032960
0.268976 0.033061
0.269151 0.033191
0.269424 0.033520
0.269578 0.033664
0.270025 0.033763
0.270577 0.033900
0.270678 0.034094
0.271031 0.034250
0.271214 0.034250
0.271333 0.034420
0.271376 0.034490
0.271386 0.034629
0.271620 0.034653
0.271632 0.034920
0.271847 0.035050
0.271861 0.035068
0.272005 0.035111
0.272043 0.035493
0.272200 0.035984
0.272285 0.036180
0.272289 0.036188
0.272456 0.036296
0.272579 0.036318
0.272946 0.036622
0.273136 0.036729
0.273153 0.036862
0.273293 0.037048
0.273311 0.037300
0.273594 0.037655
0.273621 0.037778
0.273951 0.037878
0.274044 0.037911
0.274068 0.038027
0.274099 0.038030
0.274460 0.038220
0.274589 0.038230
0.275059 0.038257
0.275096 0.038380
0.275343 0.038479
0.275565 0.038840
0.275844 0.038850
0.276036 0.039100
0.276163 0.039650
0.276219 0.039850
0.276292 0.040226
0.276507 0.040450
0.276552 0.040532
0.277041 0.040779
0.277247 0.040822
0.277258 0.041131
0.277431 0.041498
0.277493 0.041528
0.277534 0.041730
0.277822 0.041910
0.278244 0.042110
0.278263 0.042127
0.278567 0.042280
0.278775 0.042334
0.279028 0.042366
0.279165 0.042599
0.279346 0.042810
0.279361 0.042873
0.279381 0.043022
0.279616 0.043330
0.279920 0.043436
0.280138 0.044028
0.280279 0.044081
0.280405 0.044589
0.280424 0.044880
0.280469 0.045190
0.280666 0.045344
0.281004 0.045486
0.281086 0.046484
0.281261 0.046486
0.281834 0.046698
0.281893 0.046727
0.281925 0.047721
0.282243 0.047784
0.282275 0.047911
0.282335 0.047960
0.282488 0.048420
0.282489 0.049040
0.282536 0.049296
0.282610 0.049312
0.282641 0.049455
0.283061 0.050170
0.283175 0.050404
0.283590 0.050484
0.283612 0.050599
0.283640 0.050658
0.283708 0.050736
0.283717 0.050840
0.283795 0.050943
0.284012 0.050950
0.284042 0.051164
0.284106 0.051900
0.284283 0.051926
0.284686 0.051993
0.285163 0.052091
0.285444 0.052103
0.285579 0.052718
0.285655 0.052886
0.285693 0.053295
0.285745 0.053617
0.286486 0.053621
0.286528 0.053780
0.286540 0.053800
0.286770 0.053821
0.286991 0.054091
0.287020 0.054135
0.287048 0.054337
0.287399 0.054560
0.287553 0.054967
0.288025 0.055204
0.288366 0.055285
0.288412 0.055433
0.288437 0.055500
0.288841 0.055607
0.289020 0.055675
0.289207 0.055710
0.289804 0.055733
0.290136 0.055920
0.290391 0.055978
0.290400 0.056466
0.290442 0.056501
0.290579 0.056544
0.290803 0.056628
0.290972 0.056785
0.291318 0.056830
0.291560 0.057163
0.291945 0.057402
0.292200 0.057423
0.292552 0.057803
0.292958 0.058101
0.293115 0.058180
0.293302 0.058547
0.293339 0.058800
0.293392 0.059010
0.293434 0.059100
0.293469 0.059440
0.293678 0.059450
0.293933 0.059821
0.294093 0.060522
0.294251 0.060606
0.294321 0.060754
0.294562 0.060870
0.294909 0.060873
0.295615 0.060990
0.295831 0.061030
0.295980 0.061180
0.296079 0.061468
0.296311 0.062058
0.296455 0.062069
0.296624 0.062117
0.296852 0.062792
0.297032 0.062813
0.297125 0.063151
0.297517 0.063383
0.297907 0.063390
0.297992 0.063641
0.298793 0.063696
0.299086 0.064594
0.299093 0.064701
0.299204 0.065721
0.299333 0.065780
0.299351 0.066019
0.299400 0.066520
0.299529 0.066993
0.299588 0.067387
0.299632 0.067520
0.299665 0.067755
0.299691 0.067820
0.299933 0.067932
0.300023 0.067980
0.300104 0.068588
0.300181 0.069550
0.300181 0.069598
0.300650 0.070081
0.300660 0.070780
0.301437 0.070890
0.301940 0.072849
0.303179 0.073453
0.303267 0.073493
0.303379 0.074600
0.303528 0.075368
0.303552 0.075537
0.303941 0.075710
0.304437 0.075832
0.304649 0.076084
0.304656 0.076710
0.304796 0.076973
0.305067 0.077025
0.305223 0.077684
0.305596 0.077820
0.305747 0.077869
0.305839 0.078004
0.306371 0.078538
0.306520 0.079550
0.306708 0.080240
0.306791 0.080364
0.306893 0.080504
0.307068 0.080810
0.307086 0.081220
0.307121 0.081690
0.307287 0.082359
0.307384 0.083333
0.307565 0.083409
0.307616 0.083547
0.307799 0.083618
0.307978 0.083652
0.308029 0.083732
0.308530 0.084336
0.309012 0.084356
0.309077 0.084620
0.309189 0.085039
0.309769 0.086292
0.309893 0.086492
0.309942 0.087717
0.309974 0.087870
0.310020 0.088560
0.310063 0.088695
0.310090 0.088784
0.310136 0.088879
0.310152 0.089263
0.310389 0.089476
0.310552 0.090470
0.310570 0.090580
0.310764 0.090711
0.311420 0.090814
0.311747 0.092358
0.312083 0.093353
0.312475 0.093712
0.312531 0.095251
0.312975 0.095298
0.313512 0.095600
0.313778 0.097390
0.314090 0.097650
0.314268 0.097974
0.314633 0.098069
0.315042 0.098430
0.315407 0.098551
0.315845 0.098606
0.316085 0.098819
0.316382 0.099010
0.316720 0.100004
0.316828 0.102580
0.317417 0.103563
0.317483 0.103788
0.317611 0.106024
0.317668 0.108070
0.317673 0.108903
0.317886 0.108945
0.318139 0.108975
0.318263 0.109165
0.318665 0.112489
0.318770 0.114490
0.319131 0.114504
0.319322 0.115454
0.319610 0.115509
0.320192 0.116401
0.320254 0.117783
0.320941 0.119126
0.321439 0.120325
0.321788 0.120481
0.322076 0.121656
0.323379 0.122188
0.323615 0.122372
0.323631 0.127114
0.323946 0.127315
0.324085 0.128008
0.324402 0.130921
0.324874 0.133230
0.324921 0.133402
0.324937 0.134127
0.325091 0.135828
0.325534 0.136573
0.325740 0.137333
0.326184 0.137418
0.326218 0.138445
0.326546 0.139184
0.326837 0.140244
0.326956 0.141414
0.327039 0.144726
0.327763 0.144729
0.327996 0.146083
0.328855 0.146897
0.328866 0.147498
0.328979 0.147689
0.329444 0.148286
0.330174 0.149792
0.330890 0.150860
0.330983 0.152820
0.331610 0.153299
0.331838 0.155696
0.331869 0.157128
0.332030 0.157717
0.332810 0.158056
0.333639 0.158613
0.334784 0.161664
0.335068 0.162105
0.335183 0.164994
0.335898 0.167450
0.336344 0.168289
0.336958 0.168851
0.337391 0.172785
0.337582 0.174757
0.337723 0.176093
0.337810 0.176445
0.338517 0.176454
0.338524 0.180748
0.338805 0.180926
0.339060 0.181934
0.340464 0.182162
0.341418 0.183564
0.341712 0.184148
0.342867 0.185117
0.343399 0.185308
0.343690 0.186878
0.344189 0.190354
0.344599 0.191803
0.345991 0.194148
0.346241 0.194736
0.346431 0.203636
0.347288 0.203840
0.347586 0.208955
0.349060 0.210021
0.349365 0.210174
0.350248 0.211096
0.350263 0.215074
0.353444 0.228832
0.354201 0.231125
0.355990 0.232560
0.357591 0.233457
0.357592 0.234483
0.357794 0.237284
0.358207 0.239993
0.359190 0.241320
0.360906 0.241506
0.361130 0.243068
0.361647 0.254186
0.363673 0.254298
0.363707 0.260542
0.364317 0.264974
0.364420 0.269928
0.364633 0.274524
0.364716 0.280265
0.365611 0.293504
0.367405 0.295646
0.367974 0.319285
0.370163 0.322386
0.372075 0.323301
0.372447 0.325689
0.375175 0.329883
0.393971 0.331782
