3 : N F V 
N 100000 F 10000 V 0   -1.06434 0.001973    -1.757487 0.001973    0.1938667 0.0001797    0 0    0 0    
N 100000 F 10000 V 0.125   -1.064338 0.001975    -1.761571 0.001978    0.1938667 0.0001797    0.001483297 4.107e-06    0.04636963 0.0001187    
N 100000 F 10000 V 0.25   -1.064344 0.001976    -1.773757 0.001994    0.1938661 0.0001797    0.005815871 1.522e-05    0.09197467 0.0002308    
N 100000 F 10000 V 0.5   -1.064466 0.001983    -1.821549 0.002055    0.1938553 0.0001799    0.0216196 4.803e-05    0.1783768 0.0004213    
N 100000 F 10000 V 1   -1.066165 0.002011    -2.000439 0.002307    0.1937165 0.0001807    0.06888835 0.0001247    0.3234878 0.0006892    
N 100000 F 10000 V 2   -1.081785 0.002113    -2.602818 0.003284    0.1924946 0.0001837    0.1630205 0.000282    0.5148049 0.00101    
N 100000 F 10000 V 4   -1.179207 0.002441    -4.373565 0.006392    0.1856788 0.0001956    0.2723352 0.000387    0.7231732 0.001305    
N 100000 F 10000 V 6   -1.371929 0.002761    -6.623595 0.01005    0.1745581 0.0002038    0.322939 0.0003556    0.8719715 0.001369    
N 100000 F 10000 V 8   -1.666224 0.002881    -9.277485 0.01364    0.1611215 0.0001854    0.3498303 0.0003231    1.011839 0.00132    
N 100000 F 10000 V 10   -2.068794 0.002978    -12.34407 0.01706    0.1468395 0.0001578    0.3656842 0.000359    1.153445 0.001303    
