3 : N F V 
N 100000 F 10000 V 0   -1.417418 0.002991    -2.110564 0.002991    0.2069964 0.0002338    0 0    0 0    
N 100000 F 10000 V 0.125   -1.417416 0.002991    -2.114969 0.002988    0.2069962 0.0002338    0.001596507 8.082e-06    0.04999717 0.0002045    
N 100000 F 10000 V 0.25   -1.417426 0.00299    -2.128108 0.002978    0.2069953 0.000234    0.006256127 3.099e-05    0.09917736 0.0004005    
N 100000 F 10000 V 0.5   -1.417601 0.002989    -2.17965 0.002954    0.2069807 0.0002346    0.02320903 0.0001073    0.1924082 0.0007429    
N 100000 F 10000 V 1   -1.419865 0.002983    -2.372771 0.002974    0.2067985 0.0002373    0.07355493 0.0002929    0.3494819 0.001198    
N 100000 F 10000 V 2   -1.440297 0.002955    -3.025757 0.003859    0.205215 0.000248    0.1724716 0.0005564    0.5598565 0.001566    
N 100000 F 10000 V 4   -1.566857 0.003073    -4.970937 0.008139    0.196463 0.0002924    0.285138 0.0006267    0.8015267 0.001917    
N 100000 F 10000 V 6   -1.816771 0.003914    -7.491275 0.01392    0.1824479 0.0003302    0.3363671 0.0005672    0.9844023 0.002323    
N 100000 F 10000 V 8   -2.19611 0.00506    -10.52376 0.02055    0.1660057 0.0003399    0.3631991 0.0006158    1.15927 0.002563    
N 100000 F 10000 V 10   -2.709483 0.006022    -14.11031 0.02724    0.1491876 0.0003213    0.3792772 0.0005953    1.334378 0.002346    
