3 : N F V 
N 100000 F 10000 V 0   -1.613514 0.004023    -2.306662 0.004022    0.2381669 0.0003352    0 0    0 0    
N 100000 F 10000 V 0.125   -1.613513 0.004023    -2.311491 0.004019    0.2381668 0.0003352    0.001831573 1.011e-05    0.05482906 0.0002021    
N 100000 F 10000 V 0.25   -1.613531 0.004025    -2.325898 0.004007    0.2381656 0.0003354    0.007166528 3.847e-05    0.1087235 0.0003918    
N 100000 F 10000 V 0.5   -1.613776 0.004034    -2.382368 0.003968    0.2381453 0.000336    0.0264554 0.00013    0.2106937 0.0007033    
N 100000 F 10000 V 1   -1.616778 0.00407    -2.5936 0.003908    0.2378823 0.0003391    0.08285841 0.0003362    0.3819147 0.001043    
N 100000 F 10000 V 2   -1.642991 0.004222    -3.307354 0.004284    0.2356223 0.0003514    0.1909832 0.000563    0.6124202 0.001162    
N 100000 F 10000 V 4   -1.802177 0.004871    -5.449981 0.006779    0.223428 0.0003899    0.3107466 0.0004956    0.8884022 0.00115    
N 100000 F 10000 V 6   -2.11488 0.005702    -8.271466 0.009963    0.2042392 0.0004182    0.3637276 0.0003708    1.108737 0.001258    
N 100000 F 10000 V 8   -2.589212 0.006273    -11.73783 0.01353    0.182326 0.0004439    0.3914275 0.0003456    1.322643 0.001438    
N 100000 F 10000 V 10   -3.224946 0.007159    -15.93824 0.01783    0.1611192 0.0004908    0.4085234 0.0004312    1.5312 0.001879    
