3 : N F V 
N 100000 F 10000 V 0   -0.6768812 0.001721    -1.37003 0.001722    0.379814 0.0002849    0 0    0 0    
N 100000 F 10000 V 0.125   -0.6768782 0.001723    -1.389031 0.001711    0.3798142 0.0002852    0.009989452 4.365e-05    0.1146156 0.0004406    
N 100000 F 10000 V 0.25   -0.6769818 0.001727    -1.444514 0.001699    0.3797957 0.0002861    0.03658635 0.0001496    0.2204093 0.0008182    
N 100000 F 10000 V 0.5   -0.678548 0.001747    -1.648781 0.001854    0.3795264 0.0002895    0.1123329 0.0003976    0.3905155 0.001314    
N 100000 F 10000 V 1   -0.6925759 0.001832    -2.313484 0.003224    0.3772114 0.0002999    0.2515013 0.0006981    0.5962777 0.00164    
N 100000 F 10000 V 2   -0.7766979 0.002109    -4.179197 0.007332    0.3650007 0.0003308    0.4008861 0.0007816    0.7978052 0.001653    
N 100000 F 10000 V 4   -1.186987 0.003331    -9.091564 0.01544    0.3228179 0.0004193    0.5026589 0.0007008    1.060306 0.001515    
N 100000 F 10000 V 6   -1.958444 0.005185    -15.37355 0.02023    0.273231 0.0005394    0.5366053 0.0007433    1.321055 0.001339    
N 100000 F 10000 V 8   -3.132015 0.0096    -23.22604 0.02244    0.2268064 0.0005886    0.5527283 0.0005427    1.59367 0.001613    
N 100000 F 10000 V 10   -4.703776 0.01411    -33.04302 0.02864    0.188459 0.0004745    0.5634019 0.0003404    1.857935 0.001422    
