3 : N F V 
N 100000 F 10000 V 0   -0.7707986 0.003054    -1.463944 0.003054    0.3824744 0.0003443    0 0    0 0    
N 100000 F 10000 V 0.125   -0.7708105 0.003057    -1.483273 0.003055    0.3824729 0.0003446    0.010063707 5.099e-05    0.1165934 0.0004714    
N 100000 F 10000 V 0.25   -0.7709686 0.003066    -1.539734 0.003071    0.3824476 0.0003455    0.03686599 0.0001703    0.2243676 0.0008526    
N 100000 F 10000 V 0.5   -0.7728577 0.003096    -1.747902 0.003255    0.3821385 0.000349    0.1132508 0.0004153    0.3983872 0.001277    
N 100000 F 10000 V 1   -0.7889015 0.003188    -2.427892 0.004372    0.3795658 0.0003604    0.2537361 0.0006115    0.6115266 0.001424    
N 100000 F 10000 V 2   -0.8839108 0.003444    -4.352003 0.007653    0.3660903 0.000388    0.4044008 0.0005497    0.8267469 0.001335    
N 100000 F 10000 V 4   -1.345028 0.004718    -9.488275 0.01536    0.3199881 0.0005173    0.5056269 0.0002738    1.116859 0.001959    
N 100000 F 10000 V 6   -2.211549 0.007762    -16.16574 0.02569    0.2673029 0.0004199    0.5393909 0.0005364    1.406384 0.002077    
N 100000 F 10000 V 8   -3.517878 0.007473    -24.68981 0.03655    0.2195695 0.0002588    0.5547217 0.0005318    1.704437 0.001601    
N 100000 F 10000 V 10   -5.233181 0.005853    -35.50599 0.04759    0.1816445 0.0003084    0.5667392 0.0003737    1.978708 0.001894    
