3 : N F V 
N 100000 F 10000 V 0   -1.072896 0.00185    -1.766044 0.00185    0.4044477 0.0002798    0 0    0 0    
N 100000 F 10000 V 0.125   -1.072914 0.001847    -1.786712 0.001868    0.404445 0.0002794    0.01061472 3.778e-05    0.1246808 0.0003083    
N 100000 F 10000 V 0.25   -1.073136 0.00184    -1.84711 0.001927    0.4044079 0.0002783    0.03880156 0.0001376    0.2401077 0.0005921    
N 100000 F 10000 V 0.5   -1.07577 0.001819    -2.070233 0.002213    0.4039727 0.0002744    0.1186443 0.0004012    0.4277165 0.001023    
N 100000 F 10000 V 1   -1.097899 0.001767    -2.804367 0.003491    0.4004352 0.0002681    0.2640515 0.0007626    0.66382 0.001384    
N 100000 F 10000 V 2   -1.228615 0.001844    -4.922581 0.006938    0.3821219 0.0003018    0.4175045 0.0008575    0.9220439 0.001351    
N 100000 F 10000 V 4   -1.869009 0.004697    -10.81682 0.01285    0.3208474 0.0005188    0.5186416 0.0007757    1.309161 0.001716    
N 100000 F 10000 V 6   -3.070664 0.008764    -18.9611 0.02004    0.2557724 0.0006087    0.5528831 0.0008185    1.699121 0.001536    
N 100000 F 10000 V 8   -4.799178 0.0115    -30.00928 0.02896    0.2051049 0.000572    0.5733756 0.0005755    2.049664 0.001473    
N 100000 F 10000 V 10   -6.836262 0.01411    -44.08462 0.03494    0.1725377 0.0005278    0.5924235 0.0005484    2.304802 0.001762    
