0 0.322384 0.012467140754277 
0.00048828125 0.304544 0.012024469553205 
0.0009765625 0.316024 0.012275643551877 
0.00146484375 0.307104 0.01209513446891 
0.001953125 0.299464 0.011902979748243 
0.00244140625 0.313608 0.01235140286011 
0.0029296875 0.310552 0.012167471470103 
0.00341796875 0.307136 0.012175118813302 
0.00390625 0.309752 0.011955779028037 
0.00439453125 0.307752 0.011997011918191 
0.0048828125 0.311624 0.012421512382032 
0.00537109375 0.31268 0.01245174245541 
0.005859375 0.311456 0.012824230149636 
0.00634765625 0.312664 0.012305011483062 
0.0068359375 0.315648 0.012095225664813 
0.00732421875 0.29504 0.011703618659978 
0.0078125 0.306144 0.012129945062981 
0.00830078125 0.303992 0.011844751746554 
0.0087890625 0.304632 0.012159018654999 
0.00927734375 0.299896 0.012024438786152 
0.009765625 0.296688 0.011903318123899 
0.01025390625 0.316352 0.012487286361046 
0.0107421875 0.293048 0.011573088994599 
0.01123046875 0.311336 0.01208238282646 
0.01171875 0.3062 0.012014694886842 
0.01220703125 0.31416 0.012661411734873 
0.0126953125 0.303832 0.011834881733303 
0.01318359375 0.296288 0.011498079600703 
0.013671875 0.305112 0.012423065931325 
0.01416015625 0.311152 0.012206584719017 
0.0146484375 0.309024 0.011874663679801 
0.01513671875 0.308216 0.01178466079629 
0.015625 0.314224 0.012126032395572 
0.01611328125 0.299864 0.011602013899645 
0.0166015625 0.296104 0.011871945487973 
0.01708984375 0.301136 0.011694895549279 
0.017578125 0.312048 0.012209400696181 
0.01806640625 0.307016 0.011999759102441 
0.0185546875 0.314216 0.012202235438988 
0.01904296875 0.299184 0.011986004286947 
0.01953125 0.312976 0.012159196695048 
0.02001953125 0.314336 0.011905430832504 
0.0205078125 0.314448 0.012452296868219 
0.02099609375 0.309128 0.012233964066099 
0.021484375 0.308104 0.012073077899459 
0.02197265625 0.307912 0.01191695179533 
0.0224609375 0.320096 0.012153810333107 
0.02294921875 0.289768 0.011484866880338 
0.0234375 0.31564 0.01191078868622 
0.02392578125 0.315208 0.011972524490975 
0.0244140625 0.304528 0.01184897861352 
0.02490234375 0.313264 0.012134727193383 
0.025390625 0.29572 0.011360958845322 
0.02587890625 0.311424 0.011824309762581 
0.0263671875 0.298784 0.011196075833503 
0.02685546875 0.304696 0.01214571031693 
0.02734375 0.321496 0.012346029425402 
0.02783203125 0.307936 0.011863484051614 
0.0283203125 0.308704 0.011810692343792 
0.02880859375 0.320248 0.012447649294723 
0.029296875 0.308512 0.011908953576106 
0.02978515625 0.299552 0.01153243979471 
0.0302734375 0.311808 0.011636342637233 
0.03076171875 0.314912 0.012233657076341 
0.03125 0.31104 0.011989385577827 
0.03173828125 0.306304 0.011737987683207 
0.0322265625 0.301984 0.011538231433488 
0.03271484375 0.2944 0.011275136347216 
0.033203125 0.304608 0.011355430112964 
0.03369140625 0.296792 0.01135888256204 
0.0341796875 0.302496 0.011559361888193 
0.03466796875 0.298992 0.011190828158775 
0.03515625 0.318688 0.012061072241274 
0.03564453125 0.296944 0.011237915296904 
0.0361328125 0.320648 0.012207498682932 
0.03662109375 0.305552 0.011764206401336 
0.037109375 0.298104 0.011159819793744 
0.03759765625 0.326168 0.012099778852968 
0.0380859375 0.312736 0.011918936907308 
0.03857421875 0.318032 0.011980800526213 
0.0390625 0.314368 0.011669874002761 
0.03955078125 0.307648 0.011847563782792 
0.0400390625 0.30892 0.011599272058118 
0.04052734375 0.302008 0.011505970614747 
0.041015625 0.31916 0.01210950823523 
0.04150390625 0.320392 0.011873561338426 
0.0419921875 0.301 0.011475888293711 
0.04248046875 0.324448 0.011997196310742 
0.04296875 0.312952 0.011544880256595 
0.04345703125 0.324384 0.012092772697196 
0.0439453125 0.325552 0.011981004931231 
0.04443359375 0.316912 0.01151277351823 
0.044921875 0.316936 0.01174410427967 
0.04541015625 0.304888 0.011576755678271 
0.0458984375 0.314136 0.011541414501033 
0.04638671875 0.317296 0.011859563103597 
0.046875 0.303304 0.011762189651348 
0.04736328125 0.298648 0.011107012771864 
0.0478515625 0.319368 0.012079591823522 
0.04833984375 0.33908 0.012570864868124 
0.048828125 0.307024 0.011473392579431 
0.04931640625 0.318064 0.011852061404026 
0.0498046875 0.314536 0.011731367931239 
0.05029296875 0.306824 0.01152465125914 
0.05078125 0.312856 0.01145463841374 
0.05126953125 0.310432 0.011719381620338 
0.0517578125 0.30948 0.011808743567146 
0.05224609375 0.321072 0.011912942033442 
0.052734375 0.309224 0.011740231718606 
0.05322265625 0.305488 0.011451089588386 
0.0537109375 0.319488 0.012028907969498 
0.05419921875 0.325696 0.011681826957813 
0.0546875 0.325616 0.011835677586221 
0.05517578125 0.308888 0.01185587457395 
0.0556640625 0.3204 0.011581223854969 
0.05615234375 0.313312 0.011524028629955 
0.056640625 0.311696 0.011630592074622 
0.05712890625 0.319808 0.011656972234624 
0.0576171875 0.32028 0.011778677838107 
0.05810546875 0.309512 0.011207840318357 
0.05859375 0.315176 0.011834500197036 
0.05908203125 0.308384 0.011452435116571 
0.0595703125 0.310704 0.01145104751474 
0.06005859375 0.315632 0.01173787026996 
0.060546875 0.315384 0.011756924386144 
0.06103515625 0.316904 0.011656896635267 
0.0615234375 0.303168 0.01132584641175 
0.06201171875 0.314776 0.01137618167443 
0.0625 0.318352 0.011690913083605 
0.06298828125 0.324232 0.012021560642762 
0.0634765625 0.303944 0.011231185691177 
0.06396484375 0.301208 0.01100375176234 
0.064453125 0.315856 0.011439181399209 
0.06494140625 0.321 0.011520735392923 
0.0654296875 0.314264 0.011481555397721 
0.06591796875 0.31736 0.011587478698447 
0.06640625 0.325712 0.011431997292723 
0.06689453125 0.31848 0.011409935304368 
0.0673828125 0.332056 0.011685159171481 
0.06787109375 0.311872 0.011171192857599 
0.068359375 0.316552 0.011519725409215 
0.06884765625 0.317704 0.011493469026852 
0.0693359375 0.301328 0.01115799965433 
0.06982421875 0.335176 0.011843383725902 
0.0703125 0.326064 0.011540290233478 
0.07080078125 0.322128 0.011541171769844 
0.0712890625 0.323056 0.011366640526202 
0.07177734375 0.316512 0.011103467502573 
0.072265625 0.317448 0.011663743041301 
0.07275390625 0.31624 0.011587327440686 
0.0732421875 0.326592 0.011539526571228 
0.07373046875 0.31564 0.011344557788584 
0.07421875 0.324784 0.011738843222266 
0.07470703125 0.3222 0.011597165437724 
0.0751953125 0.30892 0.011042037853273 
0.07568359375 0.319784 0.011473305119834 
0.076171875 0.307824 0.010963267322319 
0.07666015625 0.312424 0.010984553188326 
0.0771484375 0.318392 0.011071736001704 
0.07763671875 0.335856 0.011857133823253 
0.078125 0.308008 0.011060640721389 
0.07861328125 0.32064 0.011421169569774 
0.0791015625 0.334456 0.011909064509229 
0.07958984375 0.322632 0.011449840892598 
0.080078125 0.334104 0.011499654987502 
0.08056640625 0.317736 0.011354348842336 
0.0810546875 0.329456 0.011789082488716 
0.08154296875 0.317256 0.01131391517565 
0.08203125 0.315784 0.011440811620209 
0.08251953125 0.322464 0.011349793119464 
0.0830078125 0.328328 0.011520379133833 
0.08349609375 0.33976 0.012064768557411 
0.083984375 0.312672 0.011272686532986 
0.08447265625 0.333216 0.011633047873321 
0.0849609375 0.320312 0.011210836937717 
0.08544921875 0.313744 0.011065755478056 
0.0859375 0.317512 0.011507215604971 
0.08642578125 0.319584 0.011207781962361 
0.0869140625 0.31624 0.010921799919511 
0.08740234375 0.329208 0.011492547550363 
0.087890625 0.318168 0.011162173917105 
0.08837890625 0.326576 0.011320411969908 
0.0888671875 0.322856 0.011221423858542 
0.08935546875 0.33112 0.011455650132958 
0.08984375 0.327488 0.011223862196974 
0.09033203125 0.32996 0.01150026782025 
0.0908203125 0.3196 0.010994542111107 
0.09130859375 0.320344 0.011135958109231 
0.091796875 0.321256 0.010810425814244 
0.09228515625 0.327776 0.011567470618758 
0.0927734375 0.321944 0.011328416564625 
0.09326171875 0.331704 0.011427907649991 
0.09375 0.31796 0.011137400601621 
0.09423828125 0.33996 0.011655793568874 
0.0947265625 0.327144 0.011447894166765 
0.09521484375 0.337432 0.011672600801822 
0.095703125 0.325048 0.011207464267581 
0.09619140625 0.325032 0.011426008336291 
0.0966796875 0.34648 0.011937116549331 
0.09716796875 0.342112 0.011732432702655 
0.09765625 0.321368 0.011305514255161 
0.09814453125 0.323432 0.011397104668148 
0.0986328125 0.32232 0.010970923825361 
0.09912109375 0.319384 0.011179700994197 
0.099609375 0.320488 0.011198979330481 
0.10009765625 0.329472 0.011671920231805 
0.1005859375 0.338672 0.01158285467125 
0.10107421875 0.332016 0.011253199834007 
0.1015625 0.33492 0.01117374954761 
0.10205078125 0.33964 0.01162340411363 
0.1025390625 0.31876 0.01100170203323 
0.10302734375 0.327488 0.011180155818111 
0.103515625 0.335744 0.011172466056074 
0.10400390625 0.336208 0.011269706781118 
0.1044921875 0.33112 0.011349617764478 
0.10498046875 0.334016 0.01136899891358 
0.10546875 0.327416 0.011168716104514 
0.10595703125 0.32752 0.01091186680933 
0.1064453125 0.33736 0.011225135085101 
0.10693359375 0.337256 0.011261236391189 
0.107421875 0.338792 0.011552326619465 
0.10791015625 0.32748 0.01129797669589 
0.1083984375 0.315192 0.011022225310332 
0.10888671875 0.327248 0.011357921581686 
0.109375 0.319528 0.010992986780187 
0.10986328125 0.320936 0.010709455799001 
0.1103515625 0.33744 0.011484934605463 
0.11083984375 0.326936 0.010895095785637 
0.111328125 0.332616 0.01119117570199 
0.11181640625 0.324144 0.011190413041976 
0.1123046875 0.311344 0.010703481100128 
0.11279296875 0.326312 0.011306125152744 
0.11328125 0.337608 0.011356226243277 
0.11376953125 0.325176 0.011159053057684 
0.1142578125 0.342136 0.011310076952945 
0.11474609375 0.317032 0.010883475755641 
0.115234375 0.333952 0.011462992008965 
0.11572265625 0.330552 0.011144274745 
0.1162109375 0.347744 0.011777884671721 
0.11669921875 0.340824 0.011627150752297 
0.1171875 0.317456 0.01069848764615 
0.11767578125 0.319944 0.010996656385928 
0.1181640625 0.327408 0.010774756092527 
0.11865234375 0.343216 0.011324190063211 
0.119140625 0.342424 0.011371654464563 
0.11962890625 0.317024 0.010588051196029 
0.1201171875 0.340856 0.011335222587813 
0.12060546875 0.33092 0.011034137701973 
0.12109375 0.332512 0.01123407326817 
0.12158203125 0.337888 0.011392382428784 
0.1220703125 0.335848 0.011387041637544 
0.12255859375 0.33 0.011266328931677 
0.123046875 0.34108 0.011288566489855 
0.12353515625 0.329024 0.011165563915337 
0.1240234375 0.335296 0.010975344567705 
0.12451171875 0.339912 0.011100829251577 
0.125 0.352344 0.011651611435512 
0.12548828125 0.348288 0.011642804504566 
0.1259765625 0.354864 0.011654110086848 
0.12646484375 0.321472 0.011137740989437 
0.126953125 0.347616 0.011179292257328 
0.12744140625 0.3468 0.011495883988762 
0.1279296875 0.330368 0.010905575236778 
0.12841796875 0.341168 0.011471885240511 
0.12890625 0.351968 0.011734257277204 
0.12939453125 0.35076 0.011455895951159 
0.1298828125 0.339352 0.011019071677746 
0.13037109375 0.33396 0.011179647599692 
0.130859375 0.353496 0.011314139896082 
0.13134765625 0.352384 0.011494927098049 
0.1318359375 0.363064 0.011872656537799 
0.13232421875 0.343528 0.011341582678523 
0.1328125 0.33612 0.011180202918715 
0.13330078125 0.343448 0.011498553567157 
0.1337890625 0.33856 0.011233868113613 
0.13427734375 0.339568 0.011214627732397 
0.134765625 0.336528 0.010905088747931 
0.13525390625 0.346552 0.011145873384869 
0.1357421875 0.346688 0.011342375029055 
0.13623046875 0.351848 0.011490617688856 
0.13671875 0.338928 0.011315884337237 
0.13720703125 0.3352 0.01101083924234 
0.1376953125 0.328696 0.010647957054888 
0.13818359375 0.338304 0.01110274772915 
0.138671875 0.343008 0.011139986170813 
0.13916015625 0.348256 0.011078099456804 
0.1396484375 0.349208 0.011370202089638 
0.14013671875 0.350072 0.011302361865304 
0.140625 0.345368 0.011065624710997 
0.14111328125 0.344872 0.011226449513605 
0.1416015625 0.352064 0.011456687398739 
0.14208984375 0.327744 0.010694980088938 
0.142578125 0.347824 0.011296499099485 
0.14306640625 0.36008 0.011518084574382 
0.1435546875 0.344104 0.011218061683827 
0.14404296875 0.349696 0.011272278601882 
0.14453125 0.34364 0.011229332855232 
0.14501953125 0.35492 0.011176307721552 
0.1455078125 0.349208 0.01114807057952 
0.14599609375 0.348896 0.011049589727556 
0.146484375 0.333 0.010997187723917 
0.14697265625 0.356152 0.011362087418363 
0.1474609375 0.331648 0.010977776661788 
0.14794921875 0.3628 0.011796127179219 
0.1484375 0.342128 0.011025787708725 
0.14892578125 0.359888 0.01160542919558 
0.1494140625 0.346568 0.011229724057413 
0.14990234375 0.357096 0.011062488867296 
0.150390625 0.338368 0.010790127007348 
0.15087890625 0.351048 0.01122651532127 
0.1513671875 0.34468 0.011085307345884 
0.15185546875 0.370168 0.011767915670359 
0.15234375 0.352512 0.011411150098878 
0.15283203125 0.347648 0.011137228285649 
0.1533203125 0.347368 0.011015630486719 
0.15380859375 0.364192 0.011604543044833 
0.154296875 0.36144 0.011131728816668 
0.15478515625 0.368408 0.0115310730932 
0.1552734375 0.335144 0.010806930497131 
0.15576171875 0.361016 0.011587015304514 
0.15625 0.35668 0.011436038976825 
0.15673828125 0.344968 0.010831346700509 
0.1572265625 0.371392 0.011666289151308 
0.15771484375 0.368912 0.011620092075458 
0.158203125 0.355568 0.011371409165411 
0.15869140625 0.362776 0.01146725626155 
0.1591796875 0.37616 0.011526336410298 
0.15966796875 0.353824 0.011356854251303 
0.16015625 0.358624 0.011134771273388 
0.16064453125 0.35548 0.011235442313765 
0.1611328125 0.36012 0.011505785523972 
0.16162109375 0.352152 0.011391774724338 
0.162109375 0.35828 0.010988508602052 
0.16259765625 0.356792 0.01120776560906 
0.1630859375 0.362136 0.011471291397413 
0.16357421875 0.36456 0.011094213637781 
0.1640625 0.35632 0.011601740915838 
0.16455078125 0.366496 0.011605350464323 
0.1650390625 0.357008 0.0115363952239 
0.16552734375 0.37172 0.011527348026686 
0.166015625 0.373376 0.011610803023392 
0.16650390625 0.36428 0.01143990979286 
0.1669921875 0.355888 0.011141708772853 
0.16748046875 0.369064 0.011382689196439 
0.16796875 0.357696 0.011098369662668 
0.16845703125 0.3632 0.011516390733285 
0.1689453125 0.370808 0.011443276618346 
0.16943359375 0.36088 0.011302191281032 
0.169921875 0.368824 0.011538705441282 
0.17041015625 0.366 0.011553601531766 
0.1708984375 0.372504 0.011355522799399 
0.17138671875 0.364184 0.011407495263056 
0.171875 0.368872 0.011542399957142 
0.17236328125 0.37388 0.011581613289067 
0.1728515625 0.372776 0.011546509283462 
0.17333984375 0.350936 0.010802560339124 
0.173828125 0.370872 0.011144021778048 
0.17431640625 0.360512 0.011115794689238 
0.1748046875 0.36916 0.01154747062804 
0.17529296875 0.370544 0.011503642761724 
0.17578125 0.36444 0.011305110765045 
0.17626953125 0.376008 0.011196384521115 
0.1767578125 0.376864 0.011611382264932 
0.17724609375 0.367648 0.011323271795913 
0.177734375 0.383352 0.011705315597205 
0.17822265625 0.360528 0.011111772412593 
0.1787109375 0.37756 0.011401852020435 
0.17919921875 0.37636 0.011490810633003 
0.1796875 0.378456 0.011551150354283 
0.18017578125 0.365048 0.011419540261307 
0.1806640625 0.37 0.011324630770437 
0.18115234375 0.366232 0.011045923957861 
0.181640625 0.378208 0.011506991030907 
0.18212890625 0.381128 0.011664042629528 
0.1826171875 0.377168 0.011075672316876 
0.18310546875 0.380152 0.01176814791545 
0.18359375 0.374416 0.011408204004935 
0.18408203125 0.383104 0.011707982236226 
0.1845703125 0.37848 0.011647453409486 
0.18505859375 0.375664 0.011695008633678 
0.185546875 0.369352 0.011521366858037 
0.18603515625 0.373792 0.011016905673544 
0.1865234375 0.367928 0.011178604158847 
0.18701171875 0.386504 0.011798508026304 
0.1875 0.369304 0.010865286687263 
0.18798828125 0.377536 0.011245726269192 
0.1884765625 0.370688 0.011302978492602 
0.18896484375 0.386672 0.011994013047614 
0.189453125 0.382624 0.011892816573167 
0.18994140625 0.37664 0.011100966502426 
0.1904296875 0.38212 0.011638822547539 
0.19091796875 0.381696 0.011332443873057 
0.19140625 0.374944 0.011221031530064 
0.19189453125 0.373176 0.011617253795704 
0.1923828125 0.393352 0.011689989613734 
0.19287109375 0.404504 0.011910477640861 
0.193359375 0.383192 0.011636194395009 
0.19384765625 0.37632 0.011419191945893 
0.1943359375 0.385928 0.011391732791673 
0.19482421875 0.396712 0.011595413831385 
0.1953125 0.369464 0.011096315412526 
0.19580078125 0.3922 0.011767073292897 
0.1962890625 0.389112 0.011635650994191 
0.19677734375 0.389424 0.01165388964721 
0.197265625 0.401224 0.012152503428493 
0.19775390625 0.40088 0.011731797355858 
0.1982421875 0.385224 0.011448976615182 
0.19873046875 0.391888 0.011847548816055 
0.19921875 0.387824 0.011761708978818 
0.19970703125 0.395904 0.011770021963277 
0.2001953125 0.390536 0.011556835415621 
0.20068359375 0.389168 0.011492461857798 
0.201171875 0.392088 0.01165551516601 
0.20166015625 0.401344 0.011790774699421 
0.2021484375 0.405144 0.011829800905933 
0.20263671875 0.400984 0.011598695118425 
0.203125 0.402464 0.011935932278984 
0.20361328125 0.389216 0.011218407979842 
0.2041015625 0.404032 0.011779319239298 
0.20458984375 0.399464 0.011793576183523 
0.205078125 0.380904 0.011475270715454 
0.20556640625 0.395784 0.011705572706254 
0.2060546875 0.401856 0.011741938472294 
0.20654296875 0.396568 0.011933859502133 
0.20703125 0.414536 0.011920858075916 
0.20751953125 0.394208 0.01160723721252 
0.2080078125 0.39436 0.011313082198914 
0.20849609375 0.388296 0.011440351586265 
0.208984375 0.404968 0.011965293480391 
0.20947265625 0.395 0.011468531562227 
0.2099609375 0.3926 0.011539871419215 
0.21044921875 0.398904 0.011859014748396 
0.2109375 0.395696 0.0121844338504 
0.21142578125 0.421976 0.012170932654562 
0.2119140625 0.406272 0.01174815948862 
0.21240234375 0.409552 0.011988013045474 
0.212890625 0.39884 0.011686376109508 
0.21337890625 0.408056 0.01193177241485 
0.2138671875 0.393144 0.011588921301063 
0.21435546875 0.379976 0.01102439033402 
0.21484375 0.40448 0.011670114302405 
0.21533203125 0.40468 0.011770773037384 
0.2158203125 0.40248 0.011466903013822 
0.21630859375 0.39824 0.011355202747348 
0.216796875 0.4064 0.01203606765694 
0.21728515625 0.416896 0.01204718438571 
0.2177734375 0.408696 0.011831549460464 
0.21826171875 0.40976 0.011961155982041 
0.21875 0.40904 0.012080982463043 
0.21923828125 0.411976 0.011675529452194 
0.2197265625 0.406368 0.011504228168403 
0.22021484375 0.418472 0.012109684387531 
0.220703125 0.401488 0.011785822461939 
0.22119140625 0.40864 0.011734063254855 
0.2216796875 0.416584 0.012233793930933 
0.22216796875 0.425616 0.012301034570241 
0.22265625 0.411376 0.011635809874172 
0.22314453125 0.4192 0.011813503594721 
0.2236328125 0.419984 0.011884171374032 
0.22412109375 0.441496 0.012335523470146 
0.224609375 0.415776 0.0117131545437 
0.22509765625 0.41416 0.01182796407774 
0.2255859375 0.41556 0.011804885092358 
0.22607421875 0.415192 0.01163969775602 
0.2265625 0.413152 0.012081498923849 
0.22705078125 0.410424 0.01196454649744 
0.2275390625 0.4116 0.01182083433439 
0.22802734375 0.407376 0.011967160166381 
0.228515625 0.420856 0.012055994232981 
0.22900390625 0.418432 0.011677956711541 
0.2294921875 0.437184 0.012352495520415 
0.22998046875 0.401696 0.011878855012103 
0.23046875 0.425704 0.012035888447984 
0.23095703125 0.430176 0.012540243745407 
0.2314453125 0.413816 0.011865555756933 
0.23193359375 0.42448 0.011959113066528 
0.232421875 0.417944 0.011727944242881 
0.23291015625 0.4396 0.012077491474981 
0.2333984375 0.430864 0.01201354739361 
0.23388671875 0.426184 0.012119360599711 
0.234375 0.4422 0.012202980144537 
0.23486328125 0.430248 0.012121543474975 
0.2353515625 0.422184 0.011959824737947 
0.23583984375 0.432704 0.012169616994695 
0.236328125 0.430032 0.012142487094793 
0.23681640625 0.425328 0.011876320119314 
0.2373046875 0.43216 0.012183024293576 
0.23779296875 0.425832 0.011928972171139 
0.23828125 0.43976 0.012367523025704 
0.23876953125 0.45216 0.012284060264612 
0.2392578125 0.434488 0.012499477110064 
0.23974609375 0.428824 0.011879137106354 
0.240234375 0.418272 0.011742317478419 
0.24072265625 0.426832 0.011923530621581 
0.2412109375 0.415472 0.011802041032905 
0.24169921875 0.4406 0.012430900031455 
0.2421875 0.447016 0.012373987899908 
0.24267578125 0.42712 0.012030611407904 
0.2431640625 0.443856 0.012061388597097 
0.24365234375 0.4234 0.011806925419535 
0.244140625 0.4346 0.011869622981813 
0.24462890625 0.448344 0.012358234677931 
0.2451171875 0.464976 0.012296211821526 
0.24560546875 0.433616 0.012243687421128 
0.24609375 0.44544 0.01217109006637 
0.24658203125 0.438888 0.012033439529386 
0.2470703125 0.436128 0.011965916033326 
0.24755859375 0.447328 0.012725630596023 
0.248046875 0.452832 0.012372342804406 
0.24853515625 0.437728 0.012090737590448 
0.2490234375 0.443984 0.012350043863273 
0.24951171875 0.441688 0.012242764145001 
0.25 0.434784 0.011830074582536 
0.25048828125 0.453232 0.01233029278685 
0.2509765625 0.467744 0.012660692038792 
0.25146484375 0.46036 0.0119325621692 
0.251953125 0.451352 0.012327848820616 
0.25244140625 0.452736 0.012160772908943 
0.2529296875 0.455504 0.012104618910884 
0.25341796875 0.44612 0.012218930745923 
0.25390625 0.468096 0.012554432136797 
0.25439453125 0.449592 0.01224777493451 
0.2548828125 0.45492 0.012139109361251 
0.25537109375 0.446768 0.012257992893762 
0.255859375 0.462592 0.012488156995998 
0.25634765625 0.440928 0.012135624593144 
0.2568359375 0.453408 0.012320329734782 
0.25732421875 0.456744 0.012179087455477 
0.2578125 0.461312 0.012498380892968 
0.25830078125 0.453632 0.012243736351062 
0.2587890625 0.471392 0.012681296545289 
0.25927734375 0.479792 0.012966000071911 
0.259765625 0.472736 0.012543476426776 
0.26025390625 0.460072 0.012145984517718 
0.2607421875 0.489376 0.013141791809017 
0.26123046875 0.4714 0.012707817706886 
0.26171875 0.47248 0.012368670315644 
0.26220703125 0.459768 0.012541549567861 
0.2626953125 0.453848 0.012421794507834 
0.26318359375 0.47068 0.012396867246619 
0.263671875 0.457232 0.012216183777225 
0.26416015625 0.480648 0.012399158452201 
0.2646484375 0.479272 0.012088879820276 
0.26513671875 0.464336 0.012606080096143 
0.265625 0.462944 0.012498886857884 
0.26611328125 0.473136 0.012549734567377 
0.2666015625 0.477864 0.012664294844845 
0.26708984375 0.473488 0.012718004000876 
0.267578125 0.460688 0.012078379622645 
0.26806640625 0.46576 0.012013908709063 
0.2685546875 0.474952 0.012409264855817 
0.26904296875 0.467704 0.012537785509733 
0.26953125 0.475888 0.012538345875835 
0.27001953125 0.467208 0.012620809665561 
0.2705078125 0.487784 0.012745246070861 
0.27099609375 0.460216 0.012457464559565 
0.271484375 0.487872 0.01277897145655 
0.27197265625 0.47872 0.012881278793991 
0.2724609375 0.47908 0.012904604747792 
0.27294921875 0.486152 0.012492608173107 
0.2734375 0.474568 0.012471849683802 
0.27392578125 0.506376 0.013441110982386 
0.2744140625 0.48684 0.012538674642784 
0.27490234375 0.466984 0.01242024704176 
0.275390625 0.455384 0.011939112127767 
0.27587890625 0.49388 0.012907905018764 
0.2763671875 0.4932 0.012906346864488 
0.27685546875 0.490464 0.01309287312384 
0.27734375 0.489696 0.013272641111425 
0.27783203125 0.49892 0.01278222765307 
0.2783203125 0.5138 0.013124166453072 
0.27880859375 0.499552 0.01277849915961 
0.279296875 0.494752 0.012522745748628 
0.27978515625 0.479656 0.01223361758676 
0.2802734375 0.506536 0.013166291091105 
0.28076171875 0.47268 0.012455132723525 
0.28125 0.499504 0.013022825636219 
0.28173828125 0.50816 0.013097827794216 
0.2822265625 0.499824 0.01282437413184 
0.28271484375 0.50456 0.013063585437924 
0.283203125 0.486144 0.01272873786997 
0.28369140625 0.49008 0.012408025881496 
0.2841796875 0.4932 0.012695600567252 
0.28466796875 0.491 0.012880432183118 
0.28515625 0.514624 0.013199222586317 
0.28564453125 0.505416 0.012836413495518 
0.2861328125 0.518136 0.013066136299817 
0.28662109375 0.514304 0.01320782880183 
0.287109375 0.505392 0.012920875417771 
0.28759765625 0.500832 0.012732653451117 
0.2880859375 0.485288 0.012371218411172 
0.28857421875 0.483712 0.012462315246206 
0.2890625 0.506392 0.012809367848873 
0.28955078125 0.496296 0.012545409087982 
0.2900390625 0.502456 0.012607185615893 
0.29052734375 0.527968 0.013361114539344 
0.291015625 0.511824 0.012899333048061 
0.29150390625 0.51244 0.012849293920811 
0.2919921875 0.507248 0.012509982885052 
0.29248046875 0.519144 0.013080535305188 
0.29296875 0.521624 0.013022478408264 
0.29345703125 0.519136 0.012867571095374 
0.2939453125 0.516528 0.01308928250953 
0.29443359375 0.519376 0.013182948178108 
0.294921875 0.524392 0.013185725400894 
0.29541015625 0.533832 0.013149774123766 
0.2958984375 0.508464 0.012834376499332 
0.29638671875 0.536288 0.013634662091671 
0.296875 0.54568 0.013411647181067 
0.29736328125 0.5254 0.013196998557481 
0.2978515625 0.52324 0.012888657456071 
0.29833984375 0.528824 0.013457728376131 
0.298828125 0.547232 0.013467616339556 
0.29931640625 0.512312 0.012999480155777 
0.2998046875 0.542544 0.013559265973831 
0.30029296875 0.531432 0.013044124021762 
0.30078125 0.561776 0.013623528915482 
0.30126953125 0.536688 0.013017891094815 
0.3017578125 0.556688 0.013867073758416 
0.30224609375 0.528016 0.013007466293491 
0.302734375 0.528944 0.01271193700029 
0.30322265625 0.542888 0.013433506199298 
0.3037109375 0.554192 0.01374828430059 
0.30419921875 0.55364 0.012997735956997 
0.3046875 0.556472 0.013621056929551 
0.30517578125 0.523416 0.012716660138947 
0.3056640625 0.550184 0.013406417478174 
0.30615234375 0.543128 0.013211152278718 
0.306640625 0.55612 0.013576646031039 
0.30712890625 0.533696 0.012976771336494 
0.3076171875 0.55456 0.01366224728553 
0.30810546875 0.55792 0.013745837109004 
0.30859375 0.559536 0.013413822770067 
0.30908203125 0.551768 0.013357928951004 
0.3095703125 0.559168 0.013388665938836 
0.31005859375 0.56412 0.01393024733649 
0.310546875 0.57588 0.013847006198045 
0.31103515625 0.556448 0.013458504598656 
0.3115234375 0.555328 0.013394907424922 
0.31201171875 0.56488 0.013853339536128 
0.3125 0.560896 0.013842046200839 
0.31298828125 0.568592 0.01342145388921 
0.3134765625 0.565664 0.013706228784346 
0.31396484375 0.578736 0.013736907507296 
0.314453125 0.568448 0.01374350815545 
0.31494140625 0.5908 0.014102424059752 
0.3154296875 0.559328 0.013351011209307 
0.31591796875 0.566456 0.013479328778963 
0.31640625 0.56924 0.013905103432248 
0.31689453125 0.562992 0.013538336508253 
0.3173828125 0.584312 0.01341331085218 
0.31787109375 0.556928 0.013727137529372 
0.318359375 0.56656 0.013647394786078 
0.31884765625 0.565912 0.013507517821305 
0.3193359375 0.579664 0.013705057695953 
0.31982421875 0.584552 0.0140266220071 
0.3203125 0.574472 0.013772836528182 
0.32080078125 0.58944 0.013955834916133 
0.3212890625 0.581496 0.013865152270388 
0.32177734375 0.569264 0.013534093369665 
0.322265625 0.582728 0.013827248267838 
0.32275390625 0.58904 0.013665687216974 
0.3232421875 0.59376 0.013907959056288 
0.32373046875 0.580664 0.013602559316919 
0.32421875 0.607824 0.014391500140875 
0.32470703125 0.585936 0.013634848610853 
0.3251953125 0.620328 0.014425512130968 
0.32568359375 0.594472 0.013945732934462 
0.326171875 0.5902 0.013872094733733 
0.32666015625 0.59176 0.013924074971854 
0.3271484375 0.612528 0.013908711169038 
0.32763671875 0.608552 0.01398190250508 
0.328125 0.5928 0.013544059024146 
0.32861328125 0.611688 0.01410625875598 
0.3291015625 0.615496 0.013981150140222 
0.32958984375 0.602472 0.013954199559706 
0.330078125 0.610312 0.013855401152352 
0.33056640625 0.612488 0.014332228135768 
0.3310546875 0.615312 0.014107082096932 
0.33154296875 0.599784 0.014125696274864 
0.33203125 0.612856 0.01414604471118 
0.33251953125 0.614216 0.01410586543095 
0.3330078125 0.630176 0.014433544201332 
0.33349609375 0.59516 0.013676620114521 
0.333984375 0.603928 0.013977793058248 
0.33447265625 0.595384 0.013863025732062 
0.3349609375 0.6198 0.013932669709025 
0.33544921875 0.618976 0.014260657922624 
0.3359375 0.629968 0.014901150531072 
0.33642578125 0.616616 0.014251399181893 
0.3369140625 0.618176 0.014338780671541 
0.33740234375 0.625064 0.014311933134709 
0.337890625 0.623776 0.013949300390238 
0.33837890625 0.641544 0.014684649084252 
0.3388671875 0.620096 0.014279833198049 
0.33935546875 0.633192 0.014333673029445 
0.33984375 0.645136 0.014877184450437 
0.34033203125 0.645968 0.014392353285593 
0.3408203125 0.681352 0.015034686746165 
0.34130859375 0.629744 0.014537461460742 
0.341796875 0.621536 0.013869834527979 
0.34228515625 0.637072 0.014255477030795 
0.3427734375 0.636824 0.014231440354988 
0.34326171875 0.625528 0.014377446450822 
0.34375 0.65828 0.014924776738289 
0.34423828125 0.64716 0.014554780555352 
0.3447265625 0.646872 0.014790237680152 
0.34521484375 0.659304 0.014828344962519 
0.345703125 0.656856 0.014846945542559 
0.34619140625 0.671256 0.014785019348951 
0.3466796875 0.654824 0.01444104837702 
0.34716796875 0.64332 0.014326539220944 
0.34765625 0.643232 0.014194141758082 
0.34814453125 0.652664 0.014575743890402 
0.3486328125 0.656432 0.014839909692382 
0.34912109375 0.668176 0.015080731253499 
0.349609375 0.644936 0.014201207194914 
0.35009765625 0.651808 0.014743337349198 
0.3505859375 0.654696 0.014638374079096 
0.35107421875 0.668352 0.014407470758875 
0.3515625 0.669528 0.014784411091523 
0.35205078125 0.680328 0.014505361823543 
0.3525390625 0.676968 0.015130549829347 
0.35302734375 0.675704 0.014615872452358 
0.353515625 0.675232 0.014633219624109 
0.35400390625 0.681704 0.015170311584452 
0.3544921875 0.67124 0.014774014101686 
0.35498046875 0.670968 0.014709375984143 
0.35546875 0.68172 0.014865934916638 
0.35595703125 0.678976 0.01483882456254 
0.3564453125 0.67656 0.014861271746423 
0.35693359375 0.675904 0.014603126366945 
0.357421875 0.697576 0.014950053446839 
0.35791015625 0.698448 0.015178550212833 
0.3583984375 0.690904 0.015075721740729 
0.35888671875 0.696368 0.014930556245994 
0.359375 0.70012 0.014985248119782 
0.35986328125 0.685576 0.014813260568458 
0.3603515625 0.669832 0.014880546640827 
0.36083984375 0.703968 0.015324137879728 
0.361328125 0.716792 0.015025808241174 
0.36181640625 0.6964 0.014998280300534 
0.3623046875 0.704592 0.01493868952456 
0.36279296875 0.700072 0.014472757358677 
0.36328125 0.702936 0.01508429776424 
0.36376953125 0.704224 0.015196568482896 
0.3642578125 0.690096 0.014747836869408 
0.36474609375 0.70812 0.01492548923807 
0.365234375 0.726776 0.015388088580008 
0.36572265625 0.72804 0.015277424820184 
0.3662109375 0.705768 0.015099040832664 
0.36669921875 0.69892 0.015083227904956 
0.3671875 0.708088 0.014727323321437 
0.36767578125 0.757552 0.015598069049341 
0.3681640625 0.728264 0.015255237064923 
0.36865234375 0.733432 0.015291287495474 
0.369140625 0.735592 0.015616332111825 
0.36962890625 0.737864 0.015326602573355 
0.3701171875 0.726528 0.015073819934942 
0.37060546875 0.73908 0.015159132023971 
0.37109375 0.757144 0.015847027631743 
0.37158203125 0.730552 0.015255010141015 
0.3720703125 0.72408 0.015277455469652 
0.37255859375 0.744152 0.01571028746888 
0.373046875 0.709752 0.014893623213218 
0.37353515625 0.742176 0.015584990088375 
0.3740234375 0.7418 0.01532050945947 
0.37451171875 0.738072 0.015416686689119 
0.375 0.741016 0.015213687534181 
0.37548828125 0.73336 0.015260703319027 
0.3759765625 0.778512 0.015575821877432 
0.37646484375 0.740288 0.015211505260054 
0.376953125 0.769904 0.015980116630122 
0.37744140625 0.762928 0.015375375367669 
0.3779296875 0.754512 0.015455195663204 
0.37841796875 0.782544 0.015455583666522 
0.37890625 0.757744 0.015873999845649 
0.37939453125 0.768544 0.015689867727859 
0.3798828125 0.762104 0.015523382356642 
0.38037109375 0.751952 0.01540456966981 
0.380859375 0.78156 0.015819176427762 
0.38134765625 0.777152 0.015711224792631 
0.3818359375 0.785016 0.015708905856174 
0.38232421875 0.784232 0.015602312958863 
0.3828125 0.781248 0.015743027384757 
0.38330078125 0.797184 0.015661214525567 
0.3837890625 0.81376 0.016450531144244 
0.38427734375 0.777232 0.015617013064596 
0.384765625 0.794456 0.016157471951419 
0.38525390625 0.791576 0.015497970927255 
0.3857421875 0.774248 0.015478617117704 
0.38623046875 0.798768 0.015785195724802 
0.38671875 0.790016 0.015964494952216 
0.38720703125 0.782512 0.015618695514931 
0.3876953125 0.81836 0.016363246514632 
0.38818359375 0.814528 0.015997453352626 
0.388671875 0.800232 0.015585259892437 
0.38916015625 0.840608 0.016910751491424 
0.3896484375 0.810264 0.016064571221914 
0.39013671875 0.80148 0.015714479921985 
0.390625 0.811688 0.015945467960714 
0.39111328125 0.815232 0.015949116043277 
0.3916015625 0.823704 0.016218726353891 
0.39208984375 0.816784 0.016311673052096 
0.392578125 0.813008 0.01661047764665 
0.39306640625 0.833864 0.01651474627734 
0.3935546875 0.831528 0.016624639586524 
0.39404296875 0.842592 0.015689170021566 
0.39453125 0.83192 0.01594154836235 
0.39501953125 0.84908 0.016532239292421 
0.3955078125 0.8468 0.016671683351591 
0.39599609375 0.859632 0.016150869507865 
0.396484375 0.882864 0.016660379737533 
0.39697265625 0.834008 0.016030281465137 
0.3974609375 0.851152 0.016349652030145 
0.39794921875 0.84432 0.016495680706935 
0.3984375 0.861992 0.016195290951686 
0.39892578125 0.862232 0.016504939330753 
0.3994140625 0.865168 0.016194734332252 
0.39990234375 0.870744 0.016740354545771 
0.400390625 0.840312 0.016005431324337 
0.40087890625 0.86352 0.016546777737835 
0.4013671875 0.869288 0.016749456844744 
0.40185546875 0.876976 0.016358748929407 
0.40234375 0.881272 0.016804521573929 
0.40283203125 0.880392 0.016848648177429 
0.4033203125 0.89684 0.016899886664852 
0.40380859375 0.878104 0.016633961443023 
0.404296875 0.878192 0.016630811997281 
0.40478515625 0.893152 0.016913219344974 
0.4052734375 0.882976 0.016381536144851 
0.40576171875 0.889696 0.016507946647544 
0.40625 0.89268 0.016794844587569 
0.40673828125 0.894856 0.016715848200101 
0.4072265625 0.879952 0.015994291974402 
0.40771484375 0.898072 0.016662901454992 
0.408203125 0.886288 0.016420765506714 
0.40869140625 0.905864 0.016674192926188 
0.4091796875 0.901048 0.016773358237966 
0.40966796875 0.90376 0.01651668248507 
0.41015625 0.916064 0.016938688798252 
0.41064453125 0.939328 0.017087306831283 
0.4111328125 0.926624 0.016672526972956 
0.41162109375 0.898136 0.01658189638572 
0.412109375 0.918088 0.01708571795131 
0.41259765625 0.89468 0.01640874541077 
0.4130859375 0.961128 0.017426861278709 
0.41357421875 0.931224 0.016811151780609 
0.4140625 0.921888 0.017094540102824 
0.41455078125 0.935696 0.016986033354102 
0.4150390625 0.9186 0.01670328532501 
0.41552734375 0.954256 0.017363154010148 
0.416015625 0.939296 0.016964454586901 
0.41650390625 0.974672 0.017354544523603 
0.4169921875 0.928344 0.017053358912109 
0.41748046875 0.94888 0.017395540995272 
0.41796875 0.970264 0.017918500684641 
0.41845703125 0.927088 0.016829503399451 
0.4189453125 0.95716 0.017077523121096 
0.41943359375 0.970296 0.016726826192088 
0.419921875 0.939072 0.017074039407891 
0.42041015625 0.969688 0.01707766908858 
0.4208984375 0.999504 0.017827301912612 
0.42138671875 0.981176 0.017786593997811 
0.421875 0.955448 0.017063303048031 
0.42236328125 0.985976 0.0171600870501 
0.4228515625 0.97188 0.017336066782995 
0.42333984375 0.982208 0.017772596727592 
0.423828125 0.986864 0.01757662512284 
0.42431640625 0.95344 0.017218784075794 
0.4248046875 1.005768 0.017757190233609 
0.42529296875 0.997744 0.017283150709244 
0.42578125 0.998424 0.017333547236002 
0.42626953125 1.029104 0.017504353067973 
0.4267578125 1.008912 0.017404939985172 
0.42724609375 0.99824 0.017477222997507 
0.427734375 1.01764 0.017413305887914 
0.42822265625 1.037088 0.017288740081942 
0.4287109375 1.014432 0.017847423387846 
0.42919921875 1.037496 0.018230333871576 
0.4296875 1.041608 0.017845237501457 
0.43017578125 1.03756 0.017867299674415 
0.4306640625 1.028232 0.01787859616947 
0.43115234375 1.03832 0.017774795213141 
0.431640625 1.050872 0.017995032331919 
0.43212890625 1.015808 0.017606203194015 
0.4326171875 1.066488 0.018133421455087 
0.43310546875 1.041024 0.017811384067088 
0.43359375 1.034184 0.017657170615581 
0.43408203125 1.04744 0.018354267812059 
0.4345703125 1.054768 0.01771701073392 
0.43505859375 1.076304 0.017605879834908 
0.435546875 1.078488 0.017763040876233 
0.43603515625 1.075792 0.018459232647644 
0.4365234375 1.059232 0.01824654939833 
0.43701171875 1.070016 0.017942055717506 
0.4375 1.094704 0.018801919651895 
0.43798828125 1.089968 0.017851974472036 
0.4384765625 1.062168 0.018117435312324 
0.43896484375 1.09928 0.018462456359702 
0.439453125 1.085632 0.018275877690549 
0.43994140625 1.113512 0.018482905870881 
0.4404296875 1.086112 0.018691783361752 
0.44091796875 1.094264 0.018775175602571 
0.44140625 1.069072 0.01818674608993 
0.44189453125 1.121344 0.018616364868889 
0.4423828125 1.102576 0.018317326664683 
0.44287109375 1.092104 0.018277468403697 
0.443359375 1.100896 0.018647868551392 
0.44384765625 1.140112 0.018795479648451 
0.4443359375 1.146144 0.018481896934254 
0.44482421875 1.121728 0.018615729985633 
0.4453125 1.150744 0.018653488005335 
0.44580078125 1.127072 0.018138530637388 
0.4462890625 1.137352 0.018568365876068 
0.44677734375 1.15188 0.018898564292902 
0.447265625 1.127456 0.018421372636427 
0.44775390625 1.13356 0.018730184125052 
0.4482421875 1.153056 0.018783408192216 
0.44873046875 1.154112 0.018829418273513 
0.44921875 1.166352 0.018613035142295 
0.44970703125 1.167096 0.018766472424988 
0.4501953125 1.16912 0.018804243426215 
0.45068359375 1.162464 0.018875990073633 
0.451171875 1.171232 0.018995741628636 
0.45166015625 1.170584 0.018836344672025 
0.4521484375 1.171552 0.019315979720174 
0.45263671875 1.192472 0.01900436737794 
0.453125 1.197088 0.01896808935948 
0.45361328125 1.179088 0.018939465398895 
0.4541015625 1.165376 0.018835923896542 
0.45458984375 1.204216 0.018883763509754 
0.455078125 1.19536 0.018888432714504 
0.45556640625 1.188064 0.019051648635392 
0.4560546875 1.228848 0.019464038299063 
0.45654296875 1.2188 0.019443053216364 
0.45703125 1.200848 0.019508390146355 
0.45751953125 1.213096 0.018883305074301 
0.4580078125 1.213336 0.019301653105578 
0.45849609375 1.234552 0.01925710252833 
0.458984375 1.230272 0.019531985266005 
0.45947265625 1.23344 0.01917400992001 
0.4599609375 1.2498 0.019699005170835 
0.46044921875 1.2422 0.019859152358039 
0.4609375 1.249672 0.019416029631453 
0.46142578125 1.246184 0.019702429160382 
0.4619140625 1.268944 0.019859040943012 
0.46240234375 1.247352 0.019470863144223 
0.462890625 1.264832 0.019735413063205 
0.46337890625 1.259 0.019868659615583 
0.4638671875 1.26644 0.019623029677501 
0.46435546875 1.281008 0.020318884501664 
0.46484375 1.290376 0.019795803507116 
0.46533203125 1.274424 0.019708293383712 
0.4658203125 1.266936 0.019581088882854 
0.46630859375 1.311824 0.020926099761603 
0.466796875 1.308552 0.019993906641294 
0.46728515625 1.29436 0.020362871621654 
0.4677734375 1.30756 0.020235074796123 
0.46826171875 1.266192 0.019320913811675 
0.46875 1.346128 0.020675471786009 
0.46923828125 1.33392 0.020116283906777 
0.4697265625 1.308688 0.019932098583475 
0.47021484375 1.327368 0.019840499986768 
0.470703125 1.31528 0.02039972243871 
0.47119140625 1.343696 0.020495101795743 
0.4716796875 1.3402 0.02032044232779 
0.47216796875 1.343864 0.020771012735546 
0.47265625 1.318832 0.020663643012838 
0.47314453125 1.338144 0.020663679160437 
0.4736328125 1.330808 0.020672864541171 
0.47412109375 1.348664 0.020929154403608 
0.474609375 1.352704 0.020412389532294 
0.47509765625 1.393448 0.020973421438131 
0.4755859375 1.363992 0.020211960380073 
0.47607421875 1.354424 0.020506360594116 
0.4765625 1.356136 0.020168364126455 
0.47705078125 1.379496 0.020649506461463 
0.4775390625 1.368392 0.021351226337017 
0.47802734375 1.413392 0.021192084053169 
0.478515625 1.352296 0.020729291177212 
0.47900390625 1.414296 0.020856912376149 
0.4794921875 1.391056 0.020801934990405 
0.47998046875 1.3926 0.020924240112998 
0.48046875 1.424976 0.020807461093668 
0.48095703125 1.390864 0.021632356420962 
0.4814453125 1.442512 0.021627653688153 
0.48193359375 1.430128 0.021914839829269 
0.482421875 1.446328 0.021731638413663 
0.48291015625 1.455992 0.021741297435251 
0.4833984375 1.425688 0.021216652171936 
0.48388671875 1.413288 0.021320369573619 
0.484375 1.454656 0.022076003294597 
0.48486328125 1.424496 0.021050018316269 
0.4853515625 1.43736 0.021168944565592 
0.48583984375 1.439744 0.021317493667911 
0.486328125 1.458248 0.021921661351885 
0.48681640625 1.467936 0.02103511251625 
0.4873046875 1.46932 0.021662794131096 
0.48779296875 1.438032 0.020844604594519 
0.48828125 1.443248 0.021177308846473 
0.48876953125 1.476584 0.021741166844258 
0.4892578125 1.481648 0.02179404749835 
0.48974609375 1.45908 0.021804804352095 
0.490234375 1.475744 0.021743127228485 
0.49072265625 1.497536 0.02165530731497 
0.4912109375 1.478224 0.021464254992917 
0.49169921875 1.455136 0.021756497164217 
0.4921875 1.491688 0.021490080567653 
0.49267578125 1.516776 0.021899003684765 
0.4931640625 1.500616 0.022032424173844 
0.49365234375 1.479568 0.021844306331033 
0.494140625 1.50592 0.021859560480488 
0.49462890625 1.499944 0.022275552563169 
0.4951171875 1.52236 0.02165325458572 
0.49560546875 1.503424 0.022391866024995 
0.49609375 1.53708 0.022375915335913 
0.49658203125 1.501448 0.022145181462677 
0.4970703125 1.533912 0.022239912622509 
0.49755859375 1.539696 0.022895611654934 
0.498046875 1.557512 0.022214953680805 
0.49853515625 1.580128 0.023102740150475 
0.4990234375 1.5562 0.022618280745891 
0.49951171875 1.533936 0.02214890440531 
0.5 1.551384 0.022299381940172 
0.50048828125 1.534344 0.021943002640977 
0.5009765625 1.577144 0.022640352459914 
0.50146484375 1.537704 0.022205580339099 
0.501953125 1.570544 0.022992302499612 
0.50244140625 1.546304 0.02288182879691 
0.5029296875 1.585968 0.022530825267348 
0.50341796875 1.589248 0.022636664001103 
0.50390625 1.596856 0.022709480136953 
0.50439453125 1.59556 0.022922777552874 
0.5048828125 1.601816 0.023290225767411 
0.50537109375 1.596632 0.022995415874414 
0.505859375 1.578792 0.02334955679299 
0.50634765625 1.594336 0.02283020098929 
0.5068359375 1.621408 0.023376502494533 
0.50732421875 1.624232 0.023694099051982 
0.5078125 1.625176 0.023018319741327 
0.50830078125 1.610912 0.023622297377734 
0.5087890625 1.603816 0.022967129776818 
0.50927734375 1.640624 0.023761888170989 
0.509765625 1.62796 0.02349040269699 
0.51025390625 1.631928 0.023237664839746 
0.5107421875 1.62368 0.023116264036921 
0.51123046875 1.644048 0.024286752846683 
0.51171875 1.62632 0.023118196976281 
0.51220703125 1.636504 0.023645569040843 
0.5126953125 1.64236 0.023642950862829 
0.51318359375 1.626904 0.02369743940857 
0.513671875 1.639032 0.024026881035139 
0.51416015625 1.635168 0.023168141413579 
0.5146484375 1.663504 0.023907215303121 
0.51513671875 1.64168 0.023382517072263 
0.515625 1.695008 0.024445459076705 
0.51611328125 1.654832 0.024294674275688 
0.5166015625 1.6388 0.02342525445021 
0.51708984375 1.695072 0.024202122662245 
0.517578125 1.667384 0.024022138748829 
0.51806640625 1.681024 0.024362081492354 
0.5185546875 1.656984 0.023736734708558 
0.51904296875 1.65004 0.0234176318071 
0.51953125 1.691488 0.024440643066493 
0.52001953125 1.657 0.02376415087758 
0.5205078125 1.690112 0.024750659800995 
0.52099609375 1.690824 0.024375837809422 
0.521484375 1.735576 0.025308720301967 
0.52197265625 1.69028 0.024567995020035 
0.5224609375 1.697728 0.02457305228512 
0.52294921875 1.70016 0.023984179274246 
0.5234375 1.68276 0.024059946005059 
0.52392578125 1.707 0.02470848968743 
0.5244140625 1.719496 0.02493568296285 
0.52490234375 1.69592 0.024646307937364 
0.525390625 1.706856 0.024852337453109 
0.52587890625 1.74008 0.025068074148374 
0.5263671875 1.735448 0.025128003861745 
0.52685546875 1.71296 0.024693989236887 
0.52734375 1.700024 0.024512248161426 
0.52783203125 1.73188 0.024994489480373 
0.5283203125 1.737136 0.024315587430059 
0.52880859375 1.71576 0.024351821995767 
0.529296875 1.727616 0.025040158545856 
0.52978515625 1.703728 0.025414797666945 
0.5302734375 1.734784 0.025553618757731 
0.53076171875 1.714632 0.024816405419301 
0.53125 1.729768 0.025408499430089 
0.53173828125 1.744168 0.025595027281296 
0.5322265625 1.754296 0.02535631203887 
0.53271484375 1.739048 0.025197423931054 
0.533203125 1.76168 0.025512116157625 
0.53369140625 1.73752 0.025413057594538 
0.5341796875 1.724224 0.024965603451139 
0.53466796875 1.78456 0.026340994739693 
0.53515625 1.759928 0.025762818337619 
0.53564453125 1.752304 0.025627891017878 
0.5361328125 1.75444 0.025761112956815 
0.53662109375 1.762368 0.025913924569368 
0.537109375 1.765296 0.026303000303324 
0.53759765625 1.73388 0.02566285332898 
0.5380859375 1.757112 0.02627210201847 
0.53857421875 1.740552 0.025651895971768 
0.5390625 1.758352 0.026024475152932 
0.53955078125 1.761504 0.026407380760867 
0.5400390625 1.744624 0.026397570641951 
0.54052734375 1.747736 0.025832393089551 
0.541015625 1.7426 0.026305090731454 
0.54150390625 1.756336 0.026396445302148 
0.5419921875 1.755032 0.026138154395288 
0.54248046875 1.731776 0.026354003653179 
0.54296875 1.768424 0.02606997317831 
0.54345703125 1.763808 0.02629330267225 
0.5439453125 1.727968 0.026562269004809 
0.54443359375 1.781704 0.02680882918306 
0.544921875 1.74484 0.026227086756227 
0.54541015625 1.761608 0.026973870851343 
0.5458984375 1.777648 0.027235301976549 
0.54638671875 1.743936 0.026424441730035 
0.546875 1.777128 0.027498041440333 
0.54736328125 1.73184 0.026515549823277 
0.5478515625 1.749608 0.0271256188231 
0.54833984375 1.770256 0.027266913128422 
0.548828125 1.747536 0.026614084979686 
0.54931640625 1.730112 0.026519107257388 
0.5498046875 1.760728 0.026322888877949 
0.55029296875 1.7454 0.026514129806396 
0.55078125 1.748896 0.027367492953938 
0.55126953125 1.72744 0.027033631368695 
0.5517578125 1.73508 0.02652174659008 
0.55224609375 1.755552 0.027236438505005 
0.552734375 1.757536 0.027502768043033 
0.55322265625 1.723752 0.026474415157861 
0.5537109375 1.731352 0.027059776623412 
0.55419921875 1.711672 0.02667550269193 
0.5546875 1.77104 0.027527393864829 
0.55517578125 1.749256 0.027409204794617 
0.5556640625 1.733672 0.027500899157107 
0.55615234375 1.746168 0.02725732524332 
0.556640625 1.728792 0.028397389026927 
0.55712890625 1.725064 0.027761763299867 
0.5576171875 1.732176 0.028162403178212 
0.55810546875 1.682 0.027165224294834 
0.55859375 1.711624 0.027257581655024 
0.55908203125 1.704024 0.027514374731112 
0.5595703125 1.720736 0.027518319575729 
0.56005859375 1.713248 0.027068676948122 
0.560546875 1.715336 0.028375315113971 
0.56103515625 1.701632 0.028054096387188 
0.5615234375 1.690552 0.026841980257146 
0.56201171875 1.682064 0.026953567833195 
0.5625 1.685928 0.027876202483317 
0.56298828125 1.712912 0.028574370094779 
0.5634765625 1.699984 0.028197609896413 
0.56396484375 1.691664 0.028196729038416 
0.564453125 1.693232 0.027744371010021 
0.56494140625 1.713856 0.028866411040711 
0.5654296875 1.685928 0.027290251849489 
0.56591796875 1.658048 0.027270587076954 
0.56640625 1.651512 0.027472414888021 
0.56689453125 1.706712 0.02852759837287 
0.5673828125 1.663128 0.027629132559264 
0.56787109375 1.644544 0.027254354268304 
0.568359375 1.637112 0.027932637866856 
0.56884765625 1.67196 0.027723535589323 
0.5693359375 1.610192 0.027458878025821 
0.56982421875 1.6694 0.028618246851147 
0.5703125 1.632952 0.027776922860559 
0.57080078125 1.61716 0.027497852177733 
0.5712890625 1.625808 0.028068723559734 
0.57177734375 1.600168 0.02831576835187 
0.572265625 1.630976 0.028419368233289 
0.57275390625 1.593784 0.027949844733221 
0.5732421875 1.604264 0.028893122856949 
0.57373046875 1.62252 0.029142252363358 
0.57421875 1.612376 0.028465619998531 
0.57470703125 1.59364 0.028200346941903 
0.5751953125 1.591464 0.028451520318235 
0.57568359375 1.557816 0.028006174602387 
0.576171875 1.585352 0.028383125306756 
0.57666015625 1.547256 0.027974562348304 
0.5771484375 1.550712 0.027797680698752 
0.57763671875 1.568464 0.028296180221172 
0.578125 1.563416 0.02860000313759 
0.57861328125 1.564296 0.028751189183446 
0.5791015625 1.518312 0.027961176876304 
0.57958984375 1.513272 0.027400155892568 
0.580078125 1.553728 0.028309993116157 
0.58056640625 1.538448 0.02763230541582 
0.5810546875 1.51784 0.028294417218536 
0.58154296875 1.5214 0.027864266263376 
0.58203125 1.495112 0.027813963398691 
0.58251953125 1.496648 0.028486496002976 
0.5830078125 1.4658 0.027789321746424 
0.58349609375 1.478216 0.028124517678632 
0.583984375 1.460968 0.027304303244517 
0.58447265625 1.51232 0.028094572897197 
0.5849609375 1.488032 0.02878461737775 
0.58544921875 1.488648 0.028757603494655 
0.5859375 1.439688 0.027928756927503 
0.58642578125 1.455096 0.028107741000367 
0.5869140625 1.41524 0.027526608844575 
0.58740234375 1.439928 0.028130592018961 
0.587890625 1.382744 0.027287266978814 
0.58837890625 1.40176 0.02766253883 
0.5888671875 1.372416 0.027192517489533 
0.58935546875 1.413424 0.028024084302089 
0.58984375 1.374008 0.026931216655574 
0.59033203125 1.378888 0.02814151935369 
0.5908203125 1.349408 0.026890635972391 
0.59130859375 1.357072 0.027316675635495 
0.591796875 1.381552 0.027924126765609 
0.59228515625 1.315712 0.02657395784036 
0.5927734375 1.334144 0.027500764370803 
0.59326171875 1.3352 0.02744848947613 
0.59375 1.322392 0.027369380290995 
0.59423828125 1.30612 0.027133166492464 
0.5947265625 1.27732 0.027010849614646 
0.59521484375 1.301936 0.027265577989694 
0.595703125 1.291016 0.026974339609773 
0.59619140625 1.269592 0.027044090618763 
0.5966796875 1.269528 0.027229880320716 
0.59716796875 1.23684 0.026270916990975 
0.59765625 1.250096 0.026621258807316 
0.59814453125 1.297656 0.028020835225151 
0.5986328125 1.197832 0.025840271282468 
0.59912109375 1.202552 0.026012055962928 
0.599609375 1.248352 0.02679573355552 
0.60009765625 1.22648 0.026907559914547 
0.6005859375 1.197864 0.026220502478487 
0.60107421875 1.207648 0.027054661990469 
0.6015625 1.186944 0.026853198912937 
0.60205078125 1.159544 0.025694983634395 
0.6025390625 1.154816 0.025575771074413 
0.60302734375 1.172616 0.0261574341027 
0.603515625 1.14892 0.026362501161892 
0.60400390625 1.137592 0.025833960799166 
0.6044921875 1.12776 0.026327061841926 
0.60498046875 1.137872 0.025850966771838 
0.60546875 1.08176 0.024786046431927 
0.60595703125 1.08184 0.02467140073748 
0.6064453125 1.079216 0.025732996069848 
0.60693359375 1.082408 0.025012129268762 
0.607421875 1.081248 0.025887848209731 
0.60791015625 1.067648 0.025711206867204 
0.6083984375 1.041624 0.024928084720349 
0.60888671875 1.058328 0.026273324847993 
0.609375 1.009624 0.024805735121254 
0.60986328125 1.021824 0.024763102674061 
0.6103515625 1.023 0.024772098318149 
0.61083984375 0.985024 0.024593305845071 
0.611328125 0.953088 0.023231397311857 
0.61181640625 1.015928 0.025419482417085 
0.6123046875 0.963976 0.024747589547175 
0.61279296875 0.9236 0.023901432784664 
0.61328125 0.947136 0.023182548181872 
0.61376953125 0.91772 0.023933068214376 
0.6142578125 0.916856 0.023898314631232 
0.61474609375 0.910752 0.023483579558758 
0.615234375 0.896896 0.022999553017252 
0.61572265625 0.888464 0.023004907318066 
0.6162109375 0.876712 0.022663594530011 
0.61669921875 0.852368 0.022788380255648 
0.6171875 0.867752 0.02289661075356 
0.61767578125 0.878072 0.02313586966637 
0.6181640625 0.848616 0.022659191023955 
0.61865234375 0.85196 0.023128518213747 
0.619140625 0.81176 0.022717715575152 
0.61962890625 0.80664 0.02218930381192 
0.6201171875 0.779448 0.021409362745481 
0.62060546875 0.784104 0.022005431594087 
0.62109375 0.771312 0.022423262081993 
0.62158203125 0.762744 0.021632641494197 
0.6220703125 0.764928 0.021022045121553 
0.62255859375 0.743456 0.020874271567357 
0.623046875 0.750624 0.022128329512109 
0.62353515625 0.720032 0.020286081918396 
0.6240234375 0.724088 0.02118072934178 
0.62451171875 0.712176 0.021392354024667 
0.625 0.69036 0.020373604356289 
0.62548828125 0.68672 0.020904308724922 
0.6259765625 0.666272 0.019835552189609 
0.62646484375 0.684304 0.02096292636591 
0.626953125 0.658048 0.019821652740096 
0.62744140625 0.645144 0.019502246669545 
0.6279296875 0.650104 0.019398159203948 
0.62841796875 0.627064 0.019338839336809 
0.62890625 0.611176 0.019377059010753 
0.62939453125 0.620424 0.019956920663902 
0.6298828125 0.612312 0.019390662162687 
0.63037109375 0.596072 0.019066448087244 
0.630859375 0.594896 0.01909165910474 
0.63134765625 0.57128 0.01845962399356 
0.6318359375 0.558024 0.017832215925345 
0.63232421875 0.558864 0.01807616164148 
0.6328125 0.547688 0.018089913572005 
0.63330078125 0.529064 0.018148454604367 
0.6337890625 0.517928 0.017178717462832 
0.63427734375 0.539904 0.018328427688949 
0.634765625 0.503008 0.016914036993438 
0.63525390625 0.496248 0.017147038691946 
0.6357421875 0.50012 0.017206853866764 
0.63623046875 0.481192 0.017017806327907 
0.63671875 0.4782 0.017540619808739 
0.63720703125 0.468912 0.017152067117387 
0.6376953125 0.43844 0.016124752427858 
0.63818359375 0.443664 0.0157941159584 
0.638671875 0.466776 0.016381894408926 
0.63916015625 0.441232 0.01631499443116 
0.6396484375 0.417264 0.015495901068583 
0.64013671875 0.420584 0.015586852861042 
0.640625 0.404424 0.015284224144775 
0.64111328125 0.399832 0.014821881144536 
0.6416015625 0.380856 0.014885871188514 
0.64208984375 0.387056 0.014834673295345 
0.642578125 0.394576 0.015573134920875 
0.64306640625 0.380352 0.014783508024747 
0.6435546875 0.3734 0.01515404917947 
0.64404296875 0.367944 0.01400454122607 
0.64453125 0.366376 0.014293478647346 
0.64501953125 0.358032 0.014491003213069 
0.6455078125 0.332904 0.013116019936914 
0.64599609375 0.337928 0.013889809862388 
0.646484375 0.323392 0.012972223534216 
0.64697265625 0.305992 0.012710855110115 
0.6474609375 0.30632 0.012948544611865 
0.64794921875 0.309968 0.013817319007779 
0.6484375 0.3002 0.012560465853075 
0.64892578125 0.282232 0.012398116640496 
0.6494140625 0.287512 0.012581355857279 
0.64990234375 0.277288 0.012461082483838 
0.650390625 0.27284 0.012581518597019 
0.65087890625 0.254192 0.01124037637404 
0.6513671875 0.267488 0.011982287747762 
0.65185546875 0.253384 0.011349054924717 
0.65234375 0.231816 0.010691729809734 
0.65283203125 0.22244 0.010393792424014 
0.6533203125 0.225912 0.01078704042795 
0.65380859375 0.223712 0.01065799473671 
0.654296875 0.2236 0.01051820219194 
0.65478515625 0.21396 0.010028448207113 
0.6552734375 0.21192 0.010564040838775 
0.65576171875 0.21668 0.010864712951863 
0.65625 0.206768 0.0098134475977513 
0.65673828125 0.211968 0.011089480390205 
0.6572265625 0.196272 0.010045177915286 
0.65771484375 0.174968 0.0095759461045264 
0.658203125 0.179704 0.0091282191780782 
0.65869140625 0.175736 0.0092840313446581 
0.6591796875 0.17448 0.008687483116056 
0.65966796875 0.167832 0.0086741140008131 
0.66015625 0.173136 0.0096529714742217 
0.66064453125 0.153968 0.0087444643344844 
0.6611328125 0.143168 0.0077225727412845 
0.66162109375 0.148432 0.0079159320636365 
0.662109375 0.151192 0.0087516127214957 
0.66259765625 0.144384 0.0082963807224966 
0.6630859375 0.134528 0.0076245948330459 
0.66357421875 0.135176 0.0078293247111978 
0.6640625 0.128944 0.0078304505263169 
0.66455078125 0.130328 0.0077897441642577 
0.6650390625 0.128112 0.0078223408938621 
0.66552734375 0.115016 0.0067187287563646 
0.666015625 0.124504 0.008067317291283 
0.66650390625 0.113072 0.006924865561055 
0.6669921875 0.119128 0.007304007409791 
0.66748046875 0.106944 0.0070419481051807 
0.66796875 0.100216 0.0062453000427266 
0.66845703125 0.093352 0.0063818237379875 
0.6689453125 0.0952 0.0069870351214932 
0.66943359375 0.096744 0.0063941437665435 
0.669921875 0.098056 0.0065765440521737 
0.67041015625 0.085224 0.0057255439205723 
0.6708984375 0.087536 0.0063002921554669 
0.67138671875 0.07656 0.0052388466673558 
0.671875 0.078784 0.0055787822818551 
0.67236328125 0.079456 0.0056111153149587 
0.6728515625 0.075496 0.0055342196989672 
0.67333984375 0.071368 0.0051434393110887 
0.673828125 0.07096 0.0052340059802234 
0.67431640625 0.060728 0.0050421651105406 
0.6748046875 0.065664 0.0052270426673697 
0.67529296875 0.0566 0.0044692007812684 
0.67578125 0.058896 0.0042600526970489 
0.67626953125 0.062144 0.0049728730476248 
0.6767578125 0.053264 0.0043539532545212 
0.67724609375 0.053352 0.0042618200266811 
0.677734375 0.05448 0.0048644523657931 
0.67822265625 0.048336 0.0039610560198635 
0.6787109375 0.047728 0.0042126114428492 
0.67919921875 0.043008 0.0036949585509501 
0.6796875 0.044936 0.0037938253892367 
0.68017578125 0.039632 0.0036993643939343 
0.6806640625 0.038608 0.003434416195761 
0.68115234375 0.037488 0.0033219924585239 
0.681640625 0.038152 0.0035141063986688 
0.68212890625 0.042072 0.0039203857790409 
0.6826171875 0.033336 0.0030817366175444 
0.68310546875 0.0328 0.003165238627431 
0.68359375 0.034304 0.0033547033411658 
0.68408203125 0.030904 0.0029735017351553 
0.6845703125 0.030392 0.0031986576277828 
0.68505859375 0.027904 0.0031054683320793 
0.685546875 0.029176 0.0029621722266129 
0.68603515625 0.023032 0.0024709060864077 
0.6865234375 0.025128 0.0026349711787674 
0.68701171875 0.023464 0.0027723383747457 
0.6875 0.021 0.0025004768970695 
0.68798828125 0.025144 0.0025987991383162 
0.6884765625 0.022024 0.0025311063418581 
0.68896484375 0.019304 0.0021618819237252 
0.689453125 0.019472 0.0024729075757249 
0.68994140625 0.019904 0.0023300350056994 
0.6904296875 0.018688 0.0021885466846416 
0.69091796875 0.01568 0.0020715453867042 
0.69140625 0.019464 0.0024173024912316 
0.69189453125 0.017368 0.0021292561997206 
0.6923828125 0.0164 0.0021915870260724 
0.69287109375 0.013792 0.0020708285127434 
0.693359375 0.013472 0.0019358531653824 
0.69384765625 0.012336 0.0017450964140511 
0.6943359375 0.012944 0.0020848236730135 
0.69482421875 0.012104 0.0017487908426936 
0.6953125 0.009824 0.0015241442937129 
0.69580078125 0.01132 0.001816846113655 
0.6962890625 0.009696 0.0017530946705179 
0.69677734375 0.010272 0.0016482053162033 
0.697265625 0.006968 0.0012552678924552 
0.69775390625 0.007296 0.0013624079641308 
0.6982421875 0.006896 0.0011860613004236 
0.69873046875 0.007048 0.0011938109933188 
0.69921875 0.005728 0.0010859080179853 
0.69970703125 0.006736 0.001317881004317 
0.7001953125 0.006424 0.0012665521693999 
0.70068359375 0.007776 0.0013576495883864 
0.701171875 0.006048 0.0012121441922437 
0.70166015625 0.00608 0.0010861034892546 
0.7021484375 0.004456 0.0010369299804185 
0.70263671875 0.005304 0.0011138363419458 
0.703125 0.005408 0.0011419408856516 
0.70361328125 0.004328 0.00096054327469995 
0.7041015625 0.004312 0.00091657249635298 
0.70458984375 0.004208 0.0010440713167307 
0.705078125 0.003776 0.00096055339006332 
0.70556640625 0.00356 0.00083268734946658 
0.7060546875 0.003544 0.00097626742183536 
0.70654296875 0.002968 0.00077227452816617 
0.70703125 0.004104 0.00096677291677338 
0.70751953125 0.004248 0.0010701431311835 
0.7080078125 0.003576 0.00093206873743373 
0.70849609375 0.001744 0.00059499763858181 
0.708984375 0.00308 0.00085818766296721 
0.70947265625 0.0018 0.00061269324534849 
0.7099609375 0.003408 0.00081628143397059 
0.71044921875 0.002104 0.00073326721361659 
0.7109375 0.002504 0.00079012064808527 
0.71142578125 0.002656 0.00085046277635098 
0.7119140625 0.001296 0.00049310331657049 
0.71240234375 0.001208 0.00049726307430219 
0.712890625 0.000672 0.00038931067827689 
0.71337890625 0.001376 0.00052423635225777 
0.7138671875 0.001808 0.0006241243951719 
0.71435546875 0.001776 0.00059828732506164 
0.71484375 0.000328 0.00023250611138795 
0.71533203125 0.000616 0.00035646796698843 
0.7158203125 0.000504 0.00030714430750872 
0.71630859375 0.00112 0.00046604167381796 
0.716796875 0.000408 0.00028894218684505 
0.71728515625 0.000984 0.00044443552107753 
0.7177734375 0.001024 0.00046046196623878 
0.71826171875 0.0004 0.0002848178153909 
0.71875 0.001168 0.00047806733491178 
0.71923828125 0.000624 0.00036384008957981 
0.7197265625 0 0 
0.72021484375 0.000872 0.00039786028719664 
0.720703125 0.000784 0.00039380766863401 
0.72119140625 0.000432 0.00030729136976493 
0.7216796875 0.000504 0.00029933221495869 
0.72216796875 0.000608 0.00035566418556788 
0.72265625 0.000168 0.00016799999999999 
0.72314453125 0 0 
0.7236328125 0.00024 0.00023999999999999 
0.72412109375 0.000544 0.00031646092985556 
0.724609375 0 0 
0.72509765625 0.000224 0.000224 
0.7255859375 0 0 
0.72607421875 0 0 
0.7265625 0 0 
0.72705078125 0.000208 0.00020800000000001 
0.7275390625 0.00064 0.00047239726031317 
0.72802734375 0 0 
0.728515625 0 0 
0.72900390625 0.000168 0.00016799999999999 
0.7294921875 0.000184 0.000184 
0.72998046875 0.000176 0.000176 
0.73046875 0 0 
0.73095703125 0 0 
0.7314453125 0 0 
0.73193359375 0.000168 0.000168 
0.732421875 0.000192 0.000192 
0.73291015625 0 0 
0.7333984375 0 0 
0.73388671875 0.000224 0.000224 
0.734375 0 0 
0.73486328125 0 0 
0.7353515625 0.000232 0.00023200000000002 
0.73583984375 0 0 
0.736328125 0 0 
0.73681640625 0 0 
0.7373046875 0 0 
0.73779296875 0 0 
0.73828125 0 0 
0.73876953125 0 0 
0.7392578125 0 0 
0.73974609375 0 0 
0.740234375 0 0 
0.74072265625 0 0 
0.7412109375 0 0 
0.74169921875 0 0 
0.7421875 0 0 
0.74267578125 0 0 
0.7431640625 0 0 
0.74365234375 0 0 
0.744140625 0 0 
0.74462890625 0.000176 0.000176 
0.7451171875 0 0 
0.74560546875 0 0 
0.74609375 0 0 
0.74658203125 0 0 
0.7470703125 0 0 
0.74755859375 0 0 
0.748046875 0 0 
0.74853515625 0 0 
0.7490234375 0 0 
0.74951171875 0 0 
0.75 0 0 
0.75048828125 0 0 
0.7509765625 0 0 
0.75146484375 0 0 
0.751953125 0 0 
0.75244140625 0 0 
0.7529296875 0 0 
0.75341796875 0 0 
0.75390625 0 0 
0.75439453125 0 0 
0.7548828125 0 0 
0.75537109375 0 0 
0.755859375 0 0 
0.75634765625 0 0 
0.7568359375 0 0 
0.75732421875 0 0 
0.7578125 0 0 
0.75830078125 0 0 
0.7587890625 0 0 
0.75927734375 0 0 
0.759765625 0 0 
0.76025390625 0 0 
0.7607421875 0 0 
0.76123046875 0 0 
0.76171875 0 0 
0.76220703125 0 0 
0.7626953125 0 0 
0.76318359375 0 0 
0.763671875 0 0 
0.76416015625 0 0 
0.7646484375 0 0 
0.76513671875 0 0 
0.765625 0 0 
0.76611328125 0 0 
0.7666015625 0 0 
0.76708984375 0 0 
0.767578125 0 0 
0.76806640625 0 0 
0.7685546875 0 0 
0.76904296875 0 0 
0.76953125 0 0 
0.77001953125 0 0 
0.7705078125 0 0 
0.77099609375 0 0 
0.771484375 0 0 
0.77197265625 0 0 
0.7724609375 0 0 
0.77294921875 0 0 
0.7734375 0 0 
0.77392578125 0 0 
0.7744140625 0 0 
0.77490234375 0 0 
0.775390625 0 0 
0.77587890625 0 0 
0.7763671875 0 0 
0.77685546875 0 0 
0.77734375 0 0 
0.77783203125 0 0 
0.7783203125 0 0 
0.77880859375 0 0 
0.779296875 0 0 
0.77978515625 0 0 
0.7802734375 0 0 
0.78076171875 0 0 
0.78125 0 0 
0.78173828125 0 0 
0.7822265625 0 0 
0.78271484375 0 0 
0.783203125 0 0 
0.78369140625 0 0 
0.7841796875 0 0 
0.78466796875 0 0 
0.78515625 0 0 
0.78564453125 0 0 
0.7861328125 0 0 
0.78662109375 0 0 
0.787109375 0 0 
0.78759765625 0 0 
0.7880859375 0 0 
0.78857421875 0 0 
0.7890625 0 0 
0.78955078125 0 0 
0.7900390625 0 0 
0.79052734375 0 0 
0.791015625 0 0 
0.79150390625 0 0 
0.7919921875 0 0 
0.79248046875 0 0 
0.79296875 0 0 
0.79345703125 0 0 
0.7939453125 0 0 
0.79443359375 0 0 
0.794921875 0 0 
0.79541015625 0 0 
0.7958984375 0 0 
0.79638671875 0 0 
0.796875 0 0 
0.79736328125 0 0 
0.7978515625 0 0 
0.79833984375 0 0 
0.798828125 0 0 
0.79931640625 0 0 
0.7998046875 0 0 
0.80029296875 0 0 
0.80078125 0 0 
0.80126953125 0 0 
0.8017578125 0 0 
0.80224609375 0 0 
0.802734375 0 0 
0.80322265625 0 0 
0.8037109375 0 0 
0.80419921875 0 0 
0.8046875 0 0 
0.80517578125 0 0 
0.8056640625 0 0 
0.80615234375 0 0 
0.806640625 0 0 
0.80712890625 0 0 
0.8076171875 0 0 
0.80810546875 0 0 
0.80859375 0 0 
0.80908203125 0 0 
0.8095703125 0 0 
0.81005859375 0 0 
0.810546875 0 0 
0.81103515625 0 0 
0.8115234375 0 0 
0.81201171875 0 0 
0.8125 0 0 
0.81298828125 0 0 
0.8134765625 0 0 
0.81396484375 0 0 
0.814453125 0 0 
0.81494140625 0 0 
0.8154296875 0 0 
0.81591796875 0 0 
0.81640625 0 0 
0.81689453125 0 0 
0.8173828125 0 0 
0.81787109375 0 0 
0.818359375 0 0 
0.81884765625 0 0 
0.8193359375 0 0 
0.81982421875 0 0 
0.8203125 0 0 
0.82080078125 0 0 
0.8212890625 0 0 
0.82177734375 0 0 
0.822265625 0 0 
0.82275390625 0 0 
0.8232421875 0 0 
0.82373046875 0 0 
0.82421875 0 0 
0.82470703125 0 0 
0.8251953125 0 0 
0.82568359375 0 0 
0.826171875 0 0 
0.82666015625 0 0 
0.8271484375 0 0 
0.82763671875 0 0 
0.828125 0 0 
0.82861328125 0 0 
0.8291015625 0 0 
0.82958984375 0 0 
0.830078125 0 0 
0.83056640625 0 0 
0.8310546875 0 0 
0.83154296875 0 0 
0.83203125 0 0 
0.83251953125 0 0 
0.8330078125 0 0 
0.83349609375 0 0 
0.833984375 0 0 
0.83447265625 0 0 
0.8349609375 0 0 
0.83544921875 0 0 
0.8359375 0 0 
0.83642578125 0 0 
0.8369140625 0 0 
0.83740234375 0 0 
0.837890625 0 0 
0.83837890625 0 0 
0.8388671875 0 0 
0.83935546875 0 0 
0.83984375 0 0 
0.84033203125 0 0 
0.8408203125 0 0 
0.84130859375 0 0 
0.841796875 0 0 
0.84228515625 0 0 
0.8427734375 0 0 
0.84326171875 0 0 
0.84375 0 0 
0.84423828125 0 0 
0.8447265625 0 0 
0.84521484375 0 0 
0.845703125 0 0 
0.84619140625 0 0 
0.8466796875 0 0 
0.84716796875 0 0 
0.84765625 0 0 
0.84814453125 0 0 
0.8486328125 0 0 
0.84912109375 0 0 
0.849609375 0 0 
0.85009765625 0 0 
0.8505859375 0 0 
0.85107421875 0 0 
0.8515625 0 0 
0.85205078125 0 0 
0.8525390625 0 0 
0.85302734375 0 0 
0.853515625 0 0 
0.85400390625 0 0 
0.8544921875 0 0 
0.85498046875 0 0 
0.85546875 0 0 
0.85595703125 0 0 
0.8564453125 0 0 
0.85693359375 0 0 
0.857421875 0 0 
0.85791015625 0 0 
0.8583984375 0 0 
0.85888671875 0 0 
0.859375 0 0 
0.85986328125 0 0 
0.8603515625 0 0 
0.86083984375 0 0 
0.861328125 0 0 
0.86181640625 0 0 
0.8623046875 0 0 
0.86279296875 0 0 
0.86328125 0 0 
0.86376953125 0 0 
0.8642578125 0 0 
0.86474609375 0 0 
0.865234375 0 0 
0.86572265625 0 0 
0.8662109375 0 0 
0.86669921875 0 0 
0.8671875 0 0 
0.86767578125 0 0 
0.8681640625 0 0 
0.86865234375 0 0 
0.869140625 0 0 
0.86962890625 0 0 
0.8701171875 0 0 
0.87060546875 0 0 
0.87109375 0 0 
0.87158203125 0 0 
0.8720703125 0 0 
0.87255859375 0 0 
0.873046875 0 0 
0.87353515625 0 0 
0.8740234375 0 0 
0.87451171875 0 0 
0.875 0 0 
0.87548828125 0 0 
0.8759765625 0 0 
0.87646484375 0 0 
0.876953125 0 0 
0.87744140625 0 0 
0.8779296875 0 0 
0.87841796875 0 0 
0.87890625 0 0 
0.87939453125 0 0 
0.8798828125 0 0 
0.88037109375 0 0 
0.880859375 0 0 
0.88134765625 0 0 
0.8818359375 0 0 
0.88232421875 0 0 
0.8828125 0 0 
0.88330078125 0 0 
0.8837890625 0 0 
0.88427734375 0 0 
0.884765625 0 0 
0.88525390625 0 0 
0.8857421875 0 0 
0.88623046875 0 0 
0.88671875 0 0 
0.88720703125 0 0 
0.8876953125 0 0 
0.88818359375 0 0 
0.888671875 0 0 
0.88916015625 0 0 
0.8896484375 0 0 
0.89013671875 0 0 
0.890625 0 0 
0.89111328125 0 0 
0.8916015625 0 0 
0.89208984375 0 0 
0.892578125 0 0 
0.89306640625 0 0 
0.8935546875 0 0 
0.89404296875 0 0 
0.89453125 0 0 
0.89501953125 0 0 
0.8955078125 0 0 
0.89599609375 0 0 
0.896484375 0 0 
0.89697265625 0 0 
0.8974609375 0 0 
0.89794921875 0 0 
0.8984375 0 0 
0.89892578125 0 0 
0.8994140625 0 0 
0.89990234375 0 0 
0.900390625 0 0 
0.90087890625 0 0 
0.9013671875 0 0 
0.90185546875 0 0 
0.90234375 0 0 
0.90283203125 0 0 
0.9033203125 0 0 
0.90380859375 0 0 
0.904296875 0 0 
0.90478515625 0 0 
0.9052734375 0 0 
0.90576171875 0 0 
0.90625 0 0 
0.90673828125 0 0 
0.9072265625 0 0 
0.90771484375 0 0 
0.908203125 0 0 
0.90869140625 0 0 
0.9091796875 0 0 
0.90966796875 0 0 
0.91015625 0 0 
0.91064453125 0 0 
0.9111328125 0 0 
0.91162109375 0 0 
0.912109375 0 0 
0.91259765625 0 0 
0.9130859375 0 0 
0.91357421875 0 0 
0.9140625 0 0 
0.91455078125 0 0 
0.9150390625 0 0 
0.91552734375 0 0 
0.916015625 0 0 
0.91650390625 0 0 
0.9169921875 0 0 
0.91748046875 0 0 
0.91796875 0 0 
0.91845703125 0 0 
0.9189453125 0 0 
0.91943359375 0 0 
0.919921875 0 0 
0.92041015625 0 0 
0.9208984375 0 0 
0.92138671875 0 0 
0.921875 0 0 
0.92236328125 0 0 
0.9228515625 0 0 
0.92333984375 0 0 
0.923828125 0 0 
0.92431640625 0 0 
0.9248046875 0 0 
0.92529296875 0 0 
0.92578125 0 0 
0.92626953125 0 0 
0.9267578125 0 0 
0.92724609375 0 0 
0.927734375 0 0 
0.92822265625 0 0 
0.9287109375 0 0 
0.92919921875 0 0 
0.9296875 0 0 
0.93017578125 0 0 
0.9306640625 0 0 
0.93115234375 0 0 
0.931640625 0 0 
0.93212890625 0 0 
0.9326171875 0 0 
0.93310546875 0 0 
0.93359375 0 0 
0.93408203125 0 0 
0.9345703125 0 0 
0.93505859375 0 0 
0.935546875 0 0 
0.93603515625 0 0 
0.9365234375 0 0 
0.93701171875 0 0 
0.9375 0 0 
0.93798828125 0 0 
0.9384765625 0 0 
0.93896484375 0 0 
0.939453125 0 0 
0.93994140625 0 0 
0.9404296875 0 0 
0.94091796875 0 0 
0.94140625 0 0 
0.94189453125 0 0 
0.9423828125 0 0 
0.94287109375 0 0 
0.943359375 0 0 
0.94384765625 0 0 
0.9443359375 0 0 
0.94482421875 0 0 
0.9453125 0 0 
0.94580078125 0 0 
0.9462890625 0 0 
0.94677734375 0 0 
0.947265625 0 0 
0.94775390625 0 0 
0.9482421875 0 0 
0.94873046875 0 0 
0.94921875 0 0 
0.94970703125 0 0 
0.9501953125 0 0 
0.95068359375 0 0 
0.951171875 0 0 
0.95166015625 0 0 
0.9521484375 0 0 
0.95263671875 0 0 
0.953125 0 0 
0.95361328125 0 0 
0.9541015625 0 0 
0.95458984375 0 0 
0.955078125 0 0 
0.95556640625 0 0 
0.9560546875 0 0 
0.95654296875 0 0 
0.95703125 0 0 
0.95751953125 0 0 
0.9580078125 0 0 
0.95849609375 0 0 
0.958984375 0 0 
0.95947265625 0 0 
0.9599609375 0 0 
0.96044921875 0 0 
0.9609375 0 0 
0.96142578125 0 0 
0.9619140625 0 0 
0.96240234375 0 0 
0.962890625 0 0 
0.96337890625 0 0 
0.9638671875 0 0 
0.96435546875 0 0 
0.96484375 0 0 
0.96533203125 0 0 
0.9658203125 0 0 
0.96630859375 0 0 
0.966796875 0 0 
0.96728515625 0 0 
0.9677734375 0 0 
0.96826171875 0 0 
0.96875 0 0 
0.96923828125 0 0 
0.9697265625 0 0 
0.97021484375 0 0 
0.970703125 0 0 
0.97119140625 0 0 
0.9716796875 0 0 
0.97216796875 0 0 
0.97265625 0 0 
0.97314453125 0 0 
0.9736328125 0 0 
0.97412109375 0 0 
0.974609375 0 0 
0.97509765625 0 0 
0.9755859375 0 0 
0.97607421875 0 0 
0.9765625 0 0 
0.97705078125 0 0 
0.9775390625 0 0 
0.97802734375 0 0 
0.978515625 0 0 
0.97900390625 0 0 
0.9794921875 0 0 
0.97998046875 0 0 
0.98046875 0 0 
0.98095703125 0 0 
0.9814453125 0 0 
0.98193359375 0 0 
0.982421875 0 0 
0.98291015625 0 0 
0.9833984375 0 0 
0.98388671875 0 0 
0.984375 0 0 
0.98486328125 0 0 
0.9853515625 0 0 
0.98583984375 0 0 
0.986328125 0 0 
0.98681640625 0 0 
0.9873046875 0 0 
0.98779296875 0 0 
0.98828125 0 0 
0.98876953125 0 0 
0.9892578125 0 0 
0.98974609375 0 0 
0.990234375 0 0 
0.99072265625 0 0 
0.9912109375 0 0 
0.99169921875 0 0 
0.9921875 0 0 
0.99267578125 0 0 
0.9931640625 0 0 
0.99365234375 0 0 
0.994140625 0 0 
0.99462890625 0 0 
0.9951171875 0 0 
0.99560546875 0 0 
0.99609375 0 0 
0.99658203125 0 0 
0.9970703125 0 0 
0.99755859375 0 0 
0.998046875 0 0 
0.99853515625 0 0 
0.9990234375 0 0 
0.99951171875 0 0 
1 0 0 
