0.00041649312786339 0.31322264257812 0.010963218070538 
0.0012494793835902 0.32622180664063 0.010706367333961 
0.002082465639317 0.31381351367187 0.010551740937509 
0.0029154518950437 0.31116866210937 0.010857943146084 
0.0037484381507705 0.31260363476563 0.010676917723625 
0.0045814244064973 0.31761197070312 0.010756542848422 
0.0054144106622241 0.3058836484375 0.010598965390979 
0.0062473969179509 0.33106132226563 0.011458687246727 
0.0070803831736776 0.32874004296875 0.011044529342599 
0.0079133694294044 0.31017449804688 0.010419818848283 
0.0087463556851312 0.3205897734375 0.010972108981747 
0.009579341940858 0.32199191992188 0.01086236004832 
0.010412328196585 0.315243796875 0.010631075399147 
0.011245314452312 0.31412770703125 0.010503023143068 
0.012078300708038 0.3207773515625 0.010793090877679 
0.012911286963765 0.32093210351563 0.011024941053491 
0.013744273219492 0.31850296679688 0.010819871313084 
0.014577259475219 0.3265922734375 0.010963387583094 
0.015410245730945 0.32091803515625 0.010581907841665 
0.016243231986672 0.31685696875 0.010633412825039 
0.017076218242399 0.30922722851563 0.01068926965344 
0.017909204498126 0.306240046875 0.0099540552652497 
0.018742190753853 0.3121112421875 0.010407279482442 
0.019575177009579 0.30830340625 0.010467657961304 
0.020408163265306 0.32797566210938 0.01089985009534 
0.021241149521033 0.31407612304687 0.010456639226042 
0.02207413577676 0.31350400976563 0.010373342593823 
0.022907122032486 0.31839979882812 0.01054302869687 
0.023740108288213 0.32105871875 0.010866130994621 
0.02457309454394 0.32517605859375 0.010762696770596 
0.025406080799667 0.30672775 0.010236358505882 
0.026239067055394 0.31973160351563 0.010816645087931 
0.02707205331112 0.31664125390625 0.010489373639311 
0.027905039566847 0.32345502929687 0.010646525437741 
0.028738025822574 0.31720398828125 0.010600002889226 
0.029571012078301 0.31613010351562 0.010624249482983 
0.030403998334027 0.31273025 0.010411958107559 
0.031236984589754 0.31738687695313 0.010426542339361 
0.032069970845481 0.32353006054687 0.010740210886192 
0.032902957101208 0.31892501757812 0.010519452572023 
0.033735943356935 0.32575755078125 0.010813653532484 
0.034568929612661 0.3268173671875 0.01068976241867 
0.035401915868388 0.3213400859375 0.010794588415193 
0.036234902124115 0.31341022070313 0.010262165624163 
0.037067888379842 0.31699296289063 0.010570289076938 
0.037900874635569 0.32290636328125 0.010753552310677 
0.038733860891295 0.3287681796875 0.010589626895172 
0.039566847147022 0.31838573046875 0.010461587587564 
0.040399833402749 0.32851494921875 0.010763410621005 
0.041232819658476 0.32536832617187 0.010522059225907 
0.042065805914202 0.30963052148437 0.010178088447049 
0.042898792169929 0.30860353125 0.0099925619416706 
0.043731778425656 0.32866501171875 0.01060411019965 
0.044564764681383 0.32174337890625 0.010476122691555 
0.04539775093711 0.32726286523437 0.010722665577341 
0.046230737192836 0.3171383359375 0.010316589036957 
0.047063723448563 0.32592637109375 0.010594688780602 
0.04789670970429 0.31604100390625 0.010245338802739 
0.048729695960017 0.33118324804687 0.010722550025009 
0.049562682215743 0.33200859179687 0.010561857507961 
0.05039566847147 0.32024275390625 0.010221956850976 
0.051228654727197 0.33257132617187 0.010700331817537 
0.052061640982924 0.321546421875 0.010258918488388 
0.052894627238651 0.32612801757812 0.010266127114169 
0.053727613494377 0.32885727929687 0.010292462531451 
0.054560599750104 0.33290427734375 0.010519803050945 
0.055393586005831 0.33776724023437 0.01073787293268 
0.056226572261558 0.324922828125 0.010337349396766 
0.057059558517284 0.31531413867187 0.010038059764382 
0.057892544773011 0.32648441601563 0.010259317321314 
0.058725531028738 0.3188640546875 0.0099284676619484 
0.059558517284465 0.32273754296875 0.010243119366614 
0.060391503540192 0.32394273242187 0.010223940377765 
0.061224489795918 0.31540792773437 0.009825391324166 
0.062057476051645 0.32423347851563 0.010146983717335 
0.062890462307372 0.31529069140625 0.0098674273878597 
0.063723448563099 0.32080548828125 0.0099767000618201 
0.064556434818825 0.32450077734375 0.010142211493724 
0.065389421074552 0.308415953125 0.0095847223005138 
0.066222407330279 0.3108732265625 0.0097901231889529 
0.067055393586006 0.33223368554687 0.010365854055584 
0.067888379841733 0.33795012890625 0.010198704970207 
0.068721366097459 0.32800848828125 0.010079715471874 
0.069554352353186 0.3239286640625 0.0099109148676027 
0.070387338608913 0.33209300195312 0.010094213151645 
0.07122032486464 0.32727224414063 0.01004922341451 
0.072053311120367 0.32374577539062 0.0099041146811475 
0.072886297376093 0.34522816015625 0.010655702413405 
0.07371928363182 0.32751140625 0.010069884816984 
0.074552269887547 0.32543866796875 0.010066402160513 
0.075385256143274 0.31567053710937 0.0097847043256968 
0.076218242399 0.3243413359375 0.00981058126266 
0.077051228654727 0.33547409765625 0.010234934076691 
0.077884214910454 0.32858529101563 0.010021416315983 
0.078717201166181 0.33488791601563 0.010148269664966 
0.079550187421908 0.323797359375 0.0097722445564382 
0.080383173677634 0.31387916601562 0.0095345998066037 
0.081216159933361 0.33976963671875 0.01014981826934 
0.082049146189088 0.33183508203125 0.010159507525092 
0.082882132444815 0.334301734375 0.010055762343441 
0.083715118700541 0.330925328125 0.0099641450532624 
0.084548104956268 0.3348832265625 0.0099921291470818 
0.085381091211995 0.33082684960937 0.010082860127213 
0.086214077467722 0.32750671679687 0.0097982623714828 
0.087047063723449 0.3440745546875 0.010233731997102 
0.087880049979175 0.33983059960938 0.0099501793953462 
0.088713036234902 0.33999941992187 0.009947463243282 
0.089546022490629 0.31831069921875 0.009345251495826 
0.090379008746356 0.33975556835938 0.010047973998879 
0.091211995002082 0.3286556328125 0.0097270354963171 
0.092044981257809 0.33488791601563 0.0097362205964547 
0.092877967513536 0.335802359375 0.0098720318495503 
0.093710953769263 0.33591021679687 0.0096977307823555 
0.09454394002499 0.33452213867188 0.0099840661280422 
0.095376926280716 0.3502271171875 0.010204239860426 
0.096209912536443 0.33300275585937 0.0098199937607454 
0.09704289879217 0.34104047851563 0.010017500560653 
0.097875885047897 0.33614468945313 0.0098821005580694 
0.098708871303623 0.35079923046875 0.010117391717711 
0.09954185755935 0.35195752539063 0.010305904606464 
0.10037484381508 0.34455287890625 0.0099326682802132 
0.1012078300708 0.33688093359375 0.009684235210276 
0.10204081632653 0.33843314257812 0.0098207525397552 
0.10287380258226 0.32699087695313 0.0096022137146095 
0.10370678883798 0.33866761523437 0.0099636422419764 
0.10453977509371 0.33888801953125 0.0098336362205212 
0.10537276134944 0.3437744296875 0.010054542287261 
0.10620574760516 0.3434743046875 0.0098664083865361 
0.10703873386089 0.34864677148438 0.010278775541508 
0.10787172011662 0.34742751367187 0.0099388425884258 
0.10870470637234 0.34417772265625 0.0097537494683076 
0.10953769262807 0.34935018945313 0.009913294084583 
0.1103706788838 0.35184497851562 0.0098458905036448 
0.11120366513953 0.340041625 0.009626831425871 
0.11203665139525 0.3458377890625 0.0099480415814918 
0.11286963765098 0.34791990625 0.00992276320866 
0.11370262390671 0.35985925390625 0.00988221576211 
0.11453561016243 0.348145 0.0097705380036884 
0.11536859641816 0.34145783984375 0.0097536696797327 
0.11620158267389 0.35914645703125 0.010055305240544 
0.11703456892961 0.3466631328125 0.0096440049465248 
0.11786755518534 0.3544288671875 0.0098394609186385 
0.11870054144107 0.3545789296875 0.0098329950619947 
0.11953352769679 0.34706642578125 0.0095567138776402 
0.12036651395252 0.34921888476562 0.0098515582890816 
0.12119950020825 0.3468507109375 0.0099181851493618 
0.12203248646397 0.356248375 0.0098733907072002 
0.1228654727197 0.34874525 0.0097244597729963 
0.12369845897543 0.35333622460937 0.0098577596726843 
0.12453144523115 0.35642657421875 0.0098994083084106 
0.12536443148688 0.36235404296875 0.0099319826575342 
0.12619741774261 0.35302672070313 0.0097954022051459 
0.12703040399833 0.35305016796875 0.0095808971928967 
0.12786339025406 0.35358945507813 0.0098950813370398 
0.12869637650979 0.34791521679688 0.0097479033130103 
0.12952936276551 0.34152818164062 0.0094898160420684 
0.13036234902124 0.36282767773438 0.010172269867471 
0.13119533527697 0.36177724023438 0.0097913657906088 
0.13202832153269 0.36639166210938 0.0098952375387933 
0.13286130778842 0.35963884960938 0.0098865601500016 
0.13369429404415 0.36828151171875 0.0097488550074585 
0.13452728029988 0.35911363085937 0.0099330504741187 
0.1353602665556 0.36355923242187 0.0099733074517728 
0.13619325281133 0.3635076484375 0.0098173561144031 
0.13702623906706 0.36984309960938 0.010019533550183 
0.13785922532278 0.34846857226562 0.0094366047403354 
0.13869221157851 0.36131767382812 0.0097891578210645 
0.13952519783424 0.35837269726563 0.0099374779139928 
0.14035818408996 0.35193876757812 0.009507177657427 
0.14119117034569 0.355648125 0.0097746891139436 
0.14202415660142 0.357561421875 0.0095897659857867 
0.14285714285714 0.36742334179688 0.0099270592157117 
0.14369012911287 0.36964614257813 0.0099056082341003 
0.1445231153686 0.36093313867187 0.0097159504055231 
0.14535610162432 0.36803297070313 0.009756016841671 
0.14618908788005 0.3622321171875 0.0097315193992609 
0.14702207413578 0.35910894140625 0.0092505888065143 
0.1478550603915 0.36743272070312 0.0098817754018243 
0.14868804664723 0.37000723046875 0.01003617168027 
0.14952103290296 0.36640104101562 0.0097875824460335 
0.15035401915868 0.36547252929688 0.0097988581589448 
0.15118700541441 0.360637703125 0.0095178489420748 
0.15201999167014 0.364239203125 0.0097507340231387 
0.15285297792586 0.37188301171875 0.0097769290422565 
0.15368596418159 0.376957 0.0098535565867334 
0.15451895043732 0.37402140234375 0.0098317302564219 
0.15535193669304 0.38546366796875 0.0099642784475545 
0.15618492294877 0.3840662109375 0.0096966710746669 
0.1570179092045 0.36964614257813 0.0097824544220605 
0.15785089546022 0.3728115234375 0.0099209353276882 
0.15868388171595 0.37290062304687 0.0097222804041853 
0.15951686797168 0.38973575976562 0.010134407443835 
0.16034985422741 0.375118734375 0.0098235683815712 
0.16118284048313 0.36770001953125 0.0093835658390097 
0.16201582673886 0.38678140429687 0.010205574228993 
0.16284881299459 0.3766381171875 0.0097509438682326 
0.16368179925031 0.38265468554687 0.0098058098948685 
0.16451478550604 0.37453255273437 0.0099828983149829 
0.16534777176177 0.37861706640625 0.0097713758510656 
0.16618075801749 0.3744997265625 0.0096383224307549 
0.16701374427322 0.38722690234375 0.010088883979697 
0.16784673052895 0.37852327734375 0.0095953488631715 
0.16867971678467 0.38834768164062 0.0097900934738415 
0.1695127030404 0.38450701953125 0.0098857429140495 
0.17034568929613 0.38510726953125 0.0097921724779554 
0.17117867555185 0.37653025976562 0.009550629627757 
0.17201166180758 0.3821529140625 0.009808151510634 
0.17284464806331 0.3976093515625 0.010277829934871 
0.17367763431903 0.39835028515625 0.01012859287128 
0.17451062057476 0.37849045117188 0.0094827483001985 
0.17534360683049 0.39045324609375 0.009760171097788 
0.17617659308621 0.40756506054688 0.010282265732433 
0.17700957934194 0.39732329492188 0.010092396540951 
0.17784256559767 0.38775681054688 0.0095656321151059 
0.17867555185339 0.39939134375 0.010437808675986 
0.17950853810912 0.404230859375 0.010140346703494 
0.18034152436485 0.40288498632812 0.010112374057 
0.18117451062057 0.39425639257812 0.010030363573568 
0.1820074968763 0.3980595390625 0.0098134993543002 
0.18284048313203 0.40372908789062 0.010117932944019 
0.18367346938776 0.41313613085938 0.010307168365583 
0.18450645564348 0.40425430664063 0.010007710136641 
0.18533944189921 0.40687102148437 0.009950528688184 
0.18617242815494 0.40054494921875 0.0098957202518502 
0.18700541441066 0.40408548632812 0.010237786582588 
0.18783840066639 0.40605505664062 0.010037479671599 
0.18867138692212 0.41032245898437 0.010123375982825 
0.18950437317784 0.41108215039063 0.010066352494028 
0.19033735943357 0.39003588476562 0.0099785197924686 
0.1911703456893 0.40039957617187 0.010034755990905 
0.19200333194502 0.39694813867188 0.0095442758648185 
0.19283631820075 0.399728984375 0.0097987510527772 
0.19366930445648 0.40228942578125 0.010035301051389 
0.1945022907122 0.3977969296875 0.0098627489210735 
0.19533527696793 0.41073044140625 0.010114532685224 
0.19616826322366 0.403668125 0.0098940091359896 
0.19700124947938 0.411283796875 0.00994366674414 
0.19783423573511 0.4141912578125 0.010135251004602 
0.19866722199084 0.40534694921875 0.0099445258570065 
0.19950020824656 0.41656881054688 0.0099794548516067 
0.20033319450229 0.4204188515625 0.010173910471039 
0.20116618075802 0.42193354492188 0.010082646856674 
0.20199916701374 0.42761247265625 0.010202101423073 
0.20283215326947 0.40431058007813 0.009992158291472 
0.2036651395252 0.42553035546875 0.01032218957614 
0.20449812578092 0.40701170507812 0.0099013320121767 
0.20533111203665 0.407082046875 0.010091938558523 
0.20616409829238 0.41484778125 0.009946920819344 
0.2069970845481 0.41547616796875 0.010037203798141 
0.20783007080383 0.43419177539062 0.01048930506781 
0.20866305705956 0.41162612695313 0.0097561088864564 
0.20949604331529 0.42967114257812 0.010277808797119 
0.21032902957101 0.4281095546875 0.010329455919601 
0.21116201582674 0.4171549921875 0.010147555172675 
0.21199500208247 0.43220344726562 0.010212948229065 
0.21282798833819 0.42179755078125 0.010085608565665 
0.21366097459392 0.42627597851563 0.01011252957413 
0.21449396084965 0.42176472460937 0.010188181886442 
0.21532694710537 0.42421730859375 0.010121773211147 
0.2161599333611 0.42993375195312 0.010058832828697 
0.21699291961683 0.41415843164063 0.010002493786391 
0.21782590587255 0.43223158398438 0.010285380950254 
0.21865889212828 0.42978837890625 0.0099169608520554 
0.21949187838401 0.43962216210938 0.010421562767517 
0.22032486463973 0.43624575585938 0.010315574932213 
0.22115785089546 0.4238702890625 0.010143408576472 
0.22199083715119 0.43236288867188 0.010114063797091 
0.22282382340691 0.44434444140625 0.010311833765331 
0.22365680966264 0.426290046875 0.010045568573604 
0.22448979591837 0.437882375 0.010067576319465 
0.22532278217409 0.44317676757813 0.010299274509404 
0.22615576842982 0.4454792890625 0.010381820948669 
0.22698875468555 0.43996918164063 0.010126540232617 
0.22782174094127 0.43884371289063 0.010460396625029 
0.228654727197 0.43688352148437 0.010131249838018 
0.22948771345273 0.45258381054688 0.01029070445369 
0.23032069970845 0.4539390625 0.010416544654593 
0.23115368596418 0.4556835390625 0.010510956909958 
0.23198667221991 0.44757547460937 0.01037493236016 
0.23281965847564 0.45785006640625 0.010535134379116 
0.23365264473136 0.45545375585937 0.010522073224484 
0.23448563098709 0.44998585351563 0.010272548353156 
0.23531861724282 0.45027659960937 0.01058835662164 
0.23615160349854 0.43630202929688 0.010038667131609 
0.23698458975427 0.44582630859375 0.010226962957559 
0.23781757601 0.45072678710938 0.010519835267212 
0.23865056226572 0.46919385351562 0.010758733155449 
0.23948354852145 0.45738581054687 0.010467901436548 
0.24031653477718 0.46652086523437 0.010430374469063 
0.2411495210329 0.45827680664062 0.01048414282502 
0.24198250728863 0.46199554296875 0.010499195832834 
0.24281549354436 0.45717009570313 0.010539565554939 
0.24364847980008 0.45925221289062 0.010389599376046 
0.24448146605581 0.4589098828125 0.010670202136995 
0.24531445231154 0.467257109375 0.01080410699078 
0.24614743856726 0.4529073828125 0.010321967954722 
0.24698042482299 0.470783578125 0.010637316010772 
0.24781341107872 0.47697834570312 0.010564372159105 
0.24864639733444 0.47154326953125 0.010596490861427 
0.24947938359017 0.47624679101563 0.010945534685121 
0.2503123698459 0.46952211523437 0.010700723405247 
0.25114535610162 0.468607671875 0.010610549428731 
0.25197834235735 0.46657244921875 0.010325435737441 
0.25281132861308 0.47144948046875 0.01049914612037 
0.2536443148688 0.47215758789063 0.010643416450508 
0.25447730112453 0.464631015625 0.010288199037399 
0.25531028738026 0.47801940429688 0.010462634433742 
0.25614327363598 0.48020468945312 0.010614672580316 
0.25697625989171 0.48700439648438 0.010584344544766 
0.25780924614744 0.494418421875 0.010896135714417 
0.25864223240317 0.48958828515625 0.010819540712185 
0.25947521865889 0.49600814648438 0.01096399290322 
0.26030820491462 0.49288028125 0.011036122916859 
0.26114119117035 0.485902375 0.010710524184345 
0.26197417742607 0.47673918359375 0.010714297614287 
0.2628071636818 0.49569864257813 0.010938796179574 
0.26364014993753 0.483501375 0.010605739604153 
0.26447313619325 0.49787923828125 0.010675422814337 
0.26530612244898 0.50193561523438 0.010772900328708 
0.26613910870471 0.49407609179688 0.010910443058962 
0.26697209496043 0.50579034570313 0.01082738267822 
0.26780508121616 0.50389580664062 0.010937789605913 
0.26863806747189 0.49575960546875 0.010711655024513 
0.26947105372761 0.49932358984375 0.010686542887393 
0.27030403998334 0.50560745703125 0.010969103577401 
0.27113702623907 0.4975509765625 0.010809367276972 
0.27197001249479 0.48469249609375 0.010416075254166 
0.27280299875052 0.49167040234375 0.010568165963263 
0.27363598500625 0.49757442382813 0.010872956793424 
0.27446897126197 0.50009266015625 0.010686471864659 
0.2753019575177 0.50995458007812 0.010998493790749 
0.27613494377343 0.50656410546875 0.010752957351442 
0.27696793002915 0.50332369335937 0.010961680103839 
0.27780091628488 0.51975553710938 0.01130425547831 
0.27863390254061 0.52479669921875 0.011391511652605 
0.27946688879633 0.52770884960938 0.01110199847972 
0.28029987505206 0.5141328828125 0.010960674521918 
0.28113286130779 0.50900262109375 0.010884001711595 
0.28196584756352 0.51386089453125 0.011048544525966 
0.28279883381924 0.51703096484375 0.010880763323602 
0.28363182007497 0.52123740429688 0.01111164716487 
0.2844648063307 0.52250355664062 0.011113662098322 
0.28529779258642 0.51973677929688 0.011074273504041 
0.28613077884215 0.53051314257812 0.011171476659054 
0.28696376509788 0.51657608789063 0.010847120365199 
0.2877967513536 0.52086224804687 0.01090274036407 
0.28862973760933 0.53552616796875 0.011280869420172 
0.28946272386506 0.51644009375 0.010806206870094 
0.29029571012078 0.53720968164062 0.011201131704853 
0.29112869637651 0.53514632226563 0.011177966689056 
0.29196168263224 0.53899636328125 0.011316214795716 
0.29279466888796 0.53362693945313 0.011266462038323 
0.29362765514369 0.5432450078125 0.011149417263088 
0.29446064139942 0.54937412304688 0.011506467396103 
0.29529362765514 0.55017601953125 0.011459718399927 
0.29612661391087 0.5250499296875 0.010883491828211 
0.2969596001666 0.54895207226563 0.011308368662804 
0.29779258642232 0.54960859570313 0.011111845149632 
0.29862557267805 0.55266611914063 0.01130140528962 
0.29945855893378 0.54788756640625 0.01130397787335 
0.3002915451895 0.552342546875 0.011427581900188 
0.30112453144523 0.56315642578125 0.01148743292721 
0.30195751770096 0.55215965820312 0.011042186226039 
0.30279050395668 0.54798604492187 0.011069443533825 
0.30362349021241 0.58257076171875 0.011670762428081 
0.30445647646814 0.55608473046875 0.011343983783812 
0.30528946272387 0.56872749609375 0.01165568520915 
0.30612244897959 0.5812108203125 0.011485687908139 
0.30695543523532 0.55574240039062 0.011207949162003 
0.30778842149105 0.55577053710937 0.011236560957276 
0.30862140774677 0.57199604492188 0.011378593352073 
0.3094543940025 0.58560483789063 0.011779478651707 
0.31028738025823 0.57683556054688 0.011680779448295 
0.31112036651395 0.5702562578125 0.011329963499797 
0.31195335276968 0.55987380859375 0.010903862984537 
0.31278633902541 0.588432578125 0.011790151166344 
0.31361932528113 0.5884138203125 0.011643502875616 
0.31445231153686 0.59102115625 0.011676388797905 
0.31528529779259 0.59582784570313 0.011612350008521 
0.31611828404831 0.59722530273438 0.011768865153216 
0.31695127030404 0.57588829101562 0.011069898378274 
0.31778425655977 0.58724145703125 0.011384911012373 
0.31861724281549 0.59876344335937 0.011608547233652 
0.31945022907122 0.60241183789063 0.011739684214097 
0.32028321532695 0.60528178320312 0.011644324529115 
0.32111620158267 0.58212057421875 0.011467349353262 
0.3219491878384 0.61511087695312 0.011970493395445 
0.32278217409413 0.59781617382813 0.011603893819403 
0.32361516034985 0.60228522265625 0.01160142194065 
0.32444814660558 0.60314339257812 0.011544238840325 
0.32528113286131 0.61319758007812 0.011406142272358 
0.32611411911703 0.60756085742187 0.011901968612333 
0.32694710537276 0.61479668359375 0.0115783143767 
0.32778009162849 0.61814964257812 0.012024880996915 
0.32861307788421 0.60902865625 0.011575091274733 
0.32944606413994 0.62455543554687 0.012002193558933 
0.33027905039567 0.6069465390625 0.011766744195435 
0.3311120366514 0.61603000976563 0.011728744515938 
0.33194502290712 0.62922613085937 0.011987184562692 
0.33277800916285 0.61473103125 0.011887527110415 
0.33361099541858 0.63595549609375 0.011997825593707 
0.3344439816743 0.63035159960938 0.012020785930394 
0.33527696793003 0.629699765625 0.011692743896897 
0.33610995418576 0.63034222070313 0.011802260890694 
0.33694294044148 0.640879421875 0.012068557898092 
0.33777592669721 0.62387077539063 0.012031754778833 
0.33860891295294 0.63222269140625 0.011792927687548 
0.33944189920866 0.63198821875 0.011638541697315 
0.34027488546439 0.64871080859375 0.012371523272138 
0.34110787172012 0.6422487421875 0.011996450013556 
0.34194085797584 0.64970966210938 0.01204086242612 
0.34277384423157 0.64113734179687 0.01223947471311 
0.3436068304873 0.66168652539063 0.012284195946746 
0.34443981674302 0.65752229101562 0.012139486213819 
0.34527280299875 0.65204500976562 0.011876403953738 
0.34610578925448 0.65259367578125 0.012167060203221 
0.3469387755102 0.65704865625 0.01219568094799 
0.34777176176593 0.64322883789063 0.012251662634963 
0.34860474802166 0.67677718554687 0.01214497182079 
0.34943773427738 0.67069496484375 0.012238372895788 
0.35027072053311 0.665714765625 0.012227970322691 
0.35110370678884 0.68401301171875 0.012289077889514 
0.35193669304456 0.67066213867187 0.011932845693501 
0.35276967930029 0.67995663476563 0.012220719381836 
0.35360266555602 0.6643454453125 0.012015671316434 
0.35443565181175 0.6818652421875 0.012237282268218 
0.35526863806747 0.67831063671875 0.012270963482456 
0.3561016243232 0.689087 0.012452119063604 
0.35693461057893 0.690550109375 0.012562201991478 
0.35776759683465 0.69815171289063 0.012887135506298 
0.35860058309038 0.70346486328125 0.012454231177503 
0.35943356934611 0.68931678320312 0.012277062266591 
0.36026655560183 0.68003635546875 0.01208054249183 
0.36109954185756 0.68705177734375 0.012357473827831 
0.36193252811329 0.68475863476563 0.012301694211496 
0.36276551436901 0.70337107421875 0.012484107896154 
0.36359850062474 0.69236023828125 0.012349390265797 
0.36443148688047 0.71171830078125 0.012370414744113 
0.36526447313619 0.73698976367187 0.012688770308496 
0.36609745939192 0.72450643945312 0.012401878103817 
0.36693044564765 0.715498 0.012720574173527 
0.36776343190337 0.71147444921875 0.012342526961449 
0.3685964181591 0.72193661914063 0.012967843457775 
0.36942940441483 0.73609876757812 0.012811870038411 
0.37026239067055 0.71816629882812 0.012583200635911 
0.37109537692628 0.73402602929687 0.01248740723515 
0.37192836318201 0.72324966601563 0.012480552243021 
0.37276134943773 0.72418755664062 0.012670649219316 
0.37359433569346 0.72543026171875 0.012460361752249 
0.37442732194919 0.72143484765625 0.012401560949412 
0.37526030820491 0.7499561015625 0.012614946606327 
0.37609329446064 0.737519671875 0.012733379971437 
0.37692628071637 0.76006187304688 0.01280312026455 
0.37775926697209 0.75047663085937 0.012670257664528 
0.37859225322782 0.75512387890625 0.013015331797344 
0.37942523948355 0.74840389257813 0.012833499514656 
0.38025822573928 0.75927404492188 0.012600730571006 
0.381091211995 0.76714763671875 0.012766876439312 
0.38192419825073 0.76747120898437 0.012908632750407 
0.38275718450646 0.76557198046875 0.012855024672304 
0.38359017076218 0.75951320703125 0.012745046449475 
0.38442315701791 0.7633491796875 0.013023093192034 
0.38525614327364 0.77745036523438 0.012713055613324 
0.38608912952936 0.77498840234375 0.012830625141267 
0.38692211578509 0.77758166992188 0.013017211693131 
0.38775510204082 0.79146245117187 0.012882498370121 
0.38858808829654 0.77056155859375 0.012699578951382 
0.38942107455227 0.79675215429687 0.013040334786354 
0.390254060808 0.80266086523437 0.01298092664961 
0.39108704706372 0.80336897265625 0.013432367216891 
0.39192003331945 0.8086868125 0.013240775134766 
0.39275301957518 0.80447568359375 0.013271132554965 
0.3935860058309 0.80218254101562 0.013193673449612 
0.39441899208663 0.80798808398438 0.013002497214173 
0.39525197834236 0.80014262890625 0.013142443073043 
0.39608496459808 0.79995505078125 0.012691100367266 
0.39691795085381 0.80862584960938 0.01300174766438 
0.39775093710954 0.82096849023438 0.013281344054338 
0.39858392336526 0.81486751171875 0.013271724206197 
0.39941690962099 0.82835437890625 0.013195947044903 
0.40024989587672 0.80266086523437 0.013047814307137 
0.40108288213244 0.84608051171875 0.013574302077434 
0.40191586838817 0.83296880078125 0.013360031186979 
0.4027488546439 0.83662657421875 0.013422574757994 
0.40358184089963 0.83802872070312 0.013369110353176 
0.40441482715535 0.83838511914062 0.013395880650326 
0.40524781341108 0.84816262890625 0.013378822584158 
0.40608079966681 0.8485096484375 0.013263171293965 
0.40691378592253 0.85038074023438 0.013141684731896 
0.40774677217826 0.8694058515625 0.013824318878749 
0.40857975843399 0.85632696679688 0.013473014393058 
0.40941274468971 0.86173390625 0.013344725895393 
0.41024573094544 0.86573400976562 0.013373931097484 
0.41107871720117 0.86183707421875 0.013479200026601 
0.41191170345689 0.85939386914062 0.013234811761781 
0.41274468971262 0.85819805859375 0.013373913071359 
0.41357767596835 0.88798546484375 0.013918954713034 
0.41441066222407 0.87283384179688 0.013250414905845 
0.4152436484798 0.89196681054687 0.013580999101229 
0.41607663473553 0.89775828515625 0.013719255943398 
0.41690962099125 0.91081841210938 0.013688263779581 
0.41774260724698 0.89102891992188 0.013321660692702 
0.41857559350271 0.92232633007812 0.014229079062386 
0.41940857975843 0.91964865234375 0.014021067687061 
0.42024156601416 0.90135509570313 0.013824476577032 
0.42107455226989 0.9308189296875 0.013914025156955 
0.42190753852561 0.92030517578125 0.014158178146264 
0.42274052478134 0.91176568164063 0.013545002327876 
0.42357351103707 0.92292658007813 0.013912597758745 
0.42440649729279 0.92230757226562 0.01360207125162 
0.42523948354852 0.95367063476562 0.014344134465692 
0.42607246980425 0.94999410351562 0.013827501114296 
0.42690545605997 0.93604766992188 0.013620027216193 
0.4277384423157 0.94375713085937 0.013843153544205 
0.42857142857143 0.958036515625 0.01419902444308 
0.42940441482716 0.9345704921875 0.013826048148844 
0.43023740108288 0.95564489453125 0.014252492971049 
0.43107038733861 0.94061988671875 0.014005976939817 
0.43190337359434 0.97341323242188 0.014511310527549 
0.43273635985006 0.94070898632812 0.014043239571835 
0.43356934610579 0.97727265234375 0.014369882466614 
0.43440233236152 0.98571366796875 0.014397224234135 
0.43523531861724 0.9681094609375 0.013976323255721 
0.43606830487297 0.97571575390625 0.014397729615627 
0.4369012911287 0.98453661523438 0.014423693785921 
0.43773427738442 0.99021085351562 0.014169425776265 
0.43856726364015 0.99222731835938 0.014387942730725 
0.43940024989588 0.98872898632812 0.014353942973532 
0.4402332361516 0.986848515625 0.014080554559526 
0.44106622240733 1.0016531191406 0.014135210277056 
0.44189920866306 1.0321111171875 0.014719791439135 
0.44273219491878 1.0249174960937 0.014203814852196 
0.44356518117451 1.0191822949219 0.014624590715437 
0.44439816743024 1.015623 0.014469163951984 
0.44523115368596 1.0183803984375 0.014259856456241 
0.44606413994169 1.0391171601562 0.014434399238986 
0.44689712619742 1.0412039667969 0.014902899538805 
0.44773011245314 1.0411289355469 0.014681641756303 
0.44856309870887 1.0401347714844 0.014438230985593 
0.4493960849646 1.04931203125 0.014857634131437 
0.45022907122032 1.0559898125 0.014678464382114 
0.45106205747605 1.050700109375 0.014524505978968 
0.45189504373178 1.0515723476562 0.014804117101186 
0.45272802998751 1.0630708867188 0.01485529555582 
0.45356101624323 1.0719480214844 0.014987221389531 
0.45439400249896 1.0707991054688 0.014897946085357 
0.45522698875469 1.0775941230469 0.015210946560709 
0.45605997501041 1.0782459570312 0.015192685910339 
0.45689296126614 1.0822976445312 0.014998923473303 
0.45772594752187 1.1003004550781 0.015317213485793 
0.45855893377759 1.093242828125 0.015232988698478 
0.45939192003332 1.0991890546875 0.01511318835054 
0.46022490628905 1.1279869863281 0.015443547070245 
0.46105789254477 1.1086336132812 0.015266428394509 
0.4618908788005 1.1163805898437 0.015109875924548 
0.46272386505623 1.1398090976563 0.015640233274633 
0.46355685131195 1.1241744609375 0.015452898592847 
0.46438983756768 1.1341442382813 0.015040749995189 
0.46522282382341 1.1360293984375 0.015631566789693 
0.46605581007913 1.1379192480469 0.015340283559828 
0.46688879633486 1.1433355664063 0.015189174694778 
0.46772178259059 1.1399685390625 0.015587611955793 
0.46855476884631 1.161146109375 0.015789420278555 
0.46938775510204 1.1728931894531 0.01576041781809 
0.47022074135777 1.1540978613281 0.015485146461147 
0.47105372761349 1.1690806640625 0.015846765723846 
0.47188671386922 1.1740561738281 0.015728020180472 
0.47271970012495 1.1861596523438 0.015777008770985 
0.47355268638067 1.1948632773437 0.015914231323299 
0.4743856726364 1.1596501738281 0.015559301634994 
0.47521865889213 1.2091989355469 0.015714083205541 
0.47605164514786 1.2173398261719 0.016572655017793 
0.47688463140358 1.1942630273438 0.01598957353385 
0.47771761765931 1.2153561875 0.015738456859322 
0.47855060391504 1.2170631484375 0.015937908668275 
0.47938359017076 1.2200315722656 0.016564546862731 
0.48021657642649 1.2206177539062 0.016459052501945 
0.48104956268222 1.2287914707031 0.016243969445692 
0.48188254893794 1.2448106425781 0.015888576402957 
0.48271553519367 1.2462596835938 0.016465726482873 
0.4835485214494 1.2588602441406 0.016131703933907 
0.48438150770512 1.2263670234375 0.016500005064245 
0.48521449396085 1.2902655117188 0.017036977816008 
0.48604748021658 1.2601967382813 0.016343964579429 
0.4868804664723 1.2707198710938 0.016639289734989 
0.48771345272803 1.248632546875 0.016200379251808 
0.48854643898376 1.2796251425781 0.016638621373593 
0.48937942523948 1.2821058632813 0.016738157844816 
0.49021241149521 1.2698523222656 0.016490693888615 
0.49104539775094 1.3047887480469 0.016659614946127 
0.49187838400666 1.3121465 0.016672898978287 
0.49271137026239 1.3001227421875 0.017247321502667 
0.49354435651812 1.3114102558594 0.016728893145164 
0.49437734277384 1.2941296210937 0.016575589123732 
0.49521032902957 1.3088732617187 0.016812076454434 
0.4960433152853 1.3120949160156 0.017141802250592 
0.49687630154102 1.3354249453125 0.017225140799525 
0.49770928779675 1.3249487070313 0.017115819101406 
0.49854227405248 1.3208595039062 0.017147391224542 
0.4993752603082 1.3499528710938 0.017474801213451 
0.50020824656393 1.3266087734375 0.017277005690069 
0.50104123281966 1.3537091230469 0.017442760205557 
0.50187421907539 1.3541593105469 0.017614512027312 
0.50270720533111 1.3431015800781 0.017395413887765 
0.50354019158684 1.3742770644531 0.017212305974166 
0.50437317784257 1.3504265058594 0.017435046972953 
0.50520616409829 1.3709053476563 0.01761992595063 
0.50603915035402 1.3715759394531 0.017768122154326 
0.50687213660975 1.3820193515625 0.018317114789671 
0.50770512286547 1.3678478242187 0.017525650561905 
0.5085381091212 1.3627128730469 0.017615484569877 
0.50937109537693 1.3920688496094 0.018263669513075 
0.51020408163265 1.404284875 0.018026328844484 
0.51103706788838 1.3905776035156 0.017926468616048 
0.51187005414411 1.3905588457031 0.017820884218188 
0.51270304039983 1.4301987929688 0.017957807842126 
0.51353602665556 1.4140952109375 0.018270639586593 
0.51436901291129 1.4217483984375 0.018212722327037 
0.51520199916701 1.4062216191406 0.018067426399376 
0.51603498542274 1.4351086503906 0.017781660391065 
0.51686797167847 1.4198069648437 0.018264720946129 
0.51770095793419 1.4333735527344 0.018140472089105 
0.51853394418992 1.4319432695313 0.018154519488849 
0.51936693044565 1.4534772382812 0.018784565701106 
0.52019991670137 1.4587575625 0.018969210183699 
0.5210329029571 1.4419646308594 0.01909385335866 
0.52186588921283 1.4519062714844 0.018905982292481 
0.52269887546855 1.45147953125 0.018905042738306 
0.52353186172428 1.4749127285156 0.018884095245168 
0.52436484798001 1.4535241328125 0.019252499971642 
0.52519783423574 1.4864956777344 0.018896972785755 
0.52603082049146 1.5025711230469 0.019485917687178 
0.52686380674719 1.4756536621094 0.019133886911449 
0.52769679300292 1.4745047460937 0.019134451620832 
0.52852977925864 1.4854030351563 0.019186071398129 
0.52936276551437 1.4714097070312 0.019004057177889 
0.5301957517701 1.4860830058594 0.01907332703284 
0.53102873802582 1.5088268535156 0.019293452042989 
0.53186172428155 1.4712643339844 0.01921916836542 
0.53269471053728 1.5221120742187 0.019411584480368 
0.533527696793 1.4781812773438 0.019105026528902 
0.53436068304873 1.4991525117187 0.019701000276499 
0.53519366930446 1.5021537617187 0.019490444873454 
0.53602665556018 1.505014328125 0.019527123223215 
0.53685964181591 1.5042265 0.019955527516198 
0.53769262807164 1.5182620332031 0.019586785403998 
0.53852561432736 1.5210944628906 0.020106300976076 
0.53935860058309 1.5004233535156 0.020070267421784 
0.54019158683882 1.5162361894531 0.020114365343179 
0.54102457309454 1.5332495253906 0.020585148029477 
0.54185755935027 1.4917431757813 0.019923106912636 
0.542690545606 1.5388205957031 0.020719957121259 
0.54352353186172 1.5409308496094 0.020542730569586 
0.54435651811745 1.5066743945312 0.020318140591395 
0.54518950437318 1.5339670117188 0.020522711329969 
0.5460224906289 1.5464362675781 0.020790999505176 
0.54685547688463 1.5443775976562 0.021410248169816 
0.54768846314036 1.5247381679687 0.020590114263588 
0.54852144939608 1.5392942304688 0.020536340966619 
0.54935443565181 1.5462721367187 0.020559753256961 
0.55018742190754 1.5672996445313 0.021301971249953 
0.55102040816327 1.5157813125 0.020883131566167 
0.55185339441899 1.531650421875 0.02119800861806 
0.55268638067472 1.5260183886719 0.020861146591671 
0.55351936693045 1.5438992734375 0.020553634959346 
0.55435235318617 1.5502956875 0.02126388614782 
0.5551853394419 1.5280629902344 0.021287850820168 
0.55601832569763 1.5565654863281 0.021275233201408 
0.55685131195335 1.5424643007812 0.021334319653125 
0.55768429820908 1.5153920878906 0.02104258978882 
0.55851728446481 1.5371558398437 0.021352226777181 
0.55935027072053 1.5599465820312 0.021732646462837 
0.56018325697626 1.5239175136719 0.021256542473369 
0.56101624323199 1.5642468105469 0.021807358060733 
0.56184922948771 1.5619208417969 0.022008942252863 
0.56268221574344 1.5456859550781 0.022015154305836 
0.56351520199917 1.552509109375 0.021784841603553 
0.56434818825489 1.5391066523437 0.022122584098356 
0.56518117451062 1.5052956953125 0.022437377873955 
0.56601416076635 1.5170287070313 0.021854252343147 
0.56684714702207 1.5249538828125 0.022004615612602 
0.5676801332778 1.5064868164062 0.021429917842827 
0.56851311953353 1.5434772226563 0.022221076708133 
0.56934610578925 1.5043812519531 0.021873317040727 
0.57017909204498 1.52471003125 0.022215900357847 
0.57101207830071 1.5011267714844 0.021972876171705 
0.57184506455643 1.5160392324219 0.022140942092192 
0.57267805081216 1.4978676015625 0.022049127735869 
0.57351103706789 1.5084845234375 0.022777947192565 
0.57434402332362 1.4943880273437 0.022107259007314 
0.57517700957934 1.5027915273437 0.022544427101213 
0.57600999583507 1.5061585546875 0.02252311729521 
0.5768429820908 1.4927138925781 0.02262950189305 
0.57767596834652 1.4884746269531 0.022505968978681 
0.57850895460225 1.4730650839844 0.022790965919695 
0.57934194085798 1.46573546875 0.022395953759254 
0.5801749271137 1.47308853125 0.022975056289217 
0.58100791336943 1.4812997636719 0.022841583786248 
0.58184089962516 1.4368765742187 0.022227823793677 
0.58267388588088 1.4655056855469 0.023218942969136 
0.58350687213661 1.4430478945312 0.02255682014102 
0.58433985839234 1.4383912675781 0.023324292283642 
0.58517284464806 1.4494583769531 0.02379400406169 
0.58600583090379 1.4447595449219 0.023253565166288 
0.58683881715952 1.4134293085937 0.022875431926991 
0.58767180341524 1.4124492128906 0.022628029572664 
0.58850478967097 1.4175185117187 0.022928813934301 
0.5893377759267 1.4091009433594 0.022785363540515 
0.59017076218242 1.4064654707031 0.023063471698179 
0.59100374843815 1.3822444453125 0.02281905808032 
0.59183673469388 1.3870417558594 0.023217444675578 
0.5926697209496 1.3831354414062 0.022649132167296 
0.59350270720533 1.3728655390625 0.023432415756653 
0.59433569346106 1.3529306738281 0.022706273205979 
0.59516867971678 1.3533808613281 0.023295881033923 
0.59600166597251 1.3263743007813 0.022740161028618 
0.59683465222824 1.3348200058594 0.022930789971578 
0.59766763848396 1.3111195097656 0.022709172326454 
0.59850062473969 1.3029270351563 0.022920720645515 
0.59933361099542 1.3200435390625 0.022970882152291 
0.60016659725115 1.2995271816406 0.022776946454047 
0.60099958350687 1.2826263925781 0.02248808716455 
0.6018325697626 1.2821621367188 0.023151662869143 
0.60266555601833 1.2895339570312 0.023156278719218 
0.60349854227405 1.2538988027344 0.022706970160807 
0.60433152852978 1.2603327324219 0.023181298114407 
0.60516451478551 1.249082734375 0.023028834589116 
0.60599750104123 1.2231453691406 0.022820901064964 
0.60683048729696 1.2264139179687 0.022771110459402 
0.60766347355269 1.2233892207031 0.023462926620568 
0.60849645980841 1.1979301796875 0.022728137145607 
0.60932944606414 1.1810247011719 0.022672020540649 
0.61016243231987 1.1693104472656 0.022556049561205 
0.61099541857559 1.1429463417969 0.022437811254159 
0.61182840483132 1.1367750214844 0.022358607137021 
0.61266139108705 1.1418396308594 0.022225980930156 
0.61349437734277 1.1386836289063 0.022729360741359 
0.6143273635985 1.1325029296875 0.022618470890489 
0.61516034985423 1.1017823222656 0.022307581628936 
0.61599333610995 1.1030531640625 0.023108348971128 
0.61682632236568 1.081913109375 0.022347555797778 
0.61765930862141 1.0874982480469 0.022766654755905 
0.61849229487713 1.075685515625 0.02231114501649 
0.61932528113286 1.0732188632813 0.022197076058849 
0.62015826738859 1.0456355 0.022195963625173 
0.62099125364431 1.0198810234375 0.021852746562013 
0.62182423990004 1.0188774804687 0.021894776264154 
0.62265722615577 0.99760612109375 0.021719866486802 
0.6234902124115 1.0016484296875 0.022244352962328 
0.62432319866722 0.97757277734375 0.021263843741404 
0.62515618492295 0.9651832421875 0.021086366564693 
0.62598917117868 0.943630515625 0.021141093801118 
0.6268221574344 0.93125504882813 0.021463397771911 
0.62765514369013 0.91018064648437 0.021185279812141 
0.62848812994586 0.91642699804687 0.021021922348736 
0.62932111620158 0.90477839648438 0.020693944750608 
0.63015410245731 0.89377225 0.020983653176691 
0.63098708871304 0.8752958046875 0.020291105562839 
0.63182007496876 0.83358311914062 0.019607036085175 
0.63265306122449 0.83954810351563 0.020427615139727 
0.63348604748022 0.83486333984375 0.020018719969674 
0.63431903373594 0.82905310742187 0.02002963550848 
0.63515201999167 0.80392701757813 0.020262715698077 
0.6359850062474 0.7909606796875 0.020189495497534 
0.63681799250312 0.7929490078125 0.019961823376978 
0.63765097875885 0.75829394921875 0.019551250937909 
0.63848396501458 0.7468610625 0.019306948192422 
0.6393169512703 0.73813399023437 0.019066421866238 
0.64014993752603 0.7219694453125 0.018957991430657 
0.64098292378176 0.69952103320312 0.018413645309477 
0.64181591003748 0.691750609375 0.018943981793469 
0.64264889629321 0.67371028320312 0.018641247563163 
0.64348188254894 0.683722265625 0.018609689295706 
0.64431486880466 0.66624467382813 0.018395896274392 
0.64514785506039 0.64655834960937 0.018160254070431 
0.64598084131612 0.63417819335937 0.018272651638631 
0.64681382757185 0.6361149375 0.017910190749625 
0.64764681382757 0.61849666210938 0.017526902185096 
0.6484798000833 0.5741203671875 0.016971306682682 
0.64931278633903 0.57289173046875 0.016747891402537 
0.65014577259475 0.57919904492188 0.016973666574202 
0.65097875885048 0.55670373828125 0.016932903907439 
0.65181174510621 0.54610088476563 0.016183875591932 
0.65264473136193 0.53522135351562 0.016404684666314 
0.65347771761766 0.53189653125 0.016393324436248 
0.65431070387339 0.52338986328125 0.016279260087292 
0.65514369012911 0.50308453125 0.016142461490143 
0.65597667638484 0.47351283984375 0.015298306329398 
0.65680966264057 0.4592850390625 0.014902913032419 
0.65764264889629 0.45696375976562 0.014604168410087 
0.65847563515202 0.44622491210937 0.014343783604117 
0.65930862140775 0.43588466796875 0.014818304314102 
0.66014160766347 0.42876138867188 0.014657637014527 
0.6609745939192 0.42153963085938 0.014452042373015 
0.66180758017493 0.40019324023437 0.014478926752559 
0.66264056643065 0.39166781445313 0.013575729060449 
0.66347355268638 0.37401671289062 0.013264350648956 
0.66430653894211 0.376169171875 0.013540188594416 
0.66513952519783 0.35719095507812 0.013200818770163 
0.66597251145356 0.33561478125 0.012204401401545 
0.66680549770929 0.34132184570313 0.012935030047385 
0.66763848396501 0.32577630859375 0.012797921810559 
0.66847147022074 0.318245046875 0.012372248086024 
0.66930445647647 0.30605246875 0.011693906141661 
0.67013744273219 0.30633852539063 0.011641159479646 
0.67097042898792 0.28961593554687 0.011836393205853 
0.67180341524365 0.293034546875 0.011933683097438 
0.67263640149938 0.26800224609375 0.010687984881329 
0.6734693877551 0.26110875 0.010993689360463 
0.67430237401083 0.25474516210938 0.010504661063986 
0.67513536026656 0.2450708203125 0.010436952916098 
0.67596834652228 0.24074245507813 0.010391396133884 
0.67680133277801 0.23355821289063 0.010191390916144 
0.67763431903374 0.2176844140625 0.0096635232003266 
0.67846730528946 0.20377549609375 0.009061786570993 
0.67930029154519 0.209824890625 0.0096122716722534 
0.68013327780092 0.20378018554687 0.0092315039663362 
0.68096626405664 0.18160376171875 0.0084300805972875 
0.68179925031237 0.1891350234375 0.0091282298455284 
0.6826322365681 0.16942994140625 0.0084594853042917 
0.68346522282382 0.17034907421875 0.0081140619881717 
0.68429820907955 0.1636619140625 0.0081416527459042 
0.68513119533528 0.15666056054687 0.0086249766220115 
0.685964181591 0.147398890625 0.007429162947069 
0.68679716784673 0.15504269921875 0.0081300803312928 
0.68763015410246 0.14202946679688 0.0076806938567533 
0.68846314035818 0.13921579492187 0.0073096755902898 
0.68929612661391 0.13016515039062 0.0069411151752438 
0.69012911286964 0.12480041601563 0.0073407683431424 
0.69096209912536 0.1194685078125 0.0066195652289669 
0.69179508538109 0.10193933203125 0.0059756258640799 
0.69262807163682 0.10355719335938 0.0058250029408112 
0.69346105789254 0.10950341992187 0.0064391565777026 
0.69429404414827 0.10371663476562 0.0062340746587038 
0.695127030404 0.094131392578125 0.0060447639008835 
0.69596001665973 0.0933576328125 0.005467904899238 
0.69679300291545 0.083336271484375 0.0051146844461637 
0.69762598917118 0.08451332421875 0.0051706975304606 
0.69845897542691 0.074679541015625 0.0050617980101407 
0.69929196168263 0.072419224609375 0.0050284703334842 
0.70012494793836 0.06965713671875 0.0050716275644735 
0.70095793419409 0.06078469140625 0.0045814363102683 
0.70179092044981 0.065732064453125 0.0047421244618791 
0.70262390670554 0.060160994140625 0.0042223085633752 
0.70345689296127 0.057675583984375 0.0044265084215307 
0.70428987921699 0.05243746484375 0.0039382162171982 
0.70512286547272 0.058786984375 0.0044182999370767 
0.70595585172845 0.050707056640625 0.0042611088619925 
0.70678883798417 0.043930796875 0.0036330747273949 
0.7076218242399 0.042059705078125 0.0033415119501086 
0.70845481049563 0.041079609375 0.0035081214989643 
0.70928779675135 0.036526150390625 0.0030631320614652 
0.71012078300708 0.0369716484375 0.0034015874450659 
0.71095376926281 0.035077109375 0.0029780202423814 
0.71178675551853 0.03341704296875 0.0029526167613137 
0.71261974177426 0.035635154296875 0.0037811953646839 
0.71345272802999 0.0329199609375 0.0029551256432589 
0.71428571428571 0.02992808984375 0.0029771687271823 
0.71511870054144 0.02919653515625 0.0027209970868705 
0.71595168679717 0.029379423828125 0.0029061782579906 
0.71678467305289 0.02255626953125 0.0023908577756502 
0.71761765930862 0.02259378515625 0.0026262817023042 
0.71845064556435 0.020582009765625 0.0021033797070845 
0.71928363182007 0.01681637890625 0.0019405707833761 
0.7201166180758 0.01758544921875 0.0019852446489061 
0.72094960433153 0.0175760703125 0.0022072695231917 
0.72178259058726 0.014326279296875 0.0020513773308418 
0.72261557684298 0.014860876953125 0.0020489674409909 
0.72344856309871 0.014129322265625 0.0019486937314479 
0.72428154935444 0.015676841796875 0.0019311539007375 
0.72511453561016 0.011292203125 0.0014238417359155 
0.72594752186589 0.013069505859375 0.0017056756840605 
0.72678050812162 0.009233533203125 0.0012577762230063 
0.72761349437734 0.01053251171875 0.0016344808863942 
0.72844648063307 0.01128282421875 0.0015341360978159 
0.7292794668888 0.00899437109375 0.0013405679262356 
0.73011245314452 0.00711858984375 0.0011751773727209 
0.73094543940025 0.006035326171875 0.0011915936601677 
0.73177842565598 0.00779387109375 0.0012802818028971 
0.7326114119117 0.006372966796875 0.001168528697476 
0.73344439816743 0.00458628515625 0.00091413328443168 
0.73427738442316 0.005134951171875 0.00084035700102583 
0.73511037067888 0.00569299609375 0.0010146852564463 
0.73594335693461 0.005153708984375 0.0011206076849966 
0.73677634319034 0.00437994921875 0.00085731477917419 
0.73760932944606 0.0040516875 0.00082598988161316 
0.73844231570179 0.00282305078125 0.00077869222333127 
0.73927530195752 0.003456126953125 0.0008161892824342 
0.74010828821324 0.00361087890625 0.00087354773709972 
0.74094127446897 0.002138390625 0.00063263980386236 
0.7417742607247 0.0021196328125 0.00055750704507723 
0.74260724698042 0.00227907421875 0.00072075786471896 
0.74344023323615 0.00250416796875 0.00072926737560378 
0.74427321949188 0.002677677734375 0.00061452144325607 
0.74510620574761 0.002288453125 0.00058723301909043 
0.74593919200333 0.001064505859375 0.00040632979458592 
0.74677217825906 0.002649541015625 0.00057495400821572 
0.74760516451479 0.001711650390625 0.00047400490162047 
0.74843815077051 0.0011817421875 0.00059954577951795 
0.74927113702624 0.00119112109375 0.00039295102337547 
0.75010412328197 0.001336494140625 0.00057228793858887 
0.75093710953769 0.0007315546875 0.00030144495748815 
0.75177009579342 0.001500625 0.00051187382187291 
0.75260308204915 0.0003188828125 0.00018550358705644 
0.75343606830487 0.00089099609375 0.00034689390567703 
0.7542690545606 0.00062838671875 0.00028371833921554 
0.75510204081633 0.0006940390625 0.00029032756108164 
0.75593502707205 0.000801896484375 0.0003422227200157 
0.75676801332778 9.8478515625e-05 9.8478515624996e-05 
0.75760099958351 0.0003939140625 0.00023031784919776 
0.75843398583923 0.000548666015625 0.00024906049732374 
0.75926697209496 0.000117236328125 0.00011723632812501 
0.76009995835069 0.00055335546875 0.00025829250668315 
0.76093294460641 0.000379845703125 0.0002211168194618 
0.76176593086214 0.00034701953125 0.00020658193342301 
0.76259891711787 0 0 
0.76343190337359 0.000712796875 0.00038543807154325 
0.76426488962932 0.000211025390625 0.00015098392651999 
0.76509787588505 0.00019695703125 0.00013940034315036 
0.76593086214077 0 0 
0.7667638483965 0.0001500625 0.0001500625 
0.76759683465223 0 0 
0.76842982090795 0.000154751953125 0.000154751953125 
0.76926280716368 0 0 
0.77009579341941 0 0 
0.77092877967514 8.9099609375e-05 8.9099609374998e-05 
0.77176176593086 0.000126615234375 0.00012661523437499 
0.77259475218659 0 0 
0.77342773844232 0 0 
0.77426072469804 0 0 
0.77509371095377 0 0 
0.7759266972095 0.000145373046875 0.00014537304687501 
0.77675968346522 0 0 
0.77759266972095 0 0 
0.77842565597668 0.000107857421875 0.000107857421875 
0.7792586422324 0 0 
0.78009162848813 0 0 
0.78092461474386 8.441015625e-05 8.441015625e-05 
0.78175760099958 7.9720703125e-05 7.9720703124999e-05 
0.78259058725531 0 0 
0.78342357351104 0 0 
0.78425655976676 0 0 
0.78508954602249 0 0 
0.78592253227822 0 0 
0.78675551853394 0 0 
0.78758850478967 0 0 
0.7884214910454 0 0 
0.78925447730112 0 0 
0.79008746355685 0 0 
0.79092044981258 0 0 
0.7917534360683 0 0 
0.79258642232403 0 0 
0.79341940857976 0 0 
0.79425239483549 0 0 
0.79508538109121 0 0 
0.79591836734694 0 0 
0.79675135360267 0 0 
0.79758433985839 0 0 
0.79841732611412 0 0 
0.79925031236985 0 0 
0.80008329862557 0 0 
0.8009162848813 0 0 
0.80174927113703 0.000126615234375 0.000126615234375 
0.80258225739275 0 0 
0.80341524364848 0 0 
0.80424822990421 0 0 
0.80508121615993 0 0 
0.80591420241566 0 0 
0.80674718867139 0 0 
0.80758017492711 0 0 
0.80841316118284 0 0 
0.80924614743857 0 0 
0.81007913369429 0 0 
0.81091211995002 0 0 
0.81174510620575 0 0 
0.81257809246147 0 0 
0.8134110787172 0 0 
0.81424406497293 0 0 
0.81507705122865 0 0 
0.81591003748438 0 0 
0.81674302374011 0 0 
0.81757600999584 0 0 
0.81840899625156 0 0 
0.81924198250729 0 0 
0.82007496876302 0 0 
0.82090795501874 0 0 
0.82174094127447 0 0 
0.8225739275302 0 0 
0.82340691378592 0 0 
0.82423990004165 0 0 
0.82507288629738 0 0 
0.8259058725531 0 0 
0.82673885880883 0 0 
0.82757184506456 0 0 
0.82840483132028 0 0 
0.82923781757601 0 0 
0.83007080383174 0 0 
0.83090379008746 0 0 
0.83173677634319 0 0 
0.83256976259892 0 0 
0.83340274885464 0 0 
0.83423573511037 0 0 
0.8350687213661 0 0 
0.83590170762182 0 0 
0.83673469387755 0 0 
0.83756768013328 0 0 
0.838400666389 0 0 
0.83923365264473 0 0 
0.84006663890046 0 0 
0.84089962515618 0 0 
0.84173261141191 0 0 
0.84256559766764 0 0 
0.84339858392337 0 0 
0.84423157017909 0 0 
0.84506455643482 0 0 
0.84589754269055 0 0 
0.84673052894627 0 0 
0.847563515202 0 0 
0.84839650145773 0 0 
0.84922948771345 0 0 
0.85006247396918 0 0 
0.85089546022491 0 0 
0.85172844648063 0 0 
0.85256143273636 0 0 
0.85339441899209 0 0 
0.85422740524781 0 0 
0.85506039150354 0 0 
0.85589337775927 0 0 
0.85672636401499 0 0 
0.85755935027072 0 0 
0.85839233652645 0 0 
0.85922532278217 0 0 
0.8600583090379 0 0 
0.86089129529363 0 0 
0.86172428154935 0 0 
0.86255726780508 0 0 
0.86339025406081 0 0 
0.86422324031653 0 0 
0.86505622657226 0 0 
0.86588921282799 0 0 
0.86672219908372 0 0 
0.86755518533944 0 0 
0.86838817159517 0 0 
0.8692211578509 0 0 
0.87005414410662 0 0 
0.87088713036235 0 0 
0.87172011661808 0 0 
0.8725531028738 0 0 
0.87338608912953 0 0 
0.87421907538526 0 0 
0.87505206164098 0 0 
0.87588504789671 0 0 
0.87671803415244 0 0 
0.87755102040816 0 0 
0.87838400666389 0 0 
0.87921699291962 0 0 
0.88004997917534 0 0 
0.88088296543107 0 0 
0.8817159516868 0 0 
0.88254893794252 0 0 
0.88338192419825 0 0 
0.88421491045398 0 0 
0.8850478967097 0 0 
0.88588088296543 0 0 
0.88671386922116 0 0 
0.88754685547688 0 0 
0.88837984173261 0 0 
0.88921282798834 0 0 
0.89004581424406 0 0 
0.89087880049979 0 0 
0.89171178675552 0 0 
0.89254477301125 0 0 
0.89337775926697 0 0 
0.8942107455227 0 0 
0.89504373177843 0 0 
0.89587671803415 0 0 
0.89670970428988 0 0 
0.89754269054561 0 0 
0.89837567680133 0 0 
0.89920866305706 0 0 
0.90004164931279 0 0 
0.90087463556851 0 0 
0.90170762182424 0 0 
0.90254060807997 0 0 
0.90337359433569 0 0 
0.90420658059142 0 0 
0.90503956684715 0 0 
0.90587255310287 0 0 
0.9067055393586 0 0 
0.90753852561433 0 0 
0.90837151187005 0 0 
0.90920449812578 0 0 
0.91003748438151 0 0 
0.91087047063723 0 0 
0.91170345689296 0 0 
0.91253644314869 0 0 
0.91336942940441 0 0 
0.91420241566014 0 0 
0.91503540191587 0 0 
0.9158683881716 0 0 
0.91670137442732 0 0 
0.91753436068305 0 0 
0.91836734693878 0 0 
0.9192003331945 0 0 
0.92003331945023 0 0 
0.92086630570596 0 0 
0.92169929196168 0 0 
0.92253227821741 0 0 
0.92336526447314 0 0 
0.92419825072886 0 0 
0.92503123698459 0 0 
0.92586422324032 0 0 
0.92669720949604 0 0 
0.92753019575177 0 0 
0.9283631820075 0 0 
0.92919616826322 0 0 
0.93002915451895 0 0 
0.93086214077468 0 0 
0.9316951270304 0 0 
0.93252811328613 0 0 
0.93336109954186 0 0 
0.93419408579758 0 0 
0.93502707205331 0 0 
0.93586005830904 0 0 
0.93669304456476 0 0 
0.93752603082049 0 0 
0.93835901707622 0 0 
0.93919200333194 0 0 
0.94002498958767 0 0 
0.9408579758434 0 0 
0.94169096209913 0 0 
0.94252394835485 0 0 
0.94335693461058 0 0 
0.94418992086631 0 0 
0.94502290712203 0 0 
0.94585589337776 0 0 
0.94668887963349 0 0 
0.94752186588921 0 0 
0.94835485214494 0 0 
0.94918783840067 0 0 
0.95002082465639 0 0 
0.95085381091212 0 0 
0.95168679716785 0 0 
0.95251978342357 0 0 
0.9533527696793 0 0 
0.95418575593503 0 0 
0.95501874219075 0 0 
0.95585172844648 0 0 
0.95668471470221 0 0 
0.95751770095793 0 0 
0.95835068721366 0 0 
0.95918367346939 0 0 
0.96001665972511 0 0 
0.96084964598084 0 0 
0.96168263223657 0 0 
0.96251561849229 0 0 
0.96334860474802 0 0 
0.96418159100375 0 0 
0.96501457725948 0 0 
0.9658475635152 0 0 
0.96668054977093 0 0 
0.96751353602666 0 0 
0.96834652228238 0 0 
0.96917950853811 0 0 
0.97001249479384 0 0 
0.97084548104956 0 0 
0.97167846730529 0 0 
0.97251145356102 0 0 
0.97334443981674 0 0 
0.97417742607247 0 0 
0.9750104123282 0 0 
0.97584339858392 0 0 
0.97667638483965 0 0 
0.97750937109538 0 0 
0.9783423573511 0 0 
0.97917534360683 0 0 
0.98000832986256 0 0 
0.98084131611828 0 0 
0.98167430237401 0 0 
0.98250728862974 0 0 
0.98334027488546 0 0 
0.98417326114119 0 0 
0.98500624739692 0 0 
0.98583923365264 0 0 
0.98667221990837 0 0 
0.9875052061641 0 0 
0.98833819241983 0 0 
0.98917117867555 0 0 
0.99000416493128 0 0 
0.99083715118701 0 0 
0.99167013744273 0 0 
0.99250312369846 0 0 
0.99333610995419 0 0 
0.99416909620991 0 0 
0.99500208246564 0 0 
0.99583506872137 0 0 
0.99666805497709 0 0 
0.99750104123282 0 0 
0.99833402748855 0 0 
0.99916701374427 0 0 
1 0 0 
