0.00041649312786339 0.88629496715781 0.021846587855947 
0.0012494793835902 0.88629496715781 0.021846587855947 
0.002082465639317 0.88686444289572 0.021917374174144 
0.0029154518950437 0.88713589740155 0.02174715211845 
0.0037484381507705 0.88646731381142 0.021702249973963 
0.0045814244064973 0.88636428474598 0.021486607819605 
0.0054144106622241 0.88636428474598 0.021486607819605 
0.0062473969179509 0.88605373956444 0.021374784903124 
0.0070803831736776 0.88611416897731 0.021310400166236 
0.0079133694294044 0.88640537148559 0.021206710477552 
0.0087463556851312 0.88640537148559 0.021206710477552 
0.009579341940858 0.88580543552773 0.021446566252684 
0.010412328196585 0.8858614363417 0.021250970046063 
0.011245314452312 0.88567342298174 0.021044124251249 
0.012078300708038 0.88567342298174 0.021044124251249 
0.012911286963765 0.88554341166087 0.020881387441274 
0.013744273219492 0.88523877916749 0.020827966702853 
0.014577259475219 0.88456672628553 0.021029003703362 
0.015410245730945 0.88456672628553 0.021029003703362 
0.016243231986672 0.88454220162986 0.02085678768483 
0.017076218242399 0.88430410703157 0.020771312057681 
0.017909204498126 0.88434775416605 0.020608666807472 
0.018742190753853 0.88350062186272 0.0208402415821 
0.019575177009579 0.88350062186272 0.0208402415821 
0.020408163265306 0.88294385356959 0.021163282811353 
0.021241149521033 0.88204433327307 0.022239665507748 
0.02207413577676 0.88221079540742 0.022331921490478 
0.022907122032486 0.88221079540742 0.022331921490478 
0.023740108288213 0.88193521557957 0.022289692105494 
0.02457309454394 0.88214584714075 0.022202215183929 
0.025406080799667 0.88226261801114 0.022069438346804 
0.026239067055394 0.88291337024458 0.022125880759783 
0.02707205331112 0.88291337024458 0.022125880759783 
0.027905039566847 0.88292196186148 0.021978004165815 
0.028738025822574 0.88315144616784 0.021923200100328 
0.029571012078301 0.8834392196579 0.021736846107306 
0.030403998334027 0.8834392196579 0.021736846107306 
0.031236984589754 0.8838905356477 0.021963540336744 
0.032069970845481 0.88435893788774 0.022219356253985 
0.032902957101208 0.88397939582661 0.02234119305833 
0.033735943356935 0.88356744152348 0.02241529708554 
0.034568929612661 0.88356744152348 0.02241529708554 
0.035401915868388 0.8833751659099 0.022350224865305 
0.036234902124115 0.88279914801277 0.02221232574878 
0.037067888379842 0.88252352223461 0.022276275309963 
0.037900874635569 0.88156914101336 0.023191576513523 
0.038733860891295 0.88156914101336 0.023191576513523 
0.039566847147022 0.88111958360362 0.023016159904524 
0.040399833402749 0.8804896869864 0.022522914591192 
0.041232819658476 0.88076803946914 0.022559730984781 
0.042065805914202 0.88076803946914 0.022559730984781 
0.042898792169929 0.88061574292966 0.022735496045641 
0.043731778425656 0.88055516706415 0.022867509630538 
0.044564764681383 0.88040397082771 0.023039630032251 
0.04539775093711 0.8808830083663 0.023508190893221 
0.046230737192836 0.8808830083663 0.023508190893221 
0.047063723448563 0.88032553376676 0.023666358434605 
0.04789670970429 0.88041169699093 0.023698464017408 
0.048729695960017 0.87998778152268 0.023634811492159 
0.049562682215743 0.87998778152268 0.023634811492159 
0.05039566847147 0.88018234189467 0.023718055293641 
0.051228654727197 0.87980120974424 0.023624670558173 
0.052061640982924 0.8791805687458 0.022889676819559 
0.052894627238651 0.87769230924673 0.023011834677809 
0.053727613494377 0.87769230924673 0.023011834677809 
0.054560599750104 0.87670878020065 0.022247006468892 
0.055393586005831 0.87741985561472 0.022604203530008 
0.056226572261558 0.87668719387029 0.022729204593014 
0.057059558517284 0.87668719387029 0.022729204593014 
0.057892544773011 0.87659997053857 0.02266758754279 
0.058725531028738 0.8769974160284 0.022519084843981 
0.059558517284465 0.87683065707472 0.022561739910161 
0.060391503540192 0.87605760944077 0.02274582467867 
0.061224489795918 0.87605760944077 0.02274582467867 
0.062057476051645 0.87624939992736 0.022818667559627 
0.062890462307372 0.87606019043957 0.022912696606998 
0.063723448563099 0.87519184355352 0.023176171666372 
0.064556434818825 0.87519184355352 0.023176171666372 
0.065389421074552 0.87430532449487 0.023501149284462 
0.066222407330279 0.87325782589608 0.023814202889233 
0.067055393586006 0.87333016975173 0.023810307422903 
0.067888379841733 0.87346778716334 0.023920083445621 
0.068721366097459 0.87369955008294 0.023942288834932 
0.069554352353186 0.87390141767957 0.024018128147561 
0.070387338608913 0.87379983092736 0.02414443740338 
0.07122032486464 0.87327226176791 0.023721846929033 
0.072053311120367 0.8725753392187 0.02381317626886 
0.072886297376093 0.8725753392187 0.02381317626886 
0.07371928363182 0.87224067433374 0.023852016967277 
0.074552269887547 0.87196857564146 0.023874945308338 
0.075385256143274 0.87197846726545 0.02401816856527 
0.076218242399 0.87180403827257 0.023927603446868 
0.077051228654727 0.87155906991972 0.023666434464973 
0.077884214910454 0.8712012671548 0.023581653838189 
0.078717201166181 0.87139954012343 0.023510387207751 
0.079550187421908 0.87055793897775 0.023727355718941 
0.080383173677634 0.87055793897775 0.023727355718941 
0.081216159933361 0.8703095459137 0.023726530060765 
0.082049146189088 0.86964216946852 0.02399878467705 
0.082882132444815 0.86966346395555 0.024142133956153 
0.083715118700541 0.86928596741566 0.02424318112622 
0.084548104956268 0.86884617851377 0.024338867987233 
0.085381091211995 0.86867479846828 0.024434615511955 
0.086214077467722 0.86883840907686 0.024486878161385 
0.087047063723449 0.86844501908681 0.024307547071766 
0.087880049979175 0.86844501908681 0.024307547071766 
0.088713036234902 0.86880614459661 0.024394298966464 
0.089546022490629 0.86885441000269 0.024191920748733 
0.090379008746356 0.86894259091438 0.024036437283594 
0.091211995002082 0.86894259091438 0.024036437283594 
0.092044981257809 0.86833486965847 0.023572216509045 
0.092877967513536 0.86829798649074 0.023583081255145 
0.093710953769263 0.86795350372047 0.023513704967149 
0.09454394002499 0.86796273065974 0.023347022762837 
0.095376926280716 0.8676624778694 0.023371852112342 
0.096209912536443 0.86673047852534 0.022849972273972 
0.09704289879217 0.86553819837064 0.023510215962499 
0.097875885047897 0.8647572750535 0.023429819414831 
0.098708871303623 0.8647572750535 0.023429819414831 
0.09954185755935 0.86386468416258 0.023136890900366 
0.10037484381508 0.86298988032273 0.022266833417328 
0.1012078300708 0.86298988032273 0.022266833417328 
0.10204081632653 0.86212986063001 0.021372831056566 
0.10287380258226 0.86241186266155 0.021670168374997 
0.10370678883798 0.86241186266155 0.021670168374997 
0.10453977509371 0.86217112016596 0.021522690417026 
0.10537276134944 0.86251498679647 0.021616700530793 
0.10620574760516 0.86251498679647 0.021616700530793 
0.10703873386089 0.86246275929732 0.021613367529866 
0.10787172011662 0.86229665533322 0.021330212630172 
0.10870470637234 0.86229665533322 0.021330212630172 
0.10953769262807 0.8620357720598 0.021350325893445 
0.1103706788838 0.86133302573848 0.0206703478902 
0.11120366513953 0.86118089385936 0.020591493582062 
0.11203665139525 0.86118089385936 0.020591493582062 
0.11286963765098 0.86118948041597 0.020512632799174 
0.11370262390671 0.86111249333197 0.020573754382306 
0.11453561016243 0.86111249333197 0.020573754382306 
0.11536859641816 0.86008657114471 0.018843494674489 
0.11620158267389 0.86038197934107 0.019023324247747 
0.11703456892961 0.86038197934107 0.019023324247747 
0.11786755518534 0.85982271645993 0.018690062853784 
0.11870054144107 0.8595349259864 0.018761557452853 
0.11953352769679 0.8595349259864 0.018761557452853 
0.12036651395252 0.85898508205213 0.019045510770533 
0.12119950020825 0.85843698218528 0.019058590230864 
0.12203248646397 0.85843698218528 0.019058590230864 
0.1228654727197 0.85889838706301 0.018920275814394 
0.12369845897543 0.85882553191081 0.018877178072298 
0.12453144523115 0.85882553191081 0.018877178072298 
0.12536443148688 0.8575599701694 0.018436754879947 
0.12619741774261 0.85772848466434 0.018118871530809 
0.12703040399833 0.85772848466434 0.018118871530809 
0.12786339025406 0.85707420429255 0.017999651757055 
0.12869637650979 0.85673044421199 0.0177419764404 
0.12952936276551 0.85673044421199 0.0177419764404 
0.13036234902124 0.85668971207641 0.017725001557542 
0.13119533527697 0.85696077607712 0.017617367097984 
0.13202832153269 0.85696077607712 0.017617367097984 
0.13286130778842 0.85685179102818 0.017645456923152 
0.13369429404415 0.85743150834319 0.017698447656802 
0.13452728029988 0.85751481093886 0.017606822056021 
0.1353602665556 0.85751481093886 0.017606822056021 
0.13619325281133 0.85830412120026 0.017631529841831 
0.13702623906706 0.8581901679316 0.017553691356165 
0.13785922532278 0.8581901679316 0.017553691356165 
0.13869221157851 0.85715350958765 0.016998132070775 
0.13952519783424 0.85720923759848 0.017026789039583 
0.14035818408996 0.85720923759848 0.017026789039583 
0.14119117034569 0.85670592547192 0.017020373761945 
0.14202415660142 0.85676355854346 0.016973663283305 
0.14285714285714 0.85676355854346 0.016973663283305 
0.14369012911287 0.85698069828609 0.01719660641017 
0.1445231153686 0.85676361509379 0.017288814773903 
0.14535610162432 0.85676361509379 0.017288814773903 
0.14618908788005 0.8567453480487 0.01718717472254 
0.14702207413578 0.85590342444664 0.017221237328015 
0.1478550603915 0.85590342444664 0.017221237328015 
0.14868804664723 0.85513722087035 0.017946122110925 
0.14952103290296 0.85442301830663 0.018943263787344 
0.15035401915868 0.85442301830663 0.018943263787344 
0.15118700541441 0.85408411520226 0.018915834646186 
0.15201999167014 0.85403072369014 0.018763121903405 
0.15285297792586 0.85403072369014 0.018763121903405 
0.15368596418159 0.8543577858567 0.018719425437926 
0.15451895043732 0.85441506572289 0.018736139038459 
0.15535193669304 0.85441506572289 0.018736139038459 
0.15618492294877 0.85446914787073 0.018825952333822 
0.1570179092045 0.85470295416937 0.018955518994049 
0.15785089546022 0.85470295416937 0.018955518994049 
0.15868388171595 0.85457030653888 0.018850593606279 
0.15951686797168 0.85507198168186 0.019272425347952 
0.16034985422741 0.85532007525195 0.019082346466633 
0.16118284048313 0.85532007525195 0.019082346466633 
0.16201582673886 0.85543053076306 0.019189018529301 
0.16284881299459 0.85554484520226 0.019243364579613 
0.16368179925031 0.85554484520226 0.019243364579613 
0.16451478550604 0.85523172278281 0.019092109558256 
0.16534777176177 0.85527087930894 0.01906919621521 
0.16618075801749 0.85527087930894 0.01906919621521 
0.16701374427322 0.85564647018233 0.018616769023377 
0.16784673052895 0.85625775748208 0.018763527938475 
0.16867971678467 0.85625775748208 0.018763527938475 
0.1695127030404 0.85635078652261 0.018797128705763 
0.17034568929613 0.85661938558154 0.018970830372481 
0.17117867555185 0.85661938558154 0.018970830372481 
0.17201166180758 0.85710381453882 0.019030311784869 
0.17284464806331 0.85671182580046 0.018844078480614 
0.17367763431903 0.85671182580046 0.018844078480614 
0.17451062057476 0.85673914345797 0.018858326311167 
0.17534360683049 0.85583558910887 0.018821975824652 
0.17617659308621 0.85583558910887 0.018821975824652 
0.17700957934194 0.85582506108133 0.018818953862056 
0.17784256559767 0.85607109220044 0.018450164444091 
0.17867555185339 0.85607109220044 0.018450164444091 
0.17950853810912 0.85620504126501 0.018443278048959 
0.18034152436485 0.85622365492842 0.018440443244548 
0.18117451062057 0.85622365492842 0.018440443244548 
0.1820074968763 0.85617063192308 0.018419910597699 
0.18284048313203 0.8565686150156 0.019451070411743 
0.18367346938776 0.8566778247571 0.019392430105207 
0.18450645564348 0.8566778247571 0.019392430105207 
0.18533944189921 0.85638175056469 0.019371661396007 
0.18617242815494 0.85619267167696 0.019176061367976 
0.18700541441066 0.85619267167696 0.019176061367976 
0.18783840066639 0.8563873138494 0.019229569307021 
0.18867138692212 0.85695593013649 0.019527394639225 
0.18950437317784 0.85695593013649 0.019527394639225 
0.19033735943357 0.85748817296633 0.019383477934679 
0.1911703456893 0.85769080582754 0.019238223373677 
0.19200333194502 0.85769080582754 0.019238223373677 
0.19283631820075 0.85793041918238 0.019222235451322 
0.19366930445648 0.85792676779789 0.019220544822025 
0.1945022907122 0.85792676779789 0.019220544822025 
0.19533527696793 0.85856111135494 0.018446413312237 
0.19616826322366 0.85833844302349 0.018334060732623 
0.19700124947938 0.85833844302349 0.018334060732623 
0.19783423573511 0.85868766947969 0.018130386635707 
0.19866722199084 0.85829286243478 0.018276609405204 
0.19950020824656 0.85829286243478 0.018276609405204 
0.20033319450229 0.85848810279885 0.018406467107539 
0.20116618075802 0.85896940727878 0.018980529869751 
0.20199916701374 0.85896940727878 0.018980529869751 
0.20283215326947 0.85969100280061 0.019680873753224 
0.2036651395252 0.85919731338579 0.019700339228913 
0.20449812578092 0.85919731338579 0.019700339228913 
0.20533111203665 0.85943251265834 0.019606023000103 
0.20616409829238 0.8593219915749 0.019516757972386 
0.2069970845481 0.8593219915749 0.019516757972386 
0.20783007080383 0.85949138994777 0.019630875754967 
0.20866305705956 0.86039677033504 0.019545270401792 
0.20949604331529 0.86065162376644 0.019784378586021 
0.21032902957101 0.86065162376644 0.019784378586021 
0.21116201582674 0.86154520964142 0.020006479207682 
0.21199500208247 0.86187753746991 0.019967005308546 
0.21282798833819 0.86187753746991 0.019967005308546 
0.21366097459392 0.86213660374172 0.019985367258537 
0.21449396084965 0.86218888766993 0.01993419293465 
0.21532694710537 0.86218888766993 0.01993419293465 
0.2161599333611 0.86293701890053 0.020284359056349 
0.21699291961683 0.86368073746148 0.020102878886238 
0.21782590587255 0.86368073746148 0.020102878886238 
0.21865889212828 0.86479874182773 0.019201120970834 
0.21949187838401 0.8666472078923 0.018467116439162 
0.22032486463973 0.8666472078923 0.018467116439162 
0.22115785089546 0.86715738798386 0.018304285361191 
0.22199083715119 0.86771334984184 0.018043390058307 
0.22282382340691 0.86771334984184 0.018043390058307 
0.22365680966264 0.86766292888923 0.018055622272433 
0.22448979591837 0.86787989406356 0.017848824602257 
0.22532278217409 0.86787989406356 0.017848824602257 
0.22615576842982 0.86758488763115 0.017719765469113 
0.22698875468555 0.86807838537017 0.018084130830883 
0.22782174094127 0.86807838537017 0.018084130830883 
0.228654727197 0.86793494897278 0.018163377191911 
0.22948771345273 0.86784803025673 0.018456914128154 
0.23032069970845 0.86784803025673 0.018456914128154 
0.23115368596418 0.86788584613168 0.01842542554803 
0.23198667221991 0.86836443960333 0.018869389531243 
0.23281965847564 0.86831134551537 0.018872606547666 
0.23365264473136 0.86831134551537 0.018872606547666 
0.23448563098709 0.86911177148938 0.019305489509489 
0.23531861724282 0.86934756535126 0.019138710755339 
0.23615160349854 0.86934756535126 0.019138710755339 
0.23698458975427 0.87064794858315 0.019042495303365 
0.23781757601 0.87077165940563 0.019175853654674 
0.23865056226572 0.87077165940563 0.019175853654674 
0.23948354852145 0.87192863319126 0.019729743585231 
0.24031653477718 0.87208070031371 0.019807190992952 
0.2411495210329 0.87208070031371 0.019807190992952 
0.24198250728863 0.87243374398177 0.019945115789505 
0.24281549354436 0.87299223466859 0.019553478809601 
0.24364847980008 0.87299223466859 0.019553478809601 
0.24448146605581 0.87304154406718 0.019440697154882 
0.24531445231154 0.8741007706442 0.018872091457221 
0.24614743856726 0.8741007706442 0.018872091457221 
0.24698042482299 0.87469994534774 0.019235466774874 
0.24781341107872 0.87562243127718 0.019165328704618 
0.24864639733444 0.87562243127718 0.019165328704618 
0.24947938359017 0.87620480748333 0.019447723473883 
0.2503123698459 0.87696080380406 0.019691280479629 
0.25114535610162 0.87696080380406 0.019691280479629 
0.25197834235735 0.87736047017629 0.019706140843143 
0.25281132861308 0.87799522707547 0.019613585284775 
0.2536443148688 0.87799522707547 0.019613585284775 
0.25447730112453 0.87838599197446 0.019393252799637 
0.25531028738026 0.8794283943294 0.019315174158542 
0.25614327363598 0.8794283943294 0.019315174158542 
0.25697625989171 0.87983248375936 0.019432514385309 
0.25780924614744 0.88083664625462 0.019702000584979 
0.25864223240317 0.88090554038668 0.019746450393303 
0.25947521865889 0.88090554038668 0.019746450393303 
0.26030820491462 0.88164890062914 0.019472831271426 
0.26114119117035 0.88258637012025 0.019925568283458 
0.26197417742607 0.88258637012025 0.019925568283458 
0.2628071636818 0.88339807090205 0.020022275229255 
0.26364014993753 0.88364038382654 0.019941425100311 
0.26447313619325 0.88364038382654 0.019941425100311 
0.26530612244898 0.88452662039149 0.019804298766104 
0.26613910870471 0.88499662688753 0.019748337058025 
0.26697209496043 0.88499662688753 0.019748337058025 
0.26780508121616 0.88611923263063 0.020252978951334 
0.26863806747189 0.88699459060947 0.019291957984601 
0.26947105372761 0.88699459060947 0.019291957984601 
0.27030403998334 0.88749683472889 0.01961822509171 
0.27113702623907 0.88772823348204 0.019568875431467 
0.27197001249479 0.88772823348204 0.019568875431467 
0.27280299875052 0.88783196376873 0.019700818561069 
0.27363598500625 0.88926413099176 0.019120430571048 
0.27446897126197 0.88926413099176 0.019120430571048 
0.2753019575177 0.88955244465354 0.018877828280503 
0.27613494377343 0.89041469471136 0.01872645058196 
0.27696793002915 0.89041469471136 0.01872645058196 
0.27780091628488 0.89142490840497 0.020340875546998 
0.27863390254061 0.89169130383154 0.020305171940731 
0.27946688879633 0.89169130383154 0.020305171940731 
0.28029987505206 0.89164720167495 0.020313518399774 
0.28113286130779 0.89199588325266 0.020361931599569 
0.28196584756352 0.8928066921092 0.020948696332248 
0.28279883381924 0.8928066921092 0.020948696332248 
0.28363182007497 0.89357805718719 0.020913759982381 
0.2844648063307 0.89417225460479 0.020217550548128 
0.28529779258642 0.89417225460479 0.020217550548128 
0.28613077884215 0.89518438596265 0.021109608245875 
0.28696376509788 0.89517057932114 0.02111362363424 
0.2877967513536 0.89517057932114 0.02111362363424 
0.28862973760933 0.89618085440932 0.021529157782679 
0.28946272386506 0.89618826964272 0.021537470930135 
0.29029571012078 0.89618826964272 0.021537470930135 
0.29112869637651 0.89745523737186 0.021826431530413 
0.29196168263224 0.89816625619373 0.021814155607401 
0.29279466888796 0.89816625619373 0.021814155607401 
0.29362765514369 0.89885401414689 0.021452769771722 
0.29446064139942 0.90003212271635 0.020696447769156 
0.29529362765514 0.90003212271635 0.020696447769156 
0.29612661391087 0.90085220868129 0.020582165187261 
0.2969596001666 0.90158437838559 0.020898377510102 
0.29779258642232 0.90158437838559 0.020898377510102 
0.29862557267805 0.90280643947271 0.020962626442747 
0.29945855893378 0.90413795687259 0.020802175077394 
0.3002915451895 0.90413795687259 0.020802175077394 
0.30112453144523 0.90494020412824 0.020146042973837 
0.30195751770096 0.90579635069592 0.019920772769465 
0.30279050395668 0.90579635069592 0.019920772769465 
0.30362349021241 0.90685124534984 0.020076186827026 
0.30445647646814 0.90766821276369 0.020479713730587 
0.30528946272387 0.90830072631165 0.019983186338166 
0.30612244897959 0.90830072631165 0.019983186338166 
0.30695543523532 0.90906622281828 0.02030419731182 
0.30778842149105 0.90953778312775 0.020466322762598 
0.30862140774677 0.90953778312775 0.020466322762598 
0.3094543940025 0.91020271566026 0.020695347441014 
0.31028738025823 0.91075432097584 0.020725934410583 
0.31112036651395 0.91075432097584 0.020725934410583 
0.31195335276968 0.91220814568219 0.021237674211008 
0.31278633902541 0.91306448328206 0.021464299650442 
0.31361932528113 0.91306448328206 0.021464299650442 
0.31445231153686 0.91427805868203 0.020597450930836 
0.31528529779259 0.91496651018824 0.020811893153643 
0.31611828404831 0.91496651018824 0.020811893153643 
0.31695127030404 0.91544896690414 0.020883159210828 
0.31778425655977 0.91636962965657 0.020990981984251 
0.31861724281549 0.91636962965657 0.020990981984251 
0.31945022907122 0.91695530426282 0.021478367779754 
0.32028321532695 0.91797512478046 0.021565818264853 
0.32111620158267 0.91797512478046 0.021565818264853 
0.3219491878384 0.91854218446228 0.021572046832332 
0.32278217409413 0.91908712799245 0.021588134970568 
0.32361516034985 0.91908712799245 0.021588134970568 
0.32444814660558 0.91941852173264 0.021251968546551 
0.32528113286131 0.92108299771052 0.022216327075412 
0.32611411911703 0.92108299771052 0.022216327075412 
0.32694710537276 0.92179105490194 0.022549412400443 
0.32778009162849 0.92308372599641 0.023147971546314 
0.32861307788421 0.92308372599641 0.023147971546314 
0.32944606413994 0.92389383636351 0.023392581416013 
0.33027905039567 0.92505313630301 0.023064465805352 
0.3311120366514 0.92498055871404 0.023055213563038 
0.33194502290712 0.92498055871404 0.023055213563038 
0.33277800916285 0.92677230100728 0.024164913254182 
0.33361099541858 0.92772484999047 0.024156543533516 
0.3344439816743 0.92772484999047 0.024156543533516 
0.33527696793003 0.92892939412202 0.024336558360675 
0.33610995418576 0.92946448062547 0.024235735258688 
0.33694294044148 0.92946448062547 0.024235735258688 
0.33777592669721 0.93097726500148 0.025633978721703 
0.33860891295294 0.93211113249963 0.025211533169023 
0.33944189920866 0.93211113249963 0.025211533169023 
0.34027488546439 0.93307862855242 0.0256240140673 
0.34110787172012 0.93451742637727 0.02564132894079 
0.34194085797584 0.93451742637727 0.02564132894079 
0.34277384423157 0.93521699790935 0.025650223011117 
0.3436068304873 0.93609746112194 0.025567202005225 
0.34443981674302 0.93609746112194 0.025567202005225 
0.34527280299875 0.93716652125701 0.025306592214083 
0.34610578925448 0.93861834727831 0.025204306011242 
0.3469387755102 0.93861834727831 0.025204306011242 
0.34777176176593 0.93866725084863 0.025258530533317 
0.34860474802166 0.94110221753459 0.025344465152101 
0.34943773427738 0.94110221753459 0.025344465152101 
0.35027072053311 0.94218656748118 0.024907360291611 
0.35110370678884 0.94364430460634 0.024203045891298 
0.35193669304456 0.94364430460634 0.024203045891298 
0.35276967930029 0.94410668500203 0.024524678460526 
0.35360266555602 0.94575323628005 0.024848860878298 
0.35443565181175 0.94672233286834 0.024424007291709 
0.35526863806747 0.94672233286834 0.024424007291709 
0.3561016243232 0.94748443691907 0.024232338676584 
0.35693461057893 0.94842860383379 0.023446417967149 
0.35776759683465 0.94842860383379 0.023446417967149 
0.35860058309038 0.94986609295134 0.023797361099322 
0.35943356934611 0.95061217655835 0.023851636792118 
0.36026655560183 0.95061217655835 0.023851636792118 
0.36109954185756 0.95227027054279 0.024652311010488 
0.36193252811329 0.9530273578933 0.024849472663863 
0.36276551436901 0.9530273578933 0.024849472663863 
0.36359850062474 0.95485089054808 0.024277054355905 
0.36443148688047 0.95559871079565 0.024046144746868 
0.36526447313619 0.95559871079565 0.024046144746868 
0.36609745939192 0.95672663536197 0.024565905193852 
0.36693044564765 0.95815471332112 0.02467884184704 
0.36776343190337 0.95815471332112 0.02467884184704 
0.3685964181591 0.95866816349016 0.025045942980008 
0.36942940441483 0.96014730575764 0.025280018540836 
0.37026239067055 0.96014730575764 0.025280018540836 
0.37109537692628 0.96098280949499 0.025147951362618 
0.37192836318201 0.96271048819027 0.024987850892004 
0.37276134943773 0.96271048819027 0.024987850892004 
0.37359433569346 0.96281990503701 0.024967726541015 
0.37442732194919 0.96436267240481 0.025168749528598 
0.37526030820491 0.96436267240481 0.025168749528598 
0.37609329446064 0.96541877710207 0.025090323446514 
0.37692628071637 0.96727395112627 0.024923358207206 
0.37775926697209 0.96727395112627 0.024923358207206 
0.37859225322782 0.96819433146758 0.025181917506332 
0.37942523948355 0.96998382062304 0.025326754599768 
0.38025822573928 0.97079096485687 0.025272743314157 
0.381091211995 0.97079096485687 0.025272743314157 
0.38192419825073 0.9718401550076 0.025273914227892 
0.38275718450646 0.97252431652878 0.025564743657072 
0.38359017076218 0.97252431652878 0.025564743657072 
0.38442315701791 0.97406344573522 0.024508771843946 
0.38525614327364 0.97460065119492 0.024469659675139 
0.38608912952936 0.97460065119492 0.024469659675139 
0.38692211578509 0.97586230879104 0.023703701189216 
0.38775510204082 0.97673220034833 0.024009675110233 
0.38858808829654 0.97673220034833 0.024009675110233 
0.38942107455227 0.97759648910492 0.024163378073008 
0.390254060808 0.97859047675678 0.023649257899397 
0.39108704706372 0.97859047675678 0.023649257899397 
0.39192003331945 0.979456748051 0.023422919892178 
0.39275301957518 0.9809306749161 0.022470982130931 
0.3935860058309 0.9809306749161 0.022470982130931 
0.39441899208663 0.98186229880099 0.021154421871896 
0.39525197834236 0.98306139657563 0.021629555335637 
0.39608496459808 0.98306139657563 0.021629555335637 
0.39691795085381 0.98383942110785 0.022019253168101 
0.39775093710954 0.98521864577542 0.022405963982451 
0.39858392336526 0.98521864577542 0.022405963982451 
0.39941690962099 0.9858681774248 0.022587188066313 
0.40024989587672 0.98766228760261 0.021976451953818 
0.40108288213244 0.98766228760261 0.021976451953818 
0.40191586838817 0.9889157316255 0.021355333566798 
0.4027488546439 0.98991810028229 0.021854890901238 
0.40358184089963 0.99051539979706 0.021907115915915 
0.40441482715535 0.99051539979706 0.021907115915915 
0.40524781341108 0.99257942570668 0.02156315228202 
0.40608079966681 0.99360154388904 0.021417277554622 
0.40691378592253 0.99360154388904 0.021417277554622 
0.40774677217826 0.99410970605848 0.021524322263827 
0.40857975843399 0.99478197891396 0.02163287996061 
0.40941274468971 0.99478197891396 0.02163287996061 
0.41024573094544 0.99637198140976 0.022064331799528 
0.41107871720117 0.99679148916358 0.022101010509701 
0.41191170345689 0.99679148916358 0.022101010509701 
0.41274468971262 0.99850847618978 0.021584012542854 
0.41357767596835 0.99948863623139 0.021664106222573 
0.41441066222407 0.99948863623139 0.021664106222573 
0.4152436484798 1.0004568247579 0.021852011513419 
0.41607663473553 1.0015596550455 0.021499031242344 
0.41690962099125 1.0015596550455 0.021499031242344 
0.41774260724698 1.0023121536389 0.021440938018896 
0.41857559350271 1.003401378059 0.021868106861972 
0.41940857975843 1.003401378059 0.021868106861972 
0.42024156601416 1.0040710643668 0.021912446933542 
0.42107455226989 1.0060196691523 0.021784237623508 
0.42190753852561 1.0060196691523 0.021784237623508 
0.42274052478134 1.0065549643619 0.021696535873925 
0.42357351103707 1.0079114177648 0.021464577401756 
0.42440649729279 1.0079114177648 0.021464577401756 
0.42523948354852 1.0087336526147 0.021554429574647 
0.42607246980425 1.01017516752 0.02046727990943 
0.42690545605997 1.01017516752 0.02046727990943 
0.4277384423157 1.0110814006657 0.020253689805829 
0.42857142857143 1.0121192591839 0.020225382773085 
0.42940441482716 1.0127239431635 0.020113945910833 
0.43023740108288 1.0127239431635 0.020113945910833 
0.43107038733861 1.013726300996 0.020469625658957 
0.43190337359434 1.0143825655603 0.020610234818975 
0.43273635985006 1.0143825655603 0.020610234818975 
0.43356934610579 1.0158190137791 0.0206576672557 
0.43440233236152 1.0164668318717 0.020349235940642 
0.43523531861724 1.0164668318717 0.020349235940642 
0.43606830487297 1.0178514659387 0.02040496588642 
0.4369012911287 1.0181793748675 0.020476064320707 
0.43773427738442 1.0181793748675 0.020476064320707 
0.43856726364015 1.0188236136283 0.020527824917527 
0.43940024989588 1.0199750090217 0.020990074586523 
0.4402332361516 1.0199750090217 0.020990074586523 
0.44106622240733 1.020462274594 0.020801592983417 
0.44189920866306 1.0215300917148 0.020727713032661 
0.44273219491878 1.0215300917148 0.020727713032661 
0.44356518117451 1.0223570640347 0.019728380390328 
0.44439816743024 1.0235293565822 0.01978201646706 
0.44523115368596 1.0235293565822 0.01978201646706 
0.44606413994169 1.0239547155149 0.019814330567441 
0.44689712619742 1.0246860806101 0.019675532096642 
0.44773011245314 1.0246860806101 0.019675532096642 
0.44856309870887 1.0251329936712 0.019840402052767 
0.4493960849646 1.0261210096252 0.020317899702227 
0.45022907122032 1.0261210096252 0.020317899702227 
0.45106205747605 1.0263785878489 0.02015450241196 
0.45189504373178 1.0277161066102 0.019798545123046 
0.45272802998751 1.0283863671559 0.020194808636102 
0.45356101624323 1.0283863671559 0.020194808636102 
0.45439400249896 1.0298594969254 0.019411556733644 
0.45522698875469 1.0306284755362 0.019298915501147 
0.45605997501041 1.0306284755362 0.019298915501147 
0.45689296126614 1.0318774559793 0.018053754988805 
0.45772594752187 1.0321731556032 0.018080237881271 
0.45855893377759 1.0321731556032 0.018080237881271 
0.45939192003332 1.033360883055 0.017878735109409 
0.46022490628905 1.0343242182279 0.017590888337799 
0.46105789254477 1.0343242182279 0.017590888337799 
0.4618908788005 1.0355480809808 0.016617738547177 
0.46272386505623 1.0360910111137 0.016426003167027 
0.46355685131195 1.0360910111137 0.016426003167027 
0.46438983756768 1.0372773265585 0.016180765229703 
0.46522282382341 1.0381714632193 0.016468449950943 
0.46605581007913 1.0381714632193 0.016468449950943 
0.46688879633486 1.0384172696551 0.016454837517109 
0.46772178259059 1.039547364196 0.016561877124292 
0.46855476884631 1.039547364196 0.016561877124292 
0.46938775510204 1.0397410038839 0.016416129296753 
0.47022074135777 1.0411941525709 0.016950024851295 
0.47105372761349 1.0411941525709 0.016950024851295 
0.47188671386922 1.0415431237373 0.017021638450281 
0.47271970012495 1.0424510148046 0.016791968030991 
0.47355268638067 1.0424510148046 0.016791968030991 
0.4743856726364 1.0432882451231 0.017259641391524 
0.47521865889213 1.043580760882 0.017303316381382 
0.47605164514786 1.0439371519941 0.017388825999747 
0.47688463140358 1.0439371519941 0.017388825999747 
0.47771761765931 1.0454373502555 0.01683231681304 
0.47855060391504 1.0457973640473 0.016739428160434 
0.47938359017076 1.0457973640473 0.016739428160434 
0.48021657642649 1.0465472580171 0.016903160987385 
0.48104956268222 1.047037103545 0.01660827641554 
0.48188254893794 1.047037103545 0.01660827641554 
0.48271553519367 1.0480917241606 0.016757851306546 
0.4835485214494 1.0484528890075 0.016947063434889 
0.48438150770512 1.0484528890075 0.016947063434889 
0.48521449396085 1.0491037183444 0.016670166318862 
0.48604748021658 1.0496527454682 0.016647155919037 
0.4868804664723 1.0496527454682 0.016647155919037 
0.48771345272803 1.0501400327549 0.01653008773347 
0.48854643898376 1.0504997822313 0.016505568130727 
0.48937942523948 1.0504997822313 0.016505568130727 
0.49021241149521 1.0509942740061 0.016605152288528 
0.49104539775094 1.0512393343878 0.016602931796375 
0.49187838400666 1.0512393343878 0.016602931796375 
0.49271137026239 1.051749345158 0.016452776130772 
0.49354435651812 1.052627631199 0.016343183504485 
0.49437734277384 1.052627631199 0.016343183504485 
0.49521032902957 1.0529449686052 0.016454429687702 
0.4960433152853 1.0539238405737 0.015736572843189 
0.49687630154102 1.0539238405737 0.015736572843189 
0.49770928779675 1.0545340214823 0.016318671302412 
0.49854227405248 1.0555840269018 0.015865541140976 
0.4993752603082 1.0555840269018 0.015865541140976 
0.50020824656393 1.0559565745309 0.015723498699037 
0.50104123281966 1.0566684631983 0.015651342344293 
0.50187421907539 1.0569981014958 0.015715026363299 
0.50270720533111 1.0569981014958 0.015715026363299 
0.50354019158684 1.0575166018109 0.015689870195948 
0.50437317784257 1.0581861611334 0.015853718972314 
0.50520616409829 1.0581861611334 0.015853718972314 
0.50603915035402 1.0586608413623 0.015944004574669 
0.50687213660975 1.0593386717753 0.016184042636234 
0.50770512286547 1.0593386717753 0.016184042636234 
0.5085381091212 1.0600566488799 0.015602925836773 
0.50937109537693 1.0602384149647 0.015787406306418 
0.51020408163265 1.0602384149647 0.015787406306418 
0.51103706788838 1.0609444579581 0.015596822087542 
0.51187005414411 1.0615765076675 0.015202680029371 
0.51270304039983 1.0615765076675 0.015202680029371 
0.51353602665556 1.0624184513979 0.015102514928586 
0.51436901291129 1.062819039844 0.015038995039354 
0.51520199916701 1.062819039844 0.015038995039354 
0.51603498542274 1.0629547164194 0.014911453694616 
0.51686797167847 1.0639727129201 0.014503150855233 
0.51770095793419 1.0639727129201 0.014503150855233 
0.51853394418992 1.0644015626745 0.014644200555265 
0.51936693044565 1.0649714357834 0.014139332939278 
0.52019991670137 1.0649714357834 0.014139332939278 
0.5210329029571 1.065675879123 0.013553970047687 
0.52186588921283 1.0662058305018 0.013366922405225 
0.52269887546855 1.0662058305018 0.013366922405225 
0.52353186172428 1.0665164864455 0.01370454635239 
0.52436484798001 1.0669422258558 0.013482179889404 
0.52519783423574 1.0672023294328 0.013550647887412 
0.52603082049146 1.0672023294328 0.013550647887412 
0.52686380674719 1.0677833262519 0.012778030240322 
0.52769679300292 1.0680789683369 0.012557451541505 
0.52852977925864 1.0680789683369 0.012557451541505 
0.52936276551437 1.0683785961997 0.012356774775783 
0.5301957517701 1.0687915331479 0.012936723599564 
0.53102873802582 1.0687915331479 0.012936723599564 
0.53186172428155 1.069653037899 0.012789588020861 
0.53269471053728 1.0699604297639 0.012690461563441 
0.533527696793 1.0699604297639 0.012690461563441 
0.53436068304873 1.0702299699389 0.012625638740926 
0.53519366930446 1.0701109810162 0.012636697253176 
0.53602665556018 1.0701109810162 0.012636697253176 
0.53685964181591 1.0707082417376 0.012535404199061 
0.53769262807164 1.0710197924776 0.012692565397351 
0.53852561432736 1.0710197924776 0.012692565397351 
0.53935860058309 1.0715800846609 0.012132778270251 
0.54019158683882 1.0714428193769 0.012067194943303 
0.54102457309454 1.0714428193769 0.012067194943303 
0.54185755935027 1.0716298152674 0.01200238087641 
0.542690545606 1.0720409722738 0.011819486003908 
0.54352353186172 1.0720409722738 0.011819486003908 
0.54435651811745 1.0720946919125 0.011899806233428 
0.54518950437318 1.0729985372155 0.011473930046013 
0.5460224906289 1.0729985372155 0.011473930046013 
0.54685547688463 1.0730664665413 0.011430688193453 
0.54768846314036 1.0733817154557 0.011651806576393 
0.54852144939608 1.0733817154557 0.011651806576393 
0.54935443565181 1.0737855744732 0.011644365249776 
0.55018742190754 1.0741964026938 0.011578148889641 
0.55102040816327 1.07434469161 0.011439462083719 
0.55185339441899 1.07434469161 0.011439462083719 
0.55268638067472 1.0746987658339 0.011611634813599 
0.55351936693045 1.0747993544 0.011626748324262 
0.55435235318617 1.0747993544 0.011626748324262 
0.5551853394419 1.0752737465021 0.011299168833604 
0.55601832569763 1.075490564873 0.011403523499743 
0.55685131195335 1.075490564873 0.011403523499743 
0.55768429820908 1.0759364637629 0.011215720258168 
0.55851728446481 1.0762630968795 0.010971787469629 
0.55935027072053 1.0762630968795 0.010971787469629 
0.56018325697626 1.0764985464764 0.01101172394976 
0.56101624323199 1.0772443708151 0.010709070739857 
0.56184922948771 1.0772443708151 0.010709070739857 
0.56268221574344 1.0777123868419 0.011014956402189 
0.56351520199917 1.0780274402273 0.011193112588217 
0.56434818825489 1.0780274402273 0.011193112588217 
0.56518117451062 1.0780679676938 0.011176871537731 
0.56601416076635 1.0786976129828 0.011114103916279 
0.56684714702207 1.0786976129828 0.011114103916279 
0.5676801332778 1.0786654371554 0.01107026290156 
0.56851311953353 1.0788032488733 0.010972349741509 
0.56934610578925 1.0788032488733 0.010972349741509 
0.57017909204498 1.0791342032764 0.010982197392881 
0.57101207830071 1.0795824954772 0.011006976517776 
0.57184506455643 1.0795824954772 0.011006976517776 
0.57267805081216 1.0795659896196 0.011016808640483 
0.57351103706789 1.0797918356013 0.011029267066473 
0.57434402332362 1.0797730968614 0.011013518113408 
0.57517700957934 1.0797730968614 0.011013518113408 
0.57600999583507 1.0805696528455 0.011343377447834 
0.5768429820908 1.0806549614588 0.011464027451361 
0.57767596834652 1.0806549614588 0.011464027451361 
0.57850895460225 1.0811854645907 0.011249107804586 
0.57934194085798 1.081042648057 0.011292204904807 
0.5801749271137 1.081042648057 0.011292204904807 
0.58100791336943 1.0812469766351 0.011287760223986 
0.58184089962516 1.0813441847222 0.011250486344068 
0.58267388588088 1.0813441847222 0.011250486344068 
0.58350687213661 1.0809710104626 0.011466227842842 
0.58433985839234 1.0809161638533 0.01153827957271 
0.58517284464806 1.0809161638533 0.01153827957271 
0.58600583090379 1.0816916646812 0.011723678649876 
0.58683881715952 1.0817210205372 0.011786425097354 
0.58767180341524 1.0817210205372 0.011786425097354 
0.58850478967097 1.0818724542848 0.011933969978704 
0.5893377759267 1.0820555609563 0.011854145637207 
0.59017076218242 1.0820555609563 0.011854145637207 
0.59100374843815 1.0820133327814 0.011855583796602 
0.59183673469388 1.082551815295 0.011938300941494 
0.5926697209496 1.082551815295 0.011938300941494 
0.59350270720533 1.0825650861598 0.011951764420343 
0.59433569346106 1.0826649070877 0.011735745180105 
0.59516867971678 1.0826649070877 0.011735745180105 
0.59600166597251 1.0826478780059 0.011738381448195 
0.59683465222824 1.0834500780432 0.011993065053511 
0.59766763848396 1.0834500780432 0.011993065053511 
0.59850062473969 1.0835297368303 0.011931484198502 
0.59933361099542 1.0836986102188 0.011737403594867 
0.60016659725115 1.0833972426341 0.011543626496875 
0.60099958350687 1.0833972426341 0.011543626496875 
0.6018325697626 1.0831842759065 0.011811040994043 
0.60266555601833 1.0831712994367 0.011816658224696 
0.60349854227405 1.0831712994367 0.011816658224696 
0.60433152852978 1.0835377176765 0.011764531806535 
0.60516451478551 1.0838965774714 0.011621948273035 
0.60599750104123 1.0838965774714 0.011621948273035 
0.60683048729696 1.0842283891242 0.011830393811889 
0.60766347355269 1.0843637881082 0.011929281473777 
0.60849645980841 1.0843637881082 0.011929281473777 
0.60932944606414 1.0838305025897 0.012468639161071 
0.61016243231987 1.0840108719631 0.012425301133456 
0.61099541857559 1.0840108719631 0.012425301133456 
0.61182840483132 1.0839158799095 0.012522276594304 
0.61266139108705 1.0833659241656 0.013356368247314 
0.61349437734277 1.0833659241656 0.013356368247314 
0.6143273635985 1.0835666502441 0.01360975719869 
0.61516034985423 1.0830016325882 0.014458114547584 
0.61599333610995 1.0830016325882 0.014458114547584 
0.61682632236568 1.0828597470149 0.014655923272553 
0.61765930862141 1.0822469885763 0.015118731159014 
0.61849229487713 1.0822469885763 0.015118731159014 
0.61932528113286 1.0819802581582 0.01517130577683 
0.62015826738859 1.0810749294603 0.016178451260511 
0.62099125364431 1.0810749294603 0.016178451260511 
0.62182423990004 1.0811004653921 0.016162217114423 
0.62265722615577 1.0809890169166 0.016487960045703 
0.6234902124115 1.0809282959825 0.016498229357868 
0.62432319866722 1.0809282959825 0.016498229357868 
0.62515618492295 1.0805612408018 0.016777162542116 
0.62598917117868 1.0799959396645 0.017244708618313 
0.6268221574344 1.0799959396645 0.017244708618313 
0.62765514369013 1.079799468114 0.017377596537751 
0.62848812994586 1.0798942058886 0.017408456382389 
0.62932111620158 1.0798942058886 0.017408456382389 
0.63015410245731 1.079193817772 0.017851832189277 
0.63098708871304 1.0792966906838 0.017971592535063 
0.63182007496876 1.0792966906838 0.017971592535063 
0.63265306122449 1.0790116955329 0.017749009767219 
0.63348604748022 1.0787168234097 0.017698031029887 
0.63431903373594 1.0787168234097 0.017698031029887 
0.63515201999167 1.078182095716 0.018189364210233 
0.6359850062474 1.0779879859665 0.018214414848104 
0.63681799250312 1.0779879859665 0.018214414848104 
0.63765097875885 1.0769575631592 0.019750970539529 
0.63848396501458 1.0763345842134 0.020093580683873 
0.6393169512703 1.0763345842134 0.020093580683873 
0.64014993752603 1.0758264550069 0.020200178316441 
0.64098292378176 1.0746147915906 0.020866064844514 
0.64181591003748 1.0746147915906 0.020866064844514 
0.64264889629321 1.0741563308456 0.021329343605888 
0.64348188254894 1.0743369232797 0.021444336866554 
0.64431486880466 1.0743369232797 0.021444336866554 
0.64514785506039 1.0741589579566 0.021390027266852 
0.64598084131612 1.0735166944008 0.022755469160137 
0.64681382757185 1.0727939387628 0.022856495024918 
0.64764681382757 1.0727939387628 0.022856495024918 
0.6484798000833 1.0722611033991 0.023074958142508 
0.64931278633903 1.0721908457795 0.023085497070437 
0.65014577259475 1.0721908457795 0.023085497070437 
0.65097875885048 1.0714902856463 0.023200678637706 
0.65181174510621 1.0706104947913 0.024200874012738 
0.65264473136193 1.0706104947913 0.024200874012738 
0.65347771761766 1.0699541375591 0.024654349023269 
0.65431070387339 1.0692617491309 0.025622721505677 
0.65514369012911 1.0692617491309 0.025622721505677 
0.65597667638484 1.0674985032063 0.025844992041081 
0.65680966264057 1.068056882995 0.026578857034987 
0.65764264889629 1.068056882995 0.026578857034987 
0.65847563515202 1.0667628906874 0.029077372220023 
0.65930862140775 1.0653540814057 0.030665913935067 
0.66014160766347 1.0653540814057 0.030665913935067 
0.6609745939192 1.0646605276915 0.0309871810599 
0.66180758017493 1.063432796733 0.031027880201122 
0.66264056643065 1.063432796733 0.031027880201122 
0.66347355268638 1.0623007005736 0.031576906908585 
0.66430653894211 1.0616175451258 0.031779845347548 
0.66513952519783 1.0616175451258 0.031779845347548 
0.66597251145356 1.0603266378089 0.033173673064302 
0.66680549770929 1.0590686344506 0.03454968620556 
0.66763848396501 1.0590686344506 0.03454968620556 
0.66847147022074 1.0581468482778 0.035072256726444 
0.66930445647647 1.05637266882 0.036114241108505 
0.67013744273219 1.05637266882 0.036114241108505 
0.67097042898792 1.0544543366176 0.03905459965687 
0.67180341524365 1.0532654043194 0.039616028398401 
0.67263640149938 1.0521156431526 0.040291194455855 
0.6734693877551 1.0521156431526 0.040291194455855 
0.67430237401083 1.0505062363977 0.040058478937686 
0.67513536026656 1.0487399924513 0.041345649793401 
0.67596834652228 1.0487399924513 0.041345649793401 
0.67680133277801 1.0469895159752 0.042952610788696 
0.67763431903374 1.0443924650521 0.046220742947908 
0.67846730528946 1.0443924650521 0.046220742947908 
0.67930029154519 1.0397579941787 0.053622003797486 
0.68013327780092 1.0373463098668 0.056453722841182 
0.68096626405664 1.0373463098668 0.056453722841182 
0.68179925031237 1.0336101205155 0.061585723715749 
0.6826322365681 1.0324273914855 0.062238942840036 
0.68346522282382 1.0324273914855 0.062238942840036 
0.68429820907955 1.0300634869715 0.062243130639117 
0.68513119533528 1.0281871121984 0.06306635859884 
0.685964181591 1.0281871121984 0.06306635859884 
0.68679716784673 1.026502443331 0.06416336037115 
0.68763015410246 1.0241725210758 0.066271628187163 
0.68846314035818 1.0241725210758 0.066271628187163 
0.68929612661391 1.0236639813479 0.066097602427028 
0.69012911286964 1.0186182123864 0.07559490514046 
0.69096209912536 1.0186182123864 0.07559490514046 
0.69179508538109 1.0156396836288 0.078317629027561 
0.69262807163682 1.0112134477594 0.079640279021785 
0.69346105789254 1.0112134477594 0.079640279021785 
0.69429404414827 1.0056545133925 0.090506169782329 
0.695127030404 1.0032823107576 0.090987766900944 
0.69596001665973 1.0038728296797 0.091400191682636 
0.69679300291545 1.0038728296797 0.091400191682636 
0.69762598917118 0.99766494509092 0.095400631046806 
0.69845897542691 0.99544892207248 0.095403847674346 
0.69929196168263 0.99544892207248 0.095403847674346 
0.70012494793836 0.99112391738976 0.1012343683235 
0.70095793419409 0.98743760117182 0.1026693858189 
0.70179092044981 0.98743760117182 0.1026693858189 
0.70262390670554 0.98089193200441 0.10569697482133 
0.70345689296127 0.98412688084926 0.11231208690897 
0.70428987921699 0.98412688084926 0.11231208690897 
0.70512286547272 0.9761944815663 0.12103184847791 
0.70595585172845 0.97572921462405 0.12068295439218 
0.70678883798417 0.97572921462405 0.12068295439218 
0.7076218242399 0.97202664573317 0.12455790239148 
0.70845481049563 0.96738061212477 0.12706095887664 
0.70928779675135 0.96738061212477 0.12706095887664 
0.71012078300708 0.96141002374493 0.13457552323935 
0.71095376926281 0.96625225441524 0.16054763917414 
0.71178675551853 0.96625225441524 0.16054763917414 
0.71261974177426 0.96024436710102 0.16721135507122 
0.71345272802999 0.95085976938303 0.17663300650707 
0.71428571428571 0.95085976938303 0.17663300650707 
0.71511870054144 0.94647273281733 0.17810744952954 
0.71595168679717 0.94146803332148 0.17842393886518 
0.71678467305289 0.94146803332148 0.17842393886518 
0.71761765930862 0.93467271041835 0.18529411014107 
0.71845064556435 0.93312228071703 0.19946461099172 
0.71928363182007 0.93312228071703 0.19946461099172 
0.7201166180758 0.92882664813861 0.20044376710741 
0.72094960433153 0.91740694506058 0.20943725687181 
0.72178259058726 0.9266931002562 0.22953889003424 
0.72261557684298 0.9266931002562 0.22953889003424 
0.72344856309871 0.91358748142583 0.23890760517241 
0.72428154935444 0.92020153688711 0.24884098287513 
0.72511453561016 0.92020153688711 0.24884098287513 
0.72594752186589 0.90991545631633 0.25362015417666 
0.72678050812162 0.90737227858543 0.25251248343992 
0.72761349437734 0.90737227858543 0.25251248343992 
0.72844648063307 0.90440843031194 0.25459672584943 
0.7292794668888 0.89776241799118 0.25963717305668 
0.73011245314452 0.89776241799118 0.25963717305668 
0.73094543940025 0.89623357609029 0.26086785654846 
0.73177842565598 0.89756562288882 0.26522636708348 
0.7326114119117 0.89756562288882 0.26522636708348 
0.73344439816743 0.89626723642992 0.26664696617265 
0.73427738442316 0.89244793719287 0.26900430010068 
0.73511037067888 0.89244793719287 0.26900430010068 
0.73594335693461 0.8914053055174 0.27061366763657 
0.73677634319034 0.88727428370582 0.27278813799853 
0.73760932944606 0.88727428370582 0.27278813799853 
0.73844231570179 0.88572793133166 0.27432786993333 
0.73927530195752 0.88251997558226 0.27748443424561 
0.74010828821324 0.88251997558226 0.27748443424561 
0.74094127446897 0.88202404170785 0.27942819228674 
0.7417742607247 0.87779023465917 0.28230564249507 
0.74260724698042 0.87779023465917 0.28230564249507 
0.74344023323615 0.87625070263648 0.28412110907394 
0.74427321949188 0.87175291823383 0.28728169009551 
0.74510620574761 0.87059626437779 0.28936715882721 
0.74593919200333 0.87059626437779 0.28936715882721 
0.74677217825906 0.86562490339054 0.29222282647542 
0.74760516451479 0.86538093588383 0.29460209547733 
0.74843815077051 0.86538093588383 0.29460209547733 
0.74927113702624 0.86535707450548 0.2995255392317 
0.75010412328197 0.86523154487744 0.30209508230493 
0.75093710953769 0.86523154487744 0.30209508230493 
0.75177009579342 0.86422178421874 0.30694723839317 
0.75260308204915 0.86226633201789 0.30937922353138 
0.75343606830487 0.86226633201789 0.30937922353138 
0.7542690545606 0.85819312200338 0.31436280254784 
0.75510204081633 0.85666346090541 0.31717569244124 
0.75593502707205 0.85666346090541 0.31717569244124 
0.75676801332778 0.85551637679829 0.32016332617385 
0.75760099958351 0.85129179481077 0.32540749187504 
0.75843398583923 0.85129179481077 0.32540749187504 
0.75926697209496 0.84766853201545 0.32779994592637 
0.76009995835069 0.84829552641427 0.33341772136087 
0.76093294460641 0.84829552641427 0.33341772136087 
0.76176593086214 0.84888690021846 0.33707814496684 
0.76259891711787 0.84668431988888 0.34465099533964 
0.76343190337359 0.84668431988888 0.34465099533964 
0.76426488962932 0.85235136257171 0.34674420742542 
0.76509787588505 0.8469304994305 0.35408641686889 
0.76593086214077 0.8469304994305 0.35408641686889 
0.7667638483965 0.84064486548601 0.35638690016181 
0.76759683465223 0.8422352606776 0.36577594712505 
0.76842982090795 0.8422352606776 0.36577594712505 
0.76926280716368 0.84053775437872 0.37067758581466 
0.77009579341941 0.83854018014963 0.37837573859108 
0.77092877967514 0.83986662738539 0.38398803122847 
0.77176176593086 0.83986662738539 0.38398803122847 
0.77259475218659 0.84207419537874 0.39576011058233 
0.77342773844232 0.82543402021522 0.39148841062296 
0.77426072469804 0.82543402021522 0.39148841062296 
0.77509371095377 0.83288605761607 0.40205897479007 
0.7759266972095 0.82495409272575 0.40727982878237 
0.77675968346522 0.82495409272575 0.40727982878237 
0.77759266972095 0.82427445681784 0.42055163668833 
0.77842565597668 0.82764586425321 0.42889257324211 
0.7792586422324 0.82764586425321 0.42889257324211 
0.78009162848813 0.83976163374483 0.43407788485313 
0.78092461474386 0.80145844170739 0.4070260637834 
0.78175760099958 0.80145844170739 0.4070260637834 
0.78259058725531 0.81507395113652 0.41238416966664 
0.78342357351104 0.82891303808093 0.42171633874373 
0.78425655976676 0.82891303808093 0.42171633874373 
0.78508954602249 0.83621391105031 0.43283561790961 
0.78592253227822 0.83222709223681 0.4577982393644 
0.78675551853394 0.83222709223681 0.4577982393644 
0.78758850478967 0.85818583705923 0.46307809959927 
0.7884214910454 0.83450264840539 0.45369740278799 
0.78925447730112 0.83450264840539 0.45369740278799 
0.79008746355685 0.84627744460408 0.47211273216449 
0.79092044981258 0.90634859503018 0.49093726966403 
0.7917534360683 0.90634859503018 0.49093726966403 
0.79258642232403 0.79624318882547 0.40253946863478 
0.79341940857976 0.8986540068534 0.41215202124828 
0.79425239483549 0.76619488735777 0.31395960937279 
0.79508538109121 0.76619488735777 0.31395960937279 
0.79591836734694 0.88059204560662 0.3528281935116 
0.79675135360267 0.86486186311259 0.43126475079828 
0.79758433985839 0.86486186311259 0.43126475079828 
0.79841732611412 0.86486186311259 0.43126475079828 
0.79925031236985 1.2961266139109 0 
0.80008329862557 1.2961266139109 0 
0.8009162848813 1.2961266139109 0 
0.80174927113703 -nan -nan 
0.80258225739275 -nan -nan 
0.80341524364848 -nan -nan 
0.80424822990421 -nan -nan 
0.80508121615993 -nan -nan 
0.80591420241566 -nan -nan 
0.80674718867139 -nan -nan 
0.80758017492711 -nan -nan 
0.80841316118284 -nan -nan 
0.80924614743857 -nan -nan 
0.81007913369429 -nan -nan 
0.81091211995002 -nan -nan 
0.81174510620575 -nan -nan 
0.81257809246147 -nan -nan 
0.8134110787172 -nan -nan 
0.81424406497293 -nan -nan 
0.81507705122865 -nan -nan 
0.81591003748438 -nan -nan 
0.81674302374011 -nan -nan 
0.81757600999584 -nan -nan 
0.81840899625156 -nan -nan 
0.81924198250729 -nan -nan 
0.82007496876302 -nan -nan 
0.82090795501874 -nan -nan 
0.82174094127447 -nan -nan 
0.8225739275302 -nan -nan 
0.82340691378592 -nan -nan 
0.82423990004165 -nan -nan 
0.82507288629738 -nan -nan 
0.8259058725531 -nan -nan 
0.82673885880883 -nan -nan 
0.82757184506456 -nan -nan 
0.82840483132028 -nan -nan 
0.82923781757601 -nan -nan 
0.83007080383174 -nan -nan 
0.83090379008746 -nan -nan 
0.83173677634319 -nan -nan 
0.83256976259892 -nan -nan 
0.83340274885464 -nan -nan 
0.83423573511037 -nan -nan 
0.8350687213661 -nan -nan 
0.83590170762182 -nan -nan 
0.83673469387755 -nan -nan 
0.83756768013328 -nan -nan 
0.838400666389 -nan -nan 
0.83923365264473 -nan -nan 
0.84006663890046 -nan -nan 
0.84089962515618 -nan -nan 
0.84173261141191 -nan -nan 
0.84256559766764 -nan -nan 
0.84339858392337 -nan -nan 
0.84423157017909 -nan -nan 
0.84506455643482 -nan -nan 
0.84589754269055 -nan -nan 
0.84673052894627 -nan -nan 
0.847563515202 -nan -nan 
0.84839650145773 -nan -nan 
0.84922948771345 -nan -nan 
0.85006247396918 -nan -nan 
0.85089546022491 -nan -nan 
0.85172844648063 -nan -nan 
0.85256143273636 -nan -nan 
0.85339441899209 -nan -nan 
0.85422740524781 -nan -nan 
0.85506039150354 -nan -nan 
0.85589337775927 -nan -nan 
0.85672636401499 -nan -nan 
0.85755935027072 -nan -nan 
0.85839233652645 -nan -nan 
0.85922532278217 -nan -nan 
0.8600583090379 -nan -nan 
0.86089129529363 -nan -nan 
0.86172428154935 -nan -nan 
0.86255726780508 -nan -nan 
0.86339025406081 -nan -nan 
0.86422324031653 -nan -nan 
0.86505622657226 -nan -nan 
0.86588921282799 -nan -nan 
0.86672219908372 -nan -nan 
0.86755518533944 -nan -nan 
0.86838817159517 -nan -nan 
0.8692211578509 -nan -nan 
0.87005414410662 -nan -nan 
0.87088713036235 -nan -nan 
0.87172011661808 -nan -nan 
0.8725531028738 -nan -nan 
0.87338608912953 -nan -nan 
0.87421907538526 -nan -nan 
0.87505206164098 -nan -nan 
0.87588504789671 -nan -nan 
0.87671803415244 -nan -nan 
0.87755102040816 -nan -nan 
0.87838400666389 -nan -nan 
0.87921699291962 -nan -nan 
0.88004997917534 -nan -nan 
0.88088296543107 -nan -nan 
0.8817159516868 -nan -nan 
0.88254893794252 -nan -nan 
0.88338192419825 -nan -nan 
0.88421491045398 -nan -nan 
0.8850478967097 -nan -nan 
0.88588088296543 -nan -nan 
0.88671386922116 -nan -nan 
0.88754685547688 -nan -nan 
0.88837984173261 -nan -nan 
0.88921282798834 -nan -nan 
0.89004581424406 -nan -nan 
0.89087880049979 -nan -nan 
0.89171178675552 -nan -nan 
0.89254477301125 -nan -nan 
0.89337775926697 -nan -nan 
0.8942107455227 -nan -nan 
0.89504373177843 -nan -nan 
0.89587671803415 -nan -nan 
0.89670970428988 -nan -nan 
0.89754269054561 -nan -nan 
0.89837567680133 -nan -nan 
0.89920866305706 -nan -nan 
0.90004164931279 -nan -nan 
0.90087463556851 -nan -nan 
0.90170762182424 -nan -nan 
0.90254060807997 -nan -nan 
0.90337359433569 -nan -nan 
0.90420658059142 -nan -nan 
0.90503956684715 -nan -nan 
0.90587255310287 -nan -nan 
0.9067055393586 -nan -nan 
0.90753852561433 -nan -nan 
0.90837151187005 -nan -nan 
0.90920449812578 -nan -nan 
0.91003748438151 -nan -nan 
0.91087047063723 -nan -nan 
0.91170345689296 -nan -nan 
0.91253644314869 -nan -nan 
0.91336942940441 -nan -nan 
0.91420241566014 -nan -nan 
0.91503540191587 -nan -nan 
0.9158683881716 -nan -nan 
0.91670137442732 -nan -nan 
0.91753436068305 -nan -nan 
0.91836734693878 -nan -nan 
0.9192003331945 -nan -nan 
0.92003331945023 -nan -nan 
0.92086630570596 -nan -nan 
0.92169929196168 -nan -nan 
0.92253227821741 -nan -nan 
0.92336526447314 -nan -nan 
0.92419825072886 -nan -nan 
0.92503123698459 -nan -nan 
0.92586422324032 -nan -nan 
0.92669720949604 -nan -nan 
0.92753019575177 -nan -nan 
0.9283631820075 -nan -nan 
0.92919616826322 -nan -nan 
0.93002915451895 -nan -nan 
0.93086214077468 -nan -nan 
0.9316951270304 -nan -nan 
0.93252811328613 -nan -nan 
0.93336109954186 -nan -nan 
0.93419408579758 -nan -nan 
0.93502707205331 -nan -nan 
0.93586005830904 -nan -nan 
0.93669304456476 -nan -nan 
0.93752603082049 -nan -nan 
0.93835901707622 -nan -nan 
0.93919200333194 -nan -nan 
0.94002498958767 -nan -nan 
0.9408579758434 -nan -nan 
0.94169096209913 -nan -nan 
0.94252394835485 -nan -nan 
0.94335693461058 -nan -nan 
0.94418992086631 -nan -nan 
0.94502290712203 -nan -nan 
0.94585589337776 -nan -nan 
0.94668887963349 -nan -nan 
0.94752186588921 -nan -nan 
0.94835485214494 -nan -nan 
0.94918783840067 -nan -nan 
0.95002082465639 -nan -nan 
0.95085381091212 -nan -nan 
0.95168679716785 -nan -nan 
0.95251978342357 -nan -nan 
0.9533527696793 -nan -nan 
0.95418575593503 -nan -nan 
0.95501874219075 -nan -nan 
0.95585172844648 -nan -nan 
0.95668471470221 -nan -nan 
0.95751770095793 -nan -nan 
0.95835068721366 -nan -nan 
0.95918367346939 -nan -nan 
0.96001665972511 -nan -nan 
0.96084964598084 -nan -nan 
0.96168263223657 -nan -nan 
0.96251561849229 -nan -nan 
0.96334860474802 -nan -nan 
0.96418159100375 -nan -nan 
0.96501457725948 -nan -nan 
0.9658475635152 -nan -nan 
0.96668054977093 -nan -nan 
0.96751353602666 -nan -nan 
0.96834652228238 -nan -nan 
0.96917950853811 -nan -nan 
0.97001249479384 -nan -nan 
0.97084548104956 -nan -nan 
0.97167846730529 -nan -nan 
0.97251145356102 -nan -nan 
0.97334443981674 -nan -nan 
0.97417742607247 -nan -nan 
0.9750104123282 -nan -nan 
0.97584339858392 -nan -nan 
0.97667638483965 -nan -nan 
0.97750937109538 -nan -nan 
0.9783423573511 -nan -nan 
0.97917534360683 -nan -nan 
0.98000832986256 -nan -nan 
0.98084131611828 -nan -nan 
0.98167430237401 -nan -nan 
0.98250728862974 -nan -nan 
0.98334027488546 -nan -nan 
0.98417326114119 -nan -nan 
0.98500624739692 -nan -nan 
0.98583923365264 -nan -nan 
0.98667221990837 -nan -nan 
0.9875052061641 -nan -nan 
0.98833819241983 -nan -nan 
0.98917117867555 -nan -nan 
0.99000416493128 -nan -nan 
0.99083715118701 -nan -nan 
0.99167013744273 -nan -nan 
0.99250312369846 -nan -nan 
0.99333610995419 -nan -nan 
0.99416909620991 -nan -nan 
0.99500208246564 -nan -nan 
0.99583506872137 -nan -nan 
0.99666805497709 -nan -nan 
0.99750104123282 -nan -nan 
0.99833402748855 -nan -nan 
0.99916701374427 -nan -nan 
1 -nan -nan 
