0 1.0011278719721 0.0019561905817857 
0.000488281 1.001184728251 0.0020017520128957 
0.000976562 1.0012088653433 0.0019988476845069 
0.00146484 1.001244954174 0.0020096014642434 
0.00195312 1.0012868740614 0.0020290775453506 
0.00244141 1.001284987226 0.0020159257679909 
0.00292969 1.0013240451394 0.0020320727790718 
0.00341797 1.0013921949112 0.0021069675928239 
0.00390625 1.0014166137966 0.002104976794952 
0.00439453 1.0013879013352 0.0021076472513374 
0.00488281 1.0013960531633 0.002096040716051 
0.00537109 1.0014540617187 0.0021485771334581 
0.00585938 1.0014975345228 0.0021721618676807 
0.00634766 1.0015850588172 0.0023035320912279 
0.00683594 1.0015683597014 0.0022952695999951 
0.00732422 1.0015738552497 0.0022826092712414 
0.0078125 1.001641647741 0.0023560419299499 
0.00830078 1.001686011444 0.0023794452489251 
0.00878906 1.0017259183061 0.0023959526042492 
0.00927734 1.0017061065024 0.0023901529591948 
0.00976562 1.0017243122838 0.0023834632724511 
0.0102539 1.0017701948014 0.0024111182372098 
0.0107422 1.0018216249076 0.0024490070834431 
0.0112305 1.0019114812866 0.0025871750152873 
0.0117188 1.0019343519178 0.0025833006240987 
0.012207 1.0019606769723 0.0025828613121312 
0.0126953 1.0019672936916 0.0025704758553427 
0.0131836 1.0020207097957 0.0026115563768784 
0.0136719 1.0020889356838 0.0026856743756065 
0.0141602 1.0021047555291 0.0026770243326016 
0.0146484 1.0021359331534 0.0026822334616676 
0.0151367 1.0021150465517 0.0026775036026716 
0.015625 1.002150417656 0.0026886720609045 
0.0161133 1.002171321081 0.0026843161825636 
0.0166016 1.0021835747036 0.0026745732990579 
0.0170898 1.0022109920353 0.0026769702900673 
0.0175781 1.0022305570962 0.002672222896895 
0.0180664 1.0022598461167 0.0026772954557633 
0.0185547 1.0023026621616 0.0027023264835992 
0.019043 1.0022651531687 0.0027187389023392 
0.0195312 1.0022907638962 0.0027199910393369 
0.0200195 1.0023145217854 0.002719576455384 
0.0205078 1.002357225317 0.0027454114286904 
0.0209961 1.0023611645925 0.0027337723667724 
0.0214844 1.0023627987975 0.0027220197746039 
0.0219727 1.0023917383017 0.0027282252342266 
0.0224609 1.0024206877061 0.0027346277278992 
0.0229492 1.0024558344413 0.0027497475268037 
0.0234375 1.0024963752754 0.0027737494024916 
0.0239258 1.0025239647407 0.0027787484591864 
0.0244141 1.0025245593707 0.0027673444431122 
0.0249023 1.0025939226693 0.0028605782832606 
0.0253906 1.0026221335765 0.0028661484819041 
0.0258789 1.0026107492764 0.0028574742950892 
0.0263672 1.0026408777157 0.0028659765965953 
0.0268555 1.0026528209916 0.0028578171671963 
0.0273438 1.0026907769772 0.0028785893704059 
0.027832 1.0027363932208 0.0029134841333878 
0.0283203 1.002749324288 0.0029059705609921 
0.0288086 1.0027556827461 0.0028957654789141 
0.0292969 1.002781277681 0.0028996119920523 
0.0297852 1.0027921038486 0.0028913672753825 
0.0302734 1.0028056740554 0.002884806517677 
0.0307617 1.0028287923725 0.002886534354077 
0.03125 1.0028541515792 0.0028909569944095 
0.0317383 1.0028602992648 0.0028812788336548 
0.0322266 1.0028746288779 0.0028757157822401 
0.0327148 1.0028711700114 0.0028656408910948 
0.0332031 1.0028985634248 0.002873594748611 
0.0336914 1.0029291393204 0.0028861508228586 
0.0341797 1.0029220055879 0.0028772175881875 
0.034668 1.002952065979 0.0028894299304284 
0.0351562 1.0030242325217 0.0028976342280049 
0.0356445 1.003061860127 0.0029036910292882 
0.0361328 1.003088093706 0.0028906895088931 
0.0366211 1.0031207680302 0.0028857774252087 
0.0371094 1.0031447255968 0.0028589125941809 
0.0375977 1.0031985048308 0.002845304323018 
0.0380859 1.0032407829368 0.0028445216180663 
0.0385742 1.0032961111058 0.002842590968062 
0.0390625 1.0033619575753 0.002863723717904 
0.0395508 1.0034389849903 0.0028744476932866 
0.0400391 1.0034678726213 0.0028848420443993 
0.0405273 1.0034801420817 0.0028859736530883 
0.0410156 1.0035328175133 0.0028405558728709 
0.0415039 1.0035812423537 0.0028595079561665 
0.0419922 1.0035938254363 0.0028604529882619 
0.0424805 1.0035996838846 0.0028617251179934 
0.0429688 1.0036381588841 0.0028358814464676 
0.043457 1.0036719306845 0.0028413364432678 
0.0439453 1.0037487759789 0.0028753416523616 
0.0444336 1.0037804796545 0.0028798319786006 
0.0449219 1.0038445024325 0.002893950300415 
0.0454102 1.0038814169484 0.0029110198689973 
0.0458984 1.0038949873735 0.0029004726107584 
0.0463867 1.003898859368 0.0028990942926321 
0.046875 1.0039135257377 0.0028961392401871 
0.0473633 1.0039732195781 0.002897316768551 
0.0478516 1.0040155726191 0.00289607196278 
0.0483398 1.0040526184696 0.0029037519120127 
0.0488281 1.0040992533753 0.0028761559029561 
0.0493164 1.0041733035413 0.0028488619863862 
0.0498047 1.0042301782318 0.0028087183873832 
0.050293 1.0042928129789 0.0028016165032858 
0.0507812 1.0043441885848 0.0028067860186688 
0.0512695 1.0043858355228 0.0028022601173092 
0.0517578 1.0044131218178 0.0028036977106856 
0.0522461 1.0044686300648 0.0028243051197489 
0.0527344 1.0045356082009 0.0028207372528673 
0.0532227 1.0045630396447 0.0027944983265424 
0.0537109 1.0045785716394 0.0027891964263636 
0.0541992 1.0046492035547 0.0027581397942683 
0.0546875 1.0046962690267 0.0027449388274361 
0.0551758 1.0047584922788 0.0027756996860227 
0.0556641 1.0048239752445 0.0028180760565668 
0.0561523 1.0048663241682 0.0028239984440798 
0.0566406 1.0049121680958 0.0028148769394329 
0.0571289 1.0049366069559 0.0028321158950792 
0.0576172 1.004997197366 0.002836507413101 
0.0581055 1.0050392514024 0.0028513934645581 
0.0585938 1.0050887279621 0.0028536436929361 
0.059082 1.0051316204615 0.0028681188312598 
0.0595703 1.0051725403078 0.0028706098438974 
0.0600586 1.0052279799239 0.0028307564910237 
0.0605469 1.0052628884398 0.0028216809068956 
0.0610352 1.0053181365406 0.0027826679409528 
0.0615234 1.0053619232866 0.0027580805678864 
0.0620117 1.0054037748262 0.0027452692427256 
0.0625 1.0054549702413 0.0027455959804246 
0.0629883 1.0054903652014 0.0027391018618958 
0.0634766 1.005548762522 0.0027542686732673 
0.0639648 1.0055977439304 0.0026966486806135 
0.0644531 1.0056714712293 0.0026765270977371 
0.0649414 1.0057295513304 0.0026489325444049 
0.0654297 1.0057695343247 0.0026303778785211 
0.065918 1.0057885624983 0.002634082650495 
0.0664062 1.0058726590903 0.0026794656723005 
0.0668945 1.0059107302334 0.0026858759115144 
0.0673828 1.0059490756509 0.0027026645101207 
0.0678711 1.006009399284 0.0026960493204583 
0.0683594 1.0060490619631 0.0027335810542661 
0.0688477 1.0060559953234 0.0027382751311945 
0.0693359 1.0060899922317 0.0026935181490786 
0.0698242 1.0061560065064 0.0027200230697596 
0.0703125 1.0061817871809 0.0027290388861504 
0.0708008 1.0062282298923 0.0027305108571215 
0.0712891 1.0062744889224 0.0027469234267039 
0.0717773 1.006280103565 0.0027439683269478 
0.0722656 1.0063297934118 0.0027146468525758 
0.0727539 1.0063526981281 0.0027115058450757 
0.0732422 1.0063576898987 0.0027128118651128 
0.0737305 1.0063917236262 0.0027053295462258 
0.0742188 1.0064434928152 0.0026350445769629 
0.074707 1.0064906821765 0.0026164131536995 
0.0751953 1.0065209401378 0.0026379320536756 
0.0756836 1.0065697625028 0.002675626437887 
0.0761719 1.0065600047179 0.0026695125667029 
0.0766602 1.0066145647407 0.0026171408354305 
0.0771484 1.0066862414237 0.0026313696812829 
0.0776367 1.006701672346 0.0026427740247775 
0.078125 1.0067332156256 0.0026562023643813 
0.0786133 1.0067784134305 0.0026858733894627 
0.0791016 1.0068708847761 0.0026758737432886 
0.0795898 1.0069229743947 0.0026799297348605 
0.0800781 1.0069160683646 0.0026835914323011 
0.0805664 1.0069090151543 0.0026857253236311 
0.0810547 1.0068900214254 0.0026708296911313 
0.081543 1.0069249611421 0.0026668728697345 
0.0820312 1.0069584755358 0.0026661494571028 
0.0825195 1.0070091778771 0.0026518579794713 
0.0830078 1.0070271803601 0.0026621870379464 
0.0834961 1.0070308817846 0.0026650759373606 
0.0839844 1.007069516106 0.0026563477164397 
0.0844727 1.0071201139288 0.0026905621967144 
0.0849609 1.007195464541 0.0026400817655695 
0.0854492 1.0072247336253 0.0026475687015275 
0.0859375 1.0072733834449 0.002658107647944 
0.0864258 1.0072896531238 0.0026418499265559 
0.0869141 1.0073120601648 0.0026369130759683 
0.0874023 1.0073672648559 0.0026563425931504 
0.0878906 1.0074029446132 0.0026642430224411 
0.0883789 1.0074065698691 0.0026640036082188 
0.0888672 1.0074815365292 0.0025505807777765 
0.0893555 1.0074967806871 0.0025430050861234 
0.0898438 1.0075299046211 0.0025407953124349 
0.090332 1.0075623178703 0.0025656036714734 
0.0908203 1.0076037530303 0.0025362003161997 
0.0913086 1.0076425199826 0.0025007878954464 
0.0917969 1.0076720729985 0.0025032029900444 
0.0922852 1.0077019517873 0.0025062697833418 
0.0927734 1.0077207351641 0.0025080290159829 
0.0932617 1.007717988325 0.0025086806149756 
0.09375 1.0077467223708 0.0025104762734263 
0.0942383 1.0078253341043 0.0025239431592078 
0.0947266 1.0078176278321 0.0025157355609955 
0.0952148 1.0078351245001 0.0025123720882159 
0.0957031 1.0079109525613 0.0024742886331232 
0.0961914 1.0079184101001 0.0024713496271621 
0.0966797 1.0079155183348 0.0024759860181379 
0.097168 1.007929288992 0.0024791729571464 
0.0976562 1.0079274673219 0.0024787933030735 
0.0981445 1.0079611203073 0.0024635316574592 
0.0986328 1.0079854047769 0.0024372228346996 
0.0991211 1.007980713218 0.0024414238894496 
0.0996094 1.008021559634 0.0024270020417899 
0.100098 1.0080570926014 0.0024139630532454 
0.100586 1.0080681370833 0.0024077955739186 
0.101074 1.0080848335309 0.0024035963320549 
0.101562 1.0081178564587 0.0023753503764757 
0.102051 1.0081154330549 0.0023788697383087 
0.102539 1.0081651407271 0.0023326098703097 
0.103027 1.0081929917341 0.0023387928292857 
0.103516 1.00818633514 0.0023429327433162 
0.104004 1.0082339150983 0.0022834470706491 
0.104492 1.0082410307053 0.0022818633035188 
0.10498 1.0082526631382 0.0022872701367257 
0.105469 1.0082825537714 0.0022881834619631 
0.105957 1.0083401199653 0.0022709978468319 
0.106445 1.0083655535797 0.0022538215757413 
0.106934 1.0084262154492 0.0021873361856784 
0.107422 1.0084539700712 0.0021852986503154 
0.10791 1.0084596170026 0.0021804787809557 
0.108398 1.0084622166036 0.0021791074700802 
0.108887 1.0084864622898 0.0022035814261957 
0.109375 1.0084753209613 0.0022034303621528 
0.109863 1.0084933071657 0.0021981733423599 
0.110352 1.0085063690507 0.0021805824001479 
0.11084 1.0085237420594 0.002160823000316 
0.111328 1.0084924547987 0.002198293662045 
0.111816 1.0085357935758 0.0021841842230553 
0.112305 1.0085798726508 0.002168603879529 
0.112793 1.0086044913784 0.0021414654376352 
0.113281 1.0086121863521 0.0021359608940901 
0.11377 1.0085748414871 0.0021497986396699 
0.114258 1.0085786721081 0.0021464749459903 
0.114746 1.0085416566591 0.0021837454895593 
0.115234 1.0085559913406 0.0021858488857566 
0.115723 1.0085867647155 0.0021320980220224 
0.116211 1.0086141747548 0.0020866288453792 
0.116699 1.0086617225236 0.0020667719540916 
0.117188 1.0086520016556 0.002071860798185 
0.117676 1.0086805193694 0.0020761268807285 
0.118164 1.0087054640782 0.0020806229296225 
0.118652 1.0087059667601 0.0020799053552914 
0.119141 1.0087101488472 0.0020798384853767 
0.119629 1.0087030227096 0.0020899027039346 
0.120117 1.0086945161606 0.0020935025330167 
0.120605 1.0086992099471 0.0020933069334712 
0.121094 1.0086966858167 0.0020955249686299 
0.121582 1.0086748867986 0.0021341405340695 
0.12207 1.0086755442027 0.0021343950232093 
0.122559 1.0086325717372 0.0021858375884525 
0.123047 1.0086521974303 0.0021549664070427 
0.123535 1.0086652540609 0.0021367318375231 
0.124023 1.0086307476527 0.0021794348694663 
0.124512 1.0086439883639 0.0021768544158561 
0.125 1.0086200489796 0.0021746840456971 
0.125488 1.0085696780477 0.0021957330081138 
0.125977 1.0085312761334 0.002248077318873 
0.126465 1.00852910688 0.0022491184240691 
0.126953 1.0085255174362 0.0022493107609144 
0.127441 1.0084901330274 0.0022733029631798 
0.12793 1.0084508703367 0.0023117688449776 
0.128418 1.0084457612429 0.0023119507630262 
0.128906 1.008442550698 0.00231129972596 
0.129395 1.0084469175581 0.0023115264739664 
0.129883 1.0084515917768 0.0023095032531087 
0.130371 1.0084607929393 0.0023063470004775 
0.130859 1.008436228853 0.002337479834535 
0.131348 1.0084353625817 0.002338066268904 
0.131836 1.0084293042685 0.0023415166919238 
0.132324 1.0083957598236 0.0023657963993469 
0.132812 1.0083832378403 0.0023752232027193 
0.133301 1.0083443817614 0.0023871953170647 
0.133789 1.0083454525639 0.0023861189481622 
0.134277 1.0082976323551 0.0024173350153785 
0.134766 1.0082665754598 0.0024418081800583 
0.135254 1.008261823665 0.0024441823211278 
0.135742 1.0082874776271 0.0024568669431087 
0.13623 1.0082321252578 0.0024328737853762 
0.136719 1.008212191823 0.0024376370271136 
0.137207 1.0081800677823 0.0024460799884369 
0.137695 1.0081268816183 0.0024883305654743 
0.138184 1.0080620652588 0.0025218314893553 
0.138672 1.0080409083939 0.0025315750023327 
0.13916 1.0080596095456 0.0025183556171177 
0.139648 1.0080265837233 0.0024982719873364 
0.140137 1.0080124601317 0.0024986357080503 
0.140625 1.0079735730828 0.0025166438631746 
0.141113 1.0079366367842 0.0025176047366431 
0.141602 1.0079007026085 0.002591513953533 
0.14209 1.0079020081694 0.002591735219748 
0.142578 1.0078461162945 0.0026821029328356 
0.143066 1.0078097180073 0.0027226271845636 
0.143555 1.0077676279482 0.0027623094513941 
0.144043 1.007764353288 0.0027640944793357 
0.144531 1.0077271340358 0.0027855888553388 
0.14502 1.0076459819669 0.0028702804912705 
0.145508 1.0075879207331 0.0028638194252503 
0.145996 1.0075440463388 0.0029118480385821 
0.146484 1.0074802218813 0.0030008924020072 
0.146973 1.007393106389 0.0030403798186544 
0.147461 1.0073578251634 0.0030421414902845 
0.147949 1.0073106800638 0.0030514940302832 
0.148438 1.0072452271215 0.0030561433907472 
0.148926 1.0071768484545 0.0030326421750393 
0.149414 1.0071365430993 0.0030221067612908 
0.149902 1.0071358460364 0.0030226100561829 
0.150391 1.0070977708379 0.0030755959726602 
0.150879 1.007070621877 0.0030877840110289 
0.151367 1.007033218376 0.0030953193818944 
0.151855 1.0069765373964 0.0031276925558851 
0.152344 1.0069327741534 0.0031308277150758 
0.152832 1.0068863254341 0.0031367681712235 
0.15332 1.0068354992538 0.0031549021114075 
0.153809 1.0067823730124 0.003178323036859 
0.154297 1.0067125864817 0.0031610807258698 
0.154785 1.0066473843189 0.0031730665549927 
0.155273 1.0066155274047 0.0031623067910799 
0.155762 1.0065332695073 0.0031921741322803 
0.15625 1.0064972360701 0.0032291526734977 
0.156738 1.0064390113781 0.0032705345617445 
0.157227 1.0063514002268 0.003282329854614 
0.157715 1.0062797336098 0.0033022359721101 
0.158203 1.0062350438788 0.0033287181651076 
0.158691 1.0061881820984 0.0033385980175056 
0.15918 1.0061381854429 0.0033747100685601 
0.159668 1.0060958277483 0.0033675915528444 
0.160156 1.006020296901 0.0033595232150546 
0.160645 1.0059589476684 0.0033893506899142 
0.161133 1.0059048247216 0.0034165045152855 
0.161621 1.0058390636296 0.0034280158702075 
0.162109 1.0057569924423 0.0034657712846162 
0.162598 1.0057029453747 0.0034705268818867 
0.163086 1.0056798488771 0.0034732866957075 
0.163574 1.0055933040599 0.0035198406427397 
0.164062 1.0054695660022 0.0035387982570139 
0.164551 1.0054021728552 0.0035445112730956 
0.165039 1.0053429224854 0.0035614352008981 
0.165527 1.0052484322859 0.003561679755626 
0.166016 1.0051995241081 0.0035787698574353 
0.166504 1.0051779621688 0.0035967170112554 
0.166992 1.0050899242287 0.0036440932609362 
0.16748 1.0050329815453 0.0036568542723861 
0.167969 1.0049850472776 0.0036464382665329 
0.168457 1.0049322117008 0.0036707204678334 
0.168945 1.0048923514078 0.0036956006399937 
0.169434 1.0048245490626 0.0036890656576686 
0.169922 1.0047390187832 0.0037169092417554 
0.17041 1.0046866264411 0.0037303163686351 
0.170898 1.0046264517917 0.0037350525615792 
0.171387 1.0045318712964 0.003808350814755 
0.171875 1.0045126035991 0.0038154709244083 
0.172363 1.0044458970173 0.0038110403394638 
0.172852 1.0043283719952 0.0038752965139619 
0.17334 1.0042858381552 0.0038872459552766 
0.173828 1.0041953004307 0.0039334124463999 
0.174316 1.0041195489789 0.0039590481937864 
0.174805 1.0040429279942 0.0039477915702225 
0.175293 1.0039478846228 0.0039553995667588 
0.175781 1.0038412004233 0.003949344736231 
0.17627 1.0037504981259 0.0039867774470627 
0.176758 1.0036882211301 0.0039534076444049 
0.177246 1.0036027433811 0.0039424324954797 
0.177734 1.0035378285342 0.0039623767630003 
0.178223 1.0034821913676 0.0039622523244723 
0.178711 1.003398965311 0.0038981174825394 
0.179199 1.003330183099 0.0039081329409964 
0.179688 1.0032515375643 0.0039038430659319 
0.180176 1.0031842501237 0.0039303605723213 
0.180664 1.0030993994397 0.0039716006080591 
0.181152 1.0030524633009 0.0040042155902296 
0.181641 1.002974034816 0.0039593347507002 
0.182129 1.0028673672314 0.0039487388294999 
0.182617 1.0027933756487 0.0039514352468254 
0.183105 1.0027229276704 0.0039544037369278 
0.183594 1.0026716296108 0.0039704020717964 
0.184082 1.0026049512394 0.0039774326370052 
0.18457 1.0025721010518 0.0039873624835358 
0.185059 1.0024665031779 0.0039919999150604 
0.185547 1.0023850700504 0.0040173690011878 
0.186035 1.0023189977841 0.0040176162439293 
0.186523 1.0022197942034 0.0039727247320132 
0.187012 1.0021373048966 0.0039975224147532 
0.1875 1.002040392909 0.0039488006109835 
0.187988 1.0019631121238 0.0038832063878915 
0.188477 1.0019309758469 0.0038705461859597 
0.188965 1.0018458603215 0.0038485006928731 
0.189453 1.0017679939933 0.0038911932075063 
0.189941 1.001709755686 0.0038716505520344 
0.19043 1.0016319821592 0.0038370743236239 
0.190918 1.0015620002902 0.0038356816386607 
0.191406 1.001518423993 0.0038501399584945 
0.191895 1.0014484257799 0.0037940969008714 
0.192383 1.0013936739269 0.0038277184176225 
0.192871 1.001330853479 0.0038149341702881 
0.193359 1.0012552948079 0.0038169159303405 
0.193848 1.0012048985631 0.0038343488076908 
0.194336 1.0011024517292 0.0038161113899532 
0.194824 1.0010115804152 0.0038264963099604 
0.195312 1.0009629580186 0.0038313672939664 
0.195801 1.0009300633583 0.0038358492859598 
0.196289 1.0008480306829 0.0038242509021826 
0.196777 1.0007510002431 0.0038137588976366 
0.197266 1.0007113422872 0.0038046194024629 
0.197754 1.0006859094521 0.0037985974800843 
0.198242 1.0006376003294 0.0037488660055825 
0.19873 1.0005560709191 0.0036994520342737 
0.199219 1.0004808723736 0.0036383359969422 
0.199707 1.0004075250776 0.0035958571047256 
0.200195 1.0003438571311 0.0035352445091502 
0.200684 1.0002727671445 0.00356810840707 
0.201172 1.000195123396 0.0035461542537398 
0.20166 1.000148628945 0.0035043406623 
0.202148 1.0000888485804 0.0035057481510407 
0.202637 1.0000336702708 0.0034788391284906 
0.203125 1.0000024238822 0.0034554096692515 
0.203613 0.99996196189685 0.0034183582026125 
0.204102 0.9999412275268 0.0034068110612773 
0.20459 0.9998895707705 0.0033986414056502 
0.205078 0.99980189597959 0.0033834032462087 
0.205566 0.99971601426595 0.0032428806765275 
0.206055 0.99967059163688 0.0032087930444375 
0.206543 0.99959043984691 0.0031873991511603 
0.207031 0.99953920759362 0.0031546087302117 
0.20752 0.99951524294312 0.0031458600619544 
0.208008 0.9995005655452 0.0031383488113222 
0.208496 0.99944476698279 0.0031041524935636 
0.208984 0.99935849090583 0.003047146941713 
0.209473 0.99927555133316 0.0029933254825791 
0.209961 0.9992258703902 0.0029237640651193 
0.210449 0.99916831628178 0.0029091781378331 
0.210938 0.99910104885408 0.0028788597721581 
0.211426 0.99907421132583 0.0028873430461624 
0.211914 0.99898333537867 0.002794333774946 
0.212402 0.9989615895973 0.0028014293944323 
0.212891 0.9989268887501 0.002791609296408 
0.213379 0.99889051402904 0.0027826804469071 
0.213867 0.99884871486857 0.002719361236522 
0.214355 0.9988018863162 0.0026967335719286 
0.214844 0.99879661319887 0.0026972094123308 
0.215332 0.99874418057546 0.0026724995247088 
0.21582 0.9987217833754 0.0026646662779957 
0.216309 0.99870910022831 0.0026684626452938 
0.216797 0.9986977253167 0.0026670896800174 
0.217285 0.99867425779906 0.0026286510348149 
0.217773 0.99864960471099 0.0026009855191604 
0.218262 0.99862835889579 0.0025827626853415 
0.21875 0.99858312801127 0.0025558537043332 
0.219238 0.99851507187309 0.0025115048645673 
0.219727 0.99846133868291 0.0024558168763314 
0.220215 0.99844332052008 0.0024528022313807 
0.220703 0.99840686919249 0.0024119172712222 
0.221191 0.99834699335254 0.0023845366062939 
0.22168 0.99832017473312 0.0023741223565885 
0.222168 0.99826720742708 0.0023399525133043 
0.222656 0.99824445925614 0.0023075953918589 
0.223145 0.99823016848903 0.002289906523597 
0.223633 0.99820528468259 0.0022722618533475 
0.224121 0.99818299649607 0.0022450943950403 
0.224609 0.99818312162149 0.0022452761730001 
0.225098 0.99812355956988 0.0021639122833892 
0.225586 0.99811988302554 0.0021619494799415 
0.226074 0.99809420303687 0.0021536088724916 
0.226562 0.99807949422428 0.0021477492520836 
0.227051 0.99806002644254 0.0021456798966024 
0.227539 0.99805917818092 0.0021448271143298 
0.228027 0.99804067711484 0.0021298986115034 
0.228516 0.99802477050648 0.0021074644792044 
0.229004 0.99799784506654 0.0021045562552931 
0.229492 0.99796003467045 0.0020504553363236 
0.22998 0.99794685018513 0.0020367730456588 
0.230469 0.9979316747164 0.0020297705653021 
0.230957 0.99794609049029 0.0020541035490369 
0.231445 0.99792454759425 0.0020425837161416 
0.231934 0.99793594585492 0.0020494303589772 
0.232422 0.99788956244445 0.002041919100919 
0.23291 0.99787094612375 0.0020012734894911 
0.233398 0.99788603906507 0.0020070602389603 
0.233887 0.99789237381806 0.0020029756193203 
0.234375 0.99787943008403 0.0019932219860731 
0.234863 0.99785166108258 0.0019894531452748 
0.235352 0.99786334254214 0.0019982888184612 
0.23584 0.99784203274136 0.0019864899360034 
0.236328 0.99782598444718 0.0019728764346748 
0.236816 0.99784638462188 0.0019781779666106 
0.237305 0.99782138103615 0.0019712096766026 
0.237793 0.99782238078449 0.0019735538707165 
0.238281 0.99783668729893 0.0019929790863748 
0.23877 0.99785937388034 0.0020328469737364 
0.239258 0.9978594511899 0.0020329425253341 
0.239746 0.9978601163705 0.0020328275672813 
0.240234 0.99784622343173 0.0020248335791466 
0.240723 0.99782744992208 0.0020166476217264 
0.241211 0.99787221637096 0.0020220705216571 
0.241699 0.99785712029019 0.0020011184587001 
0.242188 0.99785300443221 0.0019973846859509 
0.242676 0.99790334452277 0.0019873793824057 
0.243164 0.99789016861051 0.0019784975033318 
0.243652 0.99792385610546 0.0019831714986044 
0.244141 0.99795088745665 0.0020021777301439 
0.244629 0.99797391637752 0.0020348958062102 
0.245117 0.99797958278012 0.002032978774599 
0.245605 0.99798218680351 0.0020313081155295 
0.246094 0.99804277199052 0.0020898876724874 
0.246582 0.99803481477085 0.0020792525374371 
0.24707 0.99804168010939 0.0020808808625686 
0.247559 0.99806306014483 0.0020930805073622 
0.248047 0.99806451573778 0.0020941797658267 
0.248535 0.9980532875542 0.0020852775141994 
0.249023 0.9980689149936 0.0020922696104458 
0.249512 0.99806166621943 0.002094703128513 
0.25 0.99807099584117 0.0020923139196514 
0.250488 0.99811074516332 0.0020905256375007 
0.250977 0.99812223502008 0.002088622632201 
0.251465 0.99810771915569 0.0020849266421691 
0.251953 0.99813628011741 0.0020795340688041 
0.252441 0.99816198975807 0.0020929066940961 
0.25293 0.99820916069708 0.0021538142458179 
0.253418 0.99822647836682 0.0021603501199573 
0.253906 0.99823079350593 0.0021594144702016 
0.254395 0.9982508857973 0.0021800805548879 
0.254883 0.99830046973576 0.002181522446529 
0.255371 0.99832076311667 0.002167487315819 
0.255859 0.99831657212537 0.0021694306314178 
0.256348 0.99834081839042 0.002173775475268 
0.256836 0.99836039655705 0.0021568838521195 
0.257324 0.99836344216547 0.0021554896629724 
0.257812 0.99837835152537 0.0021726796480557 
0.258301 0.99835679645542 0.0021600647549995 
0.258789 0.99837263391208 0.0021569094502404 
0.259277 0.99842770483313 0.0021480860245585 
0.259766 0.99841405572088 0.0021513843869569 
0.260254 0.99846357168706 0.0022176885681236 
0.260742 0.9985207834529 0.0022754486009012 
0.26123 0.99854887003281 0.0022831233079342 
0.261719 0.99855736191103 0.0022890396622309 
0.262207 0.9985916227625 0.0022746449603831 
0.262695 0.99859866945448 0.0022732720121179 
0.263184 0.99862085536476 0.002261207312484 
0.263672 0.99863737896237 0.0022528301819614 
0.26416 0.99869049877976 0.0022444159485742 
0.264648 0.99872951644583 0.002212951726495 
0.265137 0.99876123436959 0.0022222434495479 
0.265625 0.99879865017217 0.0022551266882164 
0.266113 0.99883205554187 0.0022423268586213 
0.266602 0.99888129156735 0.0022188963703043 
0.26709 0.99888924443752 0.0022205331806156 
0.267578 0.99890567405245 0.0022357052187359 
0.268066 0.99891099263559 0.0022417975343184 
0.268555 0.99895302693229 0.0022622933598267 
0.269043 0.99897884928628 0.0022737238335515 
0.269531 0.99902109108531 0.0022980246892072 
0.27002 0.99904198217715 0.0023132474526751 
0.270508 0.99912671892686 0.0023335913686598 
0.270996 0.99917475765 0.0023330199232683 
0.271484 0.99919338905444 0.0023502533511119 
0.271973 0.99924897280823 0.0023624012018915 
0.272461 0.9992784941308 0.00237071103466 
0.272949 0.99928072117035 0.0023718974854287 
0.273438 0.99926929987098 0.0023712005267453 
0.273926 0.99929098463339 0.0023952209148949 
0.274414 0.99932373500708 0.0023924078217756 
0.274902 0.99939733249594 0.0023945001114683 
0.275391 0.99943070336391 0.002422370926995 
0.275879 0.9994485468052 0.0024275409160187 
0.276367 0.99950459065933 0.0024109508536173 
0.276855 0.99952771304942 0.0024116064646478 
0.277344 0.99955875978284 0.0024326331110429 
0.277832 0.99959827902026 0.0024858807728682 
0.27832 0.99961498846293 0.0024790422701552 
0.278809 0.9996630344742 0.0024607832585787 
0.279297 0.99971840569252 0.0024521064001604 
0.279785 0.99974394121868 0.0024721808509455 
0.280273 0.99978615794124 0.0024563262207191 
0.280762 0.99982630310086 0.0024348811027164 
0.28125 0.99986643716698 0.0024229945957454 
0.281738 0.999915635571 0.0024039411995053 
0.282227 0.99995529913519 0.002394106776728 
0.282715 0.99996967337433 0.002383997472482 
0.283203 1.0000005853237 0.0023738248682741 
0.283691 1.0000315282919 0.0024029066423052 
0.28418 1.0000788007395 0.0024050777473293 
0.284668 1.0001199384103 0.0024224755133416 
0.285156 1.000180850634 0.0024348048145319 
0.285645 1.0002017736336 0.0024293813938703 
0.286133 1.0002517278121 0.0024366784272914 
0.286621 1.0002716383254 0.0024315581316583 
0.287109 1.0002952675501 0.0024581479973497 
0.287598 1.0003273918793 0.0024818073928578 
0.288086 1.0003467203103 0.0024848266914964 
0.288574 1.000388801168 0.0024770463898505 
0.289062 1.0004581080316 0.0024732983802962 
0.289551 1.0005003031676 0.0024691671049409 
0.290039 1.0005504503891 0.0024820263032054 
0.290527 1.0005966772297 0.002505728302645 
0.291016 1.0006595763265 0.0024820620712975 
0.291504 1.000700046357 0.0024747759813772 
0.291992 1.0007400870632 0.0024449869551211 
0.29248 1.0007706940251 0.002462048575398 
0.292969 1.0007982277439 0.0024759334580877 
0.293457 1.0008601502002 0.0025169665041374 
0.293945 1.0009090054277 0.0025547705481621 
0.294434 1.0009368297465 0.0025820730708966 
0.294922 1.0009870798205 0.0025730494025315 
0.29541 1.0010112336713 0.0025706209012535 
0.295898 1.0010753013625 0.0025832835589391 
0.296387 1.0011061925166 0.0025714167765665 
0.296875 1.0011630781303 0.0025678457083867 
0.297363 1.0011793898347 0.0025688027623092 
0.297852 1.0012319893072 0.002589338457094 
0.29834 1.0012440813202 0.0025870494646814 
0.298828 1.0013044030453 0.0025719044894612 
0.299316 1.0013430110924 0.002567169407482 
0.299805 1.0013976968126 0.0026025257887991 
0.300293 1.0014477309052 0.0026015097568334 
0.300781 1.0014581901996 0.0026083803525139 
0.30127 1.0015134831252 0.0026074885896511 
0.301758 1.0015331054615 0.0026063889683253 
0.302246 1.0016184063882 0.0025883549887864 
0.302734 1.0016606334823 0.0026262966579197 
0.303223 1.0016991458108 0.0026379988423774 
0.303711 1.0017705269812 0.0026492915471401 
0.304199 1.001831537544 0.0026728444880371 
0.304688 1.001916399767 0.0026837444691287 
0.305176 1.0019515089839 0.0026938929264557 
0.305664 1.0019937020971 0.0026699227616832 
0.306152 1.0020420226615 0.0026663540691659 
0.306641 1.002074501248 0.0026672327477088 
0.307129 1.0021445747444 0.0026539896364242 
0.307617 1.0021501355324 0.0026555991720136 
0.308105 1.0021678154521 0.0026599260457465 
0.308594 1.0021801372203 0.0026678564750983 
0.309082 1.0022238601078 0.0026891051694564 
0.30957 1.0022729857426 0.0026674627745747 
0.310059 1.0023210701498 0.0026524264997157 
0.310547 1.0023616054766 0.0026206411196317 
0.311035 1.0023853449503 0.0026262438098931 
0.311523 1.0024196499286 0.0026213739180131 
0.312012 1.0024581768614 0.0026168167105074 
0.3125 1.002496782418 0.0026368674456713 
0.312988 1.0025586554878 0.0026412653329778 
0.313477 1.0026023662175 0.0026599873574754 
0.313965 1.002658076759 0.0027143936690148 
0.314453 1.0026812064403 0.0027268138759203 
0.314941 1.0027277194684 0.0026979187044862 
0.31543 1.0027764018461 0.0026541128764132 
0.315918 1.0027499509217 0.0026572773316578 
0.316406 1.0027591853809 0.00265088110171 
0.316895 1.0028042804239 0.0026417649250136 
0.317383 1.0028504142701 0.0026633853146987 
0.317871 1.0028883787565 0.0026575922099579 
0.318359 1.0029183773098 0.002636677516142 
0.318848 1.0029900895432 0.0026981416880218 
0.319336 1.0030349669927 0.0026484580201888 
0.319824 1.0031007645645 0.0026443291559922 
0.320312 1.0031425800754 0.0026554854961859 
0.320801 1.0031739884742 0.0026278940531899 
0.321289 1.0032293920385 0.0025932603957954 
0.321777 1.0032360002975 0.0025856318599607 
0.322266 1.0032685594105 0.0025874973527255 
0.322754 1.0032742484776 0.0025906513309439 
0.323242 1.0033162073339 0.0025902458934528 
0.32373 1.0033659033725 0.0025570537971401 
0.324219 1.0033898642102 0.0025593435325519 
0.324707 1.0034099558666 0.0025587232044152 
0.325195 1.0034548961256 0.0025240369110504 
0.325684 1.0035039268248 0.0024658632330022 
0.326172 1.003512315654 0.0024574907738113 
0.32666 1.0035524183453 0.0024116523604114 
0.327148 1.0035959452328 0.0023592960519265 
0.327637 1.0036085526405 0.0023551842886146 
0.328125 1.003662905555 0.0023166692676964 
0.328613 1.0037144776725 0.0022957779124866 
0.329102 1.0037366259112 0.0022943391897439 
0.32959 1.0037958382038 0.0022260391660797 
0.330078 1.0037912583734 0.0022244268332288 
0.330566 1.0037889869706 0.0022235092831209 
0.331055 1.0038089401649 0.0022126562109479 
0.331543 1.0038339825695 0.0021981454485897 
0.332031 1.0038685769518 0.0021773936757337 
0.33252 1.0039166771892 0.0021373162009743 
0.333008 1.0039540780594 0.0020967164200284 
0.333496 1.0039914897594 0.0020492237028129 
0.333984 1.0040187291611 0.0020498660227878 
0.334473 1.0040461416944 0.0020179248619235 
0.334961 1.0040482217969 0.0020156190543558 
0.335449 1.0040637307373 0.0020192749943139 
0.335938 1.0041029302014 0.0020009758468391 
0.336426 1.0041170115584 0.0019883562019821 
0.336914 1.0041264751445 0.0019714626852983 
0.337402 1.00413360133 0.0019660666689296 
0.337891 1.0041682717262 0.0019692567430612 
0.338379 1.0041622766993 0.0019739951861828 
0.338867 1.0041861761216 0.0019661191725429 
0.339355 1.0041924827483 0.0019648256479717 
0.339844 1.0041878089628 0.0019703342395178 
0.340332 1.0041740188275 0.0019665937425874 
0.34082 1.0041965753522 0.0019664245039443 
0.341309 1.0041889271544 0.0019744104915521 
0.341797 1.0041884805103 0.0019745259137034 
0.342285 1.0041874789748 0.0019756510969142 
0.342773 1.0042270815956 0.0019621032123781 
0.343262 1.0042730497208 0.0019060056447186 
0.34375 1.004269557777 0.0019079292187192 
0.344238 1.0043017740974 0.0018988094502214 
0.344727 1.0042941663004 0.0018994148749691 
0.345215 1.0042709979125 0.0019251916764792 
0.345703 1.0042805103949 0.0019144019444646 
0.346191 1.004299942502 0.0019130487115475 
0.34668 1.0043055188943 0.0019052609528576 
0.347168 1.0043061141905 0.001904992298375 
0.347656 1.0042831914194 0.0019075886704092 
0.348145 1.0043179239779 0.0018702288178114 
0.348633 1.0043008487937 0.001900968932249 
0.349121 1.004290428114 0.0019106791473808 
0.349609 1.0043152680286 0.001923193520585 
0.350098 1.0043243393032 0.0019146223343126 
0.350586 1.0043302093535 0.0019068271244848 
0.351074 1.0043363153532 0.0019007329082407 
0.351562 1.0043358730441 0.0019011735243781 
0.352051 1.004335711723 0.001901357710281 
0.352539 1.0043637544217 0.0018560609264371 
0.353027 1.0043580227646 0.0018664025789456 
0.353516 1.0043355557139 0.0018841339958558 
0.354004 1.0043342088267 0.0018847669892492 
0.354492 1.004298269012 0.0019378759849301 
0.35498 1.0042947181558 0.0019370570798511 
0.355469 1.0042964005486 0.0019343467753256 
0.355957 1.004284321683 0.0019405819027082 
0.356445 1.004292797502 0.0019290905017138 
0.356934 1.0042682751545 0.0019456687519162 
0.357422 1.0042487162296 0.0019579904902291 
0.35791 1.0042253066506 0.0020029526324698 
0.358398 1.0042264233028 0.0020022678008284 
0.358887 1.0042053761688 0.0020072622570719 
0.359375 1.0042015490167 0.0020095925532208 
0.359863 1.0041706817324 0.002034739364436 
0.360352 1.0041582801967 0.0020340914716977 
0.36084 1.0041429056354 0.0020421088405145 
0.361328 1.0041298289302 0.0020545204780391 
0.361816 1.0041190642985 0.0020709134313312 
0.362305 1.004099320951 0.0020824111067713 
0.362793 1.0040651491606 0.0021234787359036 
0.363281 1.0040295300881 0.0021181577690915 
0.36377 1.0039710446786 0.0021684222012376 
0.364258 1.0039215836773 0.0022146921125642 
0.364746 1.0039118442745 0.0022169825888657 
0.365234 1.0039082970462 0.0022196947655274 
0.365723 1.003854866864 0.002257132208972 
0.366211 1.0038482617708 0.0022630194541292 
0.366699 1.0038158475842 0.0022788491146136 
0.367188 1.0038193277225 0.0022771983637172 
0.367676 1.0037945543998 0.002272894649546 
0.368164 1.0037784831394 0.0022962703960982 
0.368652 1.0037561356309 0.0023004080614251 
0.369141 1.00373797446 0.0023104640366315 
0.369629 1.0036867337788 0.0023198588723226 
0.370117 1.0036388856402 0.0023635172022857 
0.370605 1.0035982204197 0.0024080747613538 
0.371094 1.0035554700161 0.0024299232298047 
0.371582 1.0035373718613 0.0024452198136235 
0.37207 1.0034719372386 0.0024733590795637 
0.372559 1.0034237253894 0.0024712822711615 
0.373047 1.0033835024515 0.0024882527542537 
0.373535 1.0033530287789 0.002467225315682 
0.374023 1.0033011156739 0.002464030779468 
0.374512 1.0032515304801 0.0024343923262608 
0.375 1.003236267799 0.0024288292417849 
0.375488 1.0032137902394 0.0024414415400493 
0.375977 1.0031715915165 0.0024575350323318 
0.376465 1.0031456082183 0.0024634885860303 
0.376953 1.0031009058579 0.0024580843945139 
0.377441 1.0030810325043 0.0024677555093706 
0.37793 1.0030702330556 0.0024667674198799 
0.378418 1.0030389866406 0.0024733358002947 
0.378906 1.0029935618506 0.0024666095183056 
0.379395 1.0029671075912 0.0024697267036795 
0.379883 1.0029410905207 0.0024687893522054 
0.380371 1.0029205299351 0.0024790010211619 
0.380859 1.002864545756 0.0025283160215682 
0.381348 1.0028076591317 0.0025822062004638 
0.381836 1.0027618997091 0.0026029063446433 
0.382324 1.002704543807 0.0026080152346632 
0.382812 1.0026373612924 0.0026166377020056 
0.383301 1.0025666788883 0.0026385525455321 
0.383789 1.0025049672132 0.0025844476418386 
0.384277 1.0024526519831 0.0025932385340407 
0.384766 1.0024251045558 0.0025939116270001 
0.385254 1.0023888118853 0.0026103275289901 
0.385742 1.0023795629141 0.0026191397695478 
0.38623 1.002381875658 0.0026185755770015 
0.386719 1.0023524906925 0.0026072975317421 
0.387207 1.002301221044 0.002580090232632 
0.387695 1.0022469096175 0.0026006260513404 
0.388184 1.002219236001 0.0026113410750903 
0.388672 1.0021514289086 0.002523275305222 
0.38916 1.0021173347184 0.0025409202717747 
0.389648 1.0020674241227 0.0025024167408096 
0.390137 1.0020246024613 0.002472969565942 
0.390625 1.001992913913 0.0024881862188974 
0.391113 1.0019264096092 0.0025196226038217 
0.391602 1.0019112641516 0.0025333252451172 
0.39209 1.001869675868 0.0025190944948612 
0.392578 1.001824339233 0.0025186452510895 
0.393066 1.0017553114627 0.002531086101154 
0.393555 1.0016955190228 0.0025505054773733 
0.394043 1.0016516112227 0.0025414932289103 
0.394531 1.0016059151908 0.0025439836037788 
0.39502 1.0015770667972 0.0025322767690218 
0.395508 1.0015301037312 0.0025486651874715 
0.395996 1.0015190049477 0.0025515684442455 
0.396484 1.001489991733 0.0025511364565269 
0.396973 1.0014413439158 0.0025725375355993 
0.397461 1.001414313085 0.0025686009672867 
0.397949 1.001383075009 0.002541280959341 
0.398438 1.0013117327096 0.0025414636722643 
0.398926 1.0012774863298 0.0025222993973035 
0.399414 1.001223273317 0.0025165708035128 
0.399902 1.0011831982159 0.0025136887325535 
0.400391 1.0011534186339 0.002499091673573 
0.400879 1.0011062273993 0.0025082306225356 
0.401367 1.0010637653844 0.002504621312075 
0.401855 1.0009996491425 0.0025200254781832 
0.402344 1.0009431100895 0.00250832383179 
0.402832 1.000898119593 0.0025052005997069 
0.40332 1.00086517859 0.0024949333786818 
0.403809 1.0008009606197 0.0024800527983242 
0.404297 1.0007602423102 0.0024811924563003 
0.404785 1.0007207957596 0.0025065106699873 
0.405273 1.0006595583547 0.0024925019522315 
0.405762 1.0006050482941 0.0024612965897462 
0.40625 1.0005742730536 0.0024545467633077 
0.406738 1.000541698925 0.0024759917717735 
0.407227 1.0005248945338 0.0024663764990944 
0.407715 1.0004806435181 0.0024093038185987 
0.408203 1.0004460402511 0.0024201832980945 
0.408691 1.0004005404611 0.0023907269391789 
0.40918 1.0003492642919 0.0023865199697963 
0.409668 1.0003045508376 0.0024234615612171 
0.410156 1.0002501107738 0.0024333466025632 
0.410645 1.0001906961949 0.0024010290512088 
0.411133 1.0001675201409 0.0024034191238927 
0.411621 1.0001173859902 0.0024050981324945 
0.412109 1.0000823231562 0.0024154181117358 
0.412598 1.0000082066766 0.0023838915257726 
0.413086 0.99997663909573 0.0023448111811051 
0.413574 0.99993917611456 0.0023394584418688 
0.414062 0.99987545879509 0.002295821993366 
0.414551 0.99984189189564 0.0022760841683578 
0.415039 0.99982398568442 0.0022809156669113 
0.415527 0.99979252937694 0.0022709513076292 
0.416016 0.99972974909489 0.0022348244382752 
0.416504 0.99967554176918 0.0022719493142161 
0.416992 0.99963977395392 0.0022518102939346 
0.41748 0.99958345876711 0.0022815839544074 
0.417969 0.99951937712834 0.0022641348514933 
0.418457 0.99950241091668 0.0022718405574908 
0.418945 0.99946731432624 0.0022752304804871 
0.419434 0.9994071446483 0.0021860733472354 
0.419922 0.99934404084867 0.0022071090517981 
0.42041 0.99931047487529 0.0021997606334172 
0.420898 0.99927558872737 0.0021825281734098 
0.421387 0.99922921275158 0.0021858720944033 
0.421875 0.99918771413582 0.0021862916138951 
0.422363 0.99913073455923 0.0021840261000125 
0.422852 0.9991088276157 0.002184961553376 
0.42334 0.99908930014295 0.0021781127762029 
0.423828 0.9990295441558 0.0021775372901894 
0.424316 0.99901760151089 0.0021827704749231 
0.424805 0.99895226035784 0.0021577024972618 
0.425293 0.99892197588601 0.0021549636705948 
0.425781 0.99888489229716 0.0021399106652067 
0.42627 0.99882324841688 0.0021682489717062 
0.426758 0.99879237081227 0.002165372255499 
0.427246 0.99876783309294 0.0021529181902668 
0.427734 0.99875838203909 0.0021558989157379 
0.428223 0.99870998365651 0.0021359874510655 
0.428711 0.99866799245911 0.0021252672206021 
0.429199 0.99861446885353 0.0021192458826906 
0.429688 0.99856595357309 0.0021584275751605 
0.430176 0.99851852288612 0.0021263139520753 
0.430664 0.99847896577222 0.0021139732257666 
0.431152 0.9984326327798 0.0021251515072657 
0.431641 0.99840905259812 0.0021239668734607 
0.432129 0.99837218391745 0.0021159415762689 
0.432617 0.99836275338902 0.0021156300915585 
0.433105 0.99832864935477 0.0020989078920009 
0.433594 0.99832797332565 0.0020990367501566 
0.434082 0.99832161691485 0.0021003069890567 
0.43457 0.99829302819698 0.0020681023209051 
0.435059 0.99825217946361 0.0020528960979176 
0.435547 0.99824694673215 0.0020532294491415 
0.436035 0.99820620109115 0.0020487602438683 
0.436523 0.99818778266953 0.0020407298279572 
0.437012 0.99813223927747 0.0020173382678228 
0.4375 0.99806926495887 0.0020227171304981 
0.437988 0.9980531864506 0.0020218930894823 
0.438477 0.99801553190621 0.0020028585777081 
0.438965 0.99797439236438 0.0019980143249173 
0.439453 0.99795676312059 0.0019944986579034 
0.439941 0.99793974572727 0.002003522077836 
0.44043 0.99790770047541 0.0020371186588528 
0.440918 0.9978735790716 0.0020545710573116 
0.441406 0.99783764266785 0.0020586406604454 
0.441895 0.99781890762935 0.00207133642065 
0.442383 0.99779099979418 0.0020671983996412 
0.442871 0.99779009513197 0.002066486606481 
0.443359 0.99773845756656 0.0020301155877199 
0.443848 0.99770941228287 0.002030597140656 
0.444336 0.9976930666749 0.0020117946935096 
0.444824 0.99765793414153 0.0019613672455256 
0.445312 0.99763020095787 0.0019525166858876 
0.445801 0.99761660514363 0.0019480145922323 
0.446289 0.99759384252624 0.0019303571669438 
0.446777 0.99756575365977 0.0019210748417042 
0.447266 0.99752878011175 0.0019156667196298 
0.447754 0.99749198580481 0.0018692369162337 
0.448242 0.99746440922816 0.0018566348420921 
0.44873 0.997441803597 0.0018436254924112 
0.449219 0.99740773229457 0.0018262241403846 
0.449707 0.99736366682181 0.0018105583118648 
0.450195 0.9973445889863 0.0017945360527495 
0.450684 0.99734361703098 0.0017949310317829 
0.451172 0.99733957118445 0.0017978202536717 
0.45166 0.99732970332686 0.0017961728644005 
0.452148 0.99731125424872 0.001798630042645 
0.452637 0.99731082612878 0.0017985847038373 
0.453125 0.99730542840017 0.0018014649932299 
0.453613 0.99728364468445 0.0017824895240392 
0.454102 0.99726826513427 0.0017831136032815 
0.45459 0.99724805848834 0.0017637100557411 
0.455078 0.99724654477487 0.001762611568027 
0.455566 0.99723442733737 0.0017548623059224 
0.456055 0.99718096208907 0.001727943928572 
0.456543 0.99714471320084 0.0016958776918397 
0.457031 0.9971238585579 0.0016784231523357 
0.45752 0.99710160218611 0.001695478191544 
0.458008 0.99707834564631 0.0016887081242888 
0.458496 0.99705429913364 0.0016616378722239 
0.458984 0.99704932302159 0.0016587046889555 
0.459473 0.99702154158325 0.0016342841406019 
0.459961 0.9969816016167 0.0016136819509939 
0.460449 0.99698843545307 0.0016223633735516 
0.460938 0.99698699385728 0.0016233136714237 
0.461426 0.99696414976662 0.0016241406372 
0.461914 0.99694210748173 0.0016070566437892 
0.462402 0.99692130337771 0.001604320244609 
0.462891 0.99692272397082 0.0016039472752101 
0.463379 0.99692109989889 0.0016043653786452 
0.463867 0.99690872812514 0.0015946409442243 
0.464355 0.99690244063245 0.0015912157017905 
0.464844 0.99688359451361 0.0015635169936555 
0.465332 0.99689087326533 0.0015678980309311 
0.46582 0.99688625645764 0.0015594974287121 
0.466309 0.9968683865157 0.0015443785416775 
0.466797 0.99686490208077 0.0015449547416148 
0.467285 0.99681791714402 0.0015549990578114 
0.467773 0.99679372845907 0.001509785648778 
0.468262 0.99680714757577 0.0015133273963958 
0.46875 0.99680340813732 0.0015054237927224 
0.469238 0.99680415551194 0.0015058655870213 
0.469727 0.99678573210544 0.0015008837002565 
0.470215 0.99677309178883 0.0014789576822573 
0.470703 0.99676817647258 0.0014784633384534 
0.471191 0.99673579970206 0.00149598630511 
0.47168 0.99674841483498 0.0014960173000728 
0.472168 0.99674025256105 0.001495355618789 
0.472656 0.99672625168244 0.0014940114524285 
0.473145 0.996710723584 0.0014785820026923 
0.473633 0.99669943000674 0.0014838785701511 
0.474121 0.99670130475817 0.0014854361598989 
0.474609 0.99669475154963 0.0014891687262637 
0.475098 0.99670064076638 0.0014915668023571 
0.475586 0.99667839891962 0.0014934598075693 
0.476074 0.99667576935649 0.0014898226270132 
0.476562 0.99668074159317 0.0014907674920324 
0.477051 0.99665685252902 0.0014523106136564 
0.477539 0.99661877826191 0.0014225678157242 
0.478027 0.9966187401855 0.0014225515282455 
0.478516 0.9966060526186 0.0014117383977493 
0.479004 0.99658819611654 0.0014239450523736 
0.479492 0.99659101731874 0.0014214763199803 
0.47998 0.99659010839158 0.0014219312786251 
0.480469 0.99656737437043 0.0014365203413084 
0.480957 0.99655743670942 0.0014295764302344 
0.481445 0.99655352081587 0.0014305570645677 
0.481934 0.9965602077269 0.0014343135976493 
0.482422 0.99655993703977 0.0014344669756814 
0.48291 0.99653102280586 0.0013925422676459 
0.483398 0.9965229086192 0.0013895859443478 
0.483887 0.99653506490878 0.0014007296044709 
0.484375 0.99653026044544 0.0013941056419615 
0.484863 0.99651306337614 0.0013918019015096 
0.485352 0.99651495737005 0.0013943870824608 
0.48584 0.99649906526782 0.0014065803396519 
0.486328 0.99650706189048 0.0013971811900248 
0.486816 0.99648865632524 0.0013897851882699 
0.487305 0.99650175002615 0.0013786960834136 
0.487793 0.99651608790542 0.0013797845762773 
0.488281 0.99651097390759 0.001378343695495 
0.48877 0.99649544103512 0.0013879784414681 
0.489258 0.99647782270113 0.0013791403684414 
0.489746 0.99649934258322 0.0013663093216107 
0.490234 0.99649400310864 0.001364231712936 
0.490723 0.9964584948613 0.0013934367677978 
0.491211 0.99646075489475 0.0013925947324511 
0.491699 0.9964723575356 0.0013974373895063 
0.492188 0.99649726684329 0.0014057595188293 
0.492676 0.99650199792741 0.0014101238364226 
0.493164 0.99647792967486 0.0014057283148919 
0.493652 0.99649476560771 0.0014000310215758 
0.494141 0.99648821350811 0.001398840022334 
0.494629 0.99647513963507 0.0014199049526094 
0.495117 0.99649140722016 0.0014386466125849 
0.495605 0.99648022730644 0.0014399013665815 
0.496094 0.99650126434254 0.0014173670259131 
0.496582 0.9965015261016 0.0014174259842744 
0.49707 0.99648277757422 0.0014136001164538 
0.497559 0.99647683746628 0.0014114833446137 
0.498047 0.99647873982439 0.0014112336958737 
0.498535 0.99648639466868 0.0014128346393074 
0.499023 0.99649396619535 0.0014080259199069 
0.499512 0.9965219325505 0.0013857159557163 
0.5 0.99652512663956 0.0013864218339508 
0.500488 0.99652277364917 0.0013870332770314 
0.500977 0.99652200730609 0.0013881077920301 
0.501465 0.99649900494852 0.0014097071071016 
0.501953 0.99649784910972 0.0014100064311156 
0.502441 0.9964880425148 0.0014060438038562 
0.50293 0.99647566418479 0.001409792561405 
0.503418 0.99645293608622 0.0014131655171007 
0.503906 0.99642563164078 0.0014312282993055 
0.504395 0.99641541548773 0.0014207680544903 
0.504883 0.99643665523805 0.0014387662702771 
0.505371 0.99643348409835 0.0014363776640057 
0.505859 0.99643326199265 0.0014365185285354 
0.506348 0.99641853772867 0.0014335132001405 
0.506836 0.9964168013341 0.0014353273527189 
0.507324 0.9964341885841 0.0014138862383086 
0.507812 0.99641852497542 0.0014197572058261 
0.508301 0.99641975950851 0.0014197819435766 
0.508789 0.996434643545 0.0014190064568994 
0.509277 0.99642292365934 0.0014203567770185 
0.509766 0.99643175781924 0.0014195843533998 
0.510254 0.9964415977129 0.001404120704279 
0.510742 0.99645380850463 0.0013939080855166 
0.51123 0.99645695084445 0.0013912511971553 
0.511719 0.99647283825452 0.0013885128433703 
0.512207 0.99646258525486 0.0013964975482936 
0.512695 0.99643503267496 0.0013779617520185 
0.513184 0.99642710888617 0.0013864616459472 
0.513672 0.99645305256875 0.0014055740098946 
0.51416 0.99644276927907 0.0013932704431779 
0.514648 0.996429099372 0.0013873550776703 
0.515137 0.9964202667205 0.0013922521655265 
0.515625 0.99640094102287 0.0013991102212593 
0.516113 0.99639558155127 0.0013964242909618 
0.516602 0.99638535294294 0.0014031031733222 
0.51709 0.99637681689685 0.0014140546002429 
0.517578 0.99635426614095 0.0014253370569343 
0.518066 0.99634732162582 0.0014277201057118 
0.518555 0.99633833967456 0.0014282453304368 
0.519043 0.99634352460443 0.0014280842007393 
0.519531 0.99634429367041 0.0014273260500664 
0.52002 0.99632220519364 0.0014336364156097 
0.520508 0.9963163449777 0.0014344251512065 
0.520996 0.99631754541689 0.0014340387741434 
0.521484 0.99630952938617 0.0014338017379851 
0.521973 0.99630488367314 0.0014366418074977 
0.522461 0.99629029247329 0.0014353203869259 
0.522949 0.99629515484514 0.0014353766609855 
0.523438 0.99628490365324 0.0014334114883768 
0.523926 0.99627741817673 0.0014371269200488 
0.524414 0.99625997502025 0.0014371216620872 
0.524902 0.99623525974067 0.0014301599893266 
0.525391 0.99623151789585 0.0014275467294616 
0.525879 0.99623851843784 0.0014203059150277 
0.526367 0.9962219975191 0.0014356479760892 
0.526855 0.99622154063406 0.0014353930969687 
0.527344 0.99622290232116 0.0014335931648306 
0.527832 0.99621095060213 0.0014431633949979 
0.52832 0.99620760758567 0.0014413449700014 
0.528809 0.99619868734438 0.0014361762775823 
0.529297 0.9961797604479 0.001449897331933 
0.529785 0.99616739812038 0.0014674737940753 
0.530273 0.99614333385783 0.0014401096682173 
0.530762 0.99613778111585 0.0014428935892402 
0.53125 0.99614179860733 0.0014413081575777 
0.531738 0.99612483298894 0.0014497242506158 
0.532227 0.99611865033475 0.001453593110788 
0.532715 0.99609458504813 0.0014737319932179 
0.533203 0.99608500536803 0.0014762125468761 
0.533691 0.9960580261453 0.0014891855824618 
0.53418 0.99604537790448 0.0014860587838942 
0.534668 0.99601924931895 0.0014867036498573 
0.535156 0.99599063425895 0.0014809348894766 
0.535645 0.99594507462048 0.0014754378736328 
0.536133 0.99592641210536 0.0014799525756292 
0.536621 0.99590125571355 0.0015027322013457 
0.537109 0.99589778553195 0.0015096371587651 
0.537598 0.99587868527213 0.0015009228361432 
0.538086 0.99586774340367 0.0014899233583853 
0.538574 0.99582061043574 0.0014735763841863 
0.539062 0.99580857860574 0.0014647941913259 
0.539551 0.99579327294343 0.001475321176843 
0.540039 0.99576479726654 0.0014628185567291 
0.540527 0.99575538385949 0.0014619511229489 
0.541016 0.9957514140675 0.0014684674428099 
0.541504 0.99574093402762 0.0014602208740487 
0.541992 0.99572670581446 0.0014647851489852 
0.54248 0.99571250271162 0.0014730950133047 
0.542969 0.99568104512437 0.0014913661927208 
0.543457 0.99567223466788 0.0014978721635761 
0.543945 0.99564058587247 0.0014947290094204 
0.544434 0.99563243962035 0.0014992817058203 
0.544922 0.99559398258902 0.0015155389430123 
0.54541 0.99557982335118 0.0015306648738524 
0.545898 0.99555275206998 0.0015119732984955 
0.546387 0.995541838107 0.0015048150526282 
0.546875 0.99552020433005 0.0015011908268078 
0.547363 0.99550758592673 0.0015127269670182 
0.547852 0.99547001472601 0.0015361550517001 
0.54834 0.99544941134852 0.0015364211344316 
0.548828 0.99546245698577 0.0015349598367407 
0.549316 0.99544295695689 0.0015513945801431 
0.549805 0.99543810164934 0.001551312379346 
0.550293 0.99542446072924 0.001572018548909 
0.550781 0.99540192249436 0.0015744750797817 
0.55127 0.99539048324698 0.0015766295504867 
0.551758 0.9953614800641 0.0015694393126363 
0.552246 0.9953446425172 0.0015783079496163 
0.552734 0.99530622222458 0.0016154757822569 
0.553223 0.99528934831454 0.0016160047230787 
0.553711 0.99526165419834 0.0015914579817224 
0.554199 0.9952211704287 0.0015919723705852 
0.554688 0.99520387788279 0.0016024770931755 
0.555176 0.99516871469106 0.0015837056689911 
0.555664 0.99516511149674 0.0015862707537195 
0.556152 0.99515687159644 0.0015879481035509 
0.556641 0.99513960743285 0.0015948998305828 
0.557129 0.99511340367275 0.0016070279804784 
0.557617 0.99508275749203 0.0016003490448727 
0.558105 0.99505104200371 0.0016160887221783 
0.558594 0.99503698889806 0.0016292022248783 
0.559082 0.99501406014181 0.001639638997397 
0.55957 0.99499422638076 0.0016300971385919 
0.560059 0.99497348549753 0.0016278141408669 
0.560547 0.99497709648727 0.0016235632666443 
0.561035 0.99496133366582 0.0016235054441566 
0.561523 0.99492848106299 0.0016116338886847 
0.562012 0.99489262116993 0.0015833597537794 
0.5625 0.99486744577347 0.0015600275311054 
0.562988 0.99485335966641 0.0015676060043044 
0.563477 0.99482154682038 0.0015655080474713 
0.563965 0.99478988859953 0.0015814407406673 
0.564453 0.99480642795157 0.0015778859707323 
0.564941 0.99474472568977 0.0015737446182583 
0.56543 0.99473662892447 0.0015726878936453 
0.565918 0.99471634176142 0.0015689740829226 
0.566406 0.99468457913067 0.0015716465707677 
0.566895 0.99466816961605 0.0015759129083413 
0.567383 0.99464620635534 0.0015712945579146 
0.567871 0.99462781009535 0.0015657088060361 
0.568359 0.99460136178819 0.001551802804828 
0.568848 0.99459845920951 0.0015493162348159 
0.569336 0.99456177781829 0.0015448026819036 
0.569824 0.99454279984079 0.0015306219835112 
0.570312 0.99451049283466 0.0015482762736771 
0.570801 0.99450495010964 0.0015496431615188 
0.571289 0.994496721173 0.001557783300686 
0.571777 0.99447315580452 0.0015595852148067 
0.572266 0.99445680536175 0.0015519480266466 
0.572754 0.9944434071393 0.0015539984487783 
0.573242 0.99443664754094 0.0015552748878096 
0.57373 0.99443534229215 0.0015560997543787 
0.574219 0.99442015468728 0.0015400448557978 
0.574707 0.99438683727747 0.0014878767160158 
0.575195 0.99435634388326 0.0014726473183557 
0.575684 0.99435742016761 0.0014735434597837 
0.576172 0.99432361504363 0.0014983763796717 
0.57666 0.99431171696687 0.0015013394123842 
0.577148 0.99428866301598 0.0015019016318507 
0.577637 0.99427381868403 0.0015074977194434 
0.578125 0.9942524181091 0.0014969185611954 
0.578613 0.99421969774428 0.0014784015313115 
0.579102 0.99420756506702 0.0014755582923557 
0.57959 0.99418801237637 0.0014577068861809 
0.580078 0.99417009755432 0.0014643099203864 
0.580566 0.99413589447436 0.001474732951886 
0.581055 0.99411627026427 0.0014750868780159 
0.581543 0.99409221424412 0.00144980389367 
0.582031 0.99407180335611 0.0014622967631043 
0.58252 0.9940523603746 0.0014628312649915 
0.583008 0.99404371952194 0.0014645081544347 
0.583496 0.99399486491869 0.0014027916534814 
0.583984 0.99396662511902 0.0013745837191781 
0.584473 0.9939352710738 0.0013776049319114 
0.584961 0.99392821244178 0.001374598230234 
0.585449 0.99392251819054 0.0013737652110701 
0.585938 0.99390433684967 0.0013537385693924 
0.586426 0.99390165063656 0.001352448020094 
0.586914 0.99389736664904 0.0013532150219329 
0.587402 0.99389207257395 0.0013541160079696 
0.587891 0.99388147094942 0.0013484675906081 
0.588379 0.99386480423479 0.0013416237968995 
0.588867 0.99384771718783 0.00132122743996 
0.589355 0.99383762272385 0.0013179607888247 
0.589844 0.99382911929457 0.0013185807481861 
0.590332 0.99381751327773 0.001309269660273 
0.59082 0.99380313345066 0.001297102408248 
0.591309 0.99377831235292 0.0012929363364224 
0.591797 0.99376442027214 0.0012893535067016 
0.592285 0.99375091774907 0.0012824098369306 
0.592773 0.99373173863414 0.0012591012933308 
0.593262 0.99372040567529 0.0012473847044772 
0.59375 0.99369806498467 0.0012522653844055 
0.594238 0.99368916725908 0.0012473378204407 
0.594727 0.9936825234239 0.001243478639125 
0.595215 0.99365210000964 0.0012157386175914 
0.595703 0.99363524942768 0.0012099830971095 
0.596191 0.9936280632542 0.0012124899853645 
0.59668 0.99360610613459 0.0011793891285965 
0.597168 0.99360222106941 0.0011776041153325 
0.597656 0.99359245197882 0.0011783108345559 
0.598145 0.9935742798234 0.0011490764327713 
0.598633 0.99353753515431 0.0011421527066612 
0.599121 0.99353747518908 0.0011421396846927 
0.599609 0.99353496699104 0.0011432367637012 
0.600098 0.99351373459818 0.0011236527368144 
0.600586 0.99349710682652 0.001118810483217 
0.601074 0.9934945908024 0.0011138922655682 
0.601562 0.99348739577349 0.0011126141133173 
0.602051 0.99348386170192 0.0011093281478123 
0.602539 0.99348746077484 0.0011091099926386 
0.603027 0.99347919108345 0.0011020165575245 
0.603516 0.99347948324535 0.0011020088939006 
0.604004 0.99346901667298 0.0010896639333088 
0.604492 0.99346821373053 0.001089220681496 
0.60498 0.99346484564934 0.0010875163114982 
0.605469 0.99347459852207 0.0010885587909589 
0.605957 0.99347579107333 0.0010894939440365 
0.606445 0.99349615379612 0.0011031395864078 
0.606934 0.99350348482669 0.0011010026162412 
0.607422 0.99349289530773 0.0010917884546181 
0.60791 0.99347550217863 0.0010616394654711 
0.608398 0.99348087353456 0.0010611027418633 
0.608887 0.99346290484961 0.0010393733215746 
0.609375 0.99345644375305 0.0010407782192137 
0.609863 0.99344597088448 0.0010388845261316 
0.610352 0.99343631599607 0.0010287017084536 
0.61084 0.99344009411687 0.0010283210830967 
0.611328 0.9934159634673 0.0010046830894954 
0.611816 0.99341354521595 0.0010030939816177 
0.612305 0.99340997038075 0.0010024619711771 
0.612793 0.99342336228416 0.0010041638383018 
0.613281 0.99341913319641 0.001003239474298 
0.61377 0.99342318701961 0.001004898087115 
0.614258 0.99342996981101 0.0010134729128426 
0.614746 0.99344414361946 0.0010107093360112 
0.615234 0.99345718995969 0.0010162392117391 
0.615723 0.99345894931994 0.0010185716785825 
0.616211 0.99345086996673 0.0010048062951229 
0.616699 0.99346705818066 0.0010355035619985 
0.617188 0.99346849055483 0.0010353217997312 
0.617676 0.99348805415644 0.0010310120008909 
0.618164 0.99349501070812 0.0010375536234137 
0.618652 0.99348688846909 0.0010206239787782 
0.619141 0.99350530379929 0.0010310083470979 
0.619629 0.99350607787208 0.0010322608792761 
0.620117 0.99352241249297 0.0010281242831308 
0.620605 0.99352521766302 0.0010289615391656 
0.621094 0.99353000935507 0.0010340553664672 
0.621582 0.99353611840648 0.0010375702483187 
0.62207 0.99354530303419 0.0010414241747742 
0.622559 0.99356391974885 0.0010199302215855 
0.623047 0.99357116812665 0.0010269514457425 
0.623535 0.99357413825286 0.00103086737409 
0.624023 0.99359136331451 0.0010304569038401 
0.624512 0.99360206394852 0.0010322644904546 
0.625 0.99361427871957 0.0010415443842677 
0.625488 0.99363035639818 0.001061545914105 
0.625977 0.99363021611475 0.001061465505053 
0.626465 0.99364755577042 0.0010756470174547 
0.626953 0.99366065828352 0.001073142956381 
0.627441 0.99367668133152 0.0010840374180448 
0.62793 0.99370006802679 0.0010837114729406 
0.628418 0.99372153048888 0.0010905980513678 
0.628906 0.99374143847532 0.0010966797296606 
0.629395 0.99374968660222 0.0011057928856388 
0.629883 0.99376800609683 0.001126004980892 
0.630371 0.99378214721284 0.0011329626024012 
0.630859 0.99379904711236 0.0011516903077379 
0.631348 0.99382033790241 0.0011680833777626 
0.631836 0.99383698720032 0.001181798769385 
0.632324 0.99383692895381 0.001181764490411 
0.632812 0.99385590252139 0.0011901172856611 
0.633301 0.99387942510858 0.0011995737105963 
0.633789 0.99391849574719 0.0012203963484952 
0.634277 0.99391880990107 0.001220845467492 
0.634766 0.99395145710534 0.0011902104198493 
0.635254 0.99395586449144 0.0011929052102171 
0.635742 0.99397229682998 0.0012035245811219 
0.63623 0.99400469219119 0.0012202339457077 
0.636719 0.9940227777171 0.0012257543393124 
0.637207 0.99403889437765 0.0012328236996563 
0.637695 0.99405274660472 0.0012411389876915 
0.638184 0.9940781007845 0.0012672272450588 
0.638672 0.99407834247756 0.0012675437654755 
0.63916 0.99410444867951 0.0012659560359513 
0.639648 0.99412086543648 0.0012840531829686 
0.640137 0.99414994977389 0.0012685477686229 
0.640625 0.99417074740403 0.0012857459467827 
0.641113 0.99418583893967 0.0012772228761895 
0.641602 0.99420234310203 0.0012729098476537 
0.64209 0.99422369672511 0.0012951341442074 
0.642578 0.99424349860885 0.0013017940472128 
0.643066 0.99426176322536 0.0013118074013077 
0.643555 0.9942800598273 0.001317330628978 
0.644043 0.99428249511304 0.0013189401096572 
0.644531 0.99429763832427 0.0013324706178528 
0.64502 0.9943186614575 0.0013344509377405 
0.645508 0.99432256335962 0.0013391757474667 
0.645996 0.99436401345754 0.0013221138376228 
0.646484 0.99438506572254 0.0013256779672978 
0.646973 0.99440856136971 0.0013238749267233 
0.647461 0.99444329905302 0.0013423869213665 
0.647949 0.99446438999331 0.0013506842433683 
0.648438 0.99448724594141 0.001348937247732 
0.648926 0.99449620700582 0.0013478823057615 
0.649414 0.9945215279556 0.0013746744703166 
0.649902 0.99455745452535 0.0013848010770985 
0.650391 0.99459245288447 0.0013641013643309 
0.650879 0.99461932058422 0.0013643279486337 
0.651367 0.99464380839737 0.0013828789461003 
0.651855 0.99468924895707 0.0013931552790025 
0.652344 0.99471902140358 0.0013943578446569 
0.652832 0.9947502057159 0.0014086258635688 
0.65332 0.99479065957955 0.0014217549358433 
0.653809 0.99481114374072 0.0014219340971791 
0.654297 0.99484867875156 0.0014068173499295 
0.654785 0.99486567457558 0.0014112951892488 
0.655273 0.99489904673044 0.0014399245714139 
0.655762 0.99491389151362 0.0014427111839311 
0.65625 0.99493769876032 0.0014613601482287 
0.656738 0.99496240270962 0.0014641851653427 
0.657227 0.99499414355205 0.0014766407729337 
0.657715 0.99501613508063 0.001482822739165 
0.658203 0.99504814169301 0.001493364323808 
0.658691 0.99507474860573 0.001512216148313 
0.65918 0.99510099929242 0.0015180548424732 
0.659668 0.99512255865986 0.0015117785225908 
0.660156 0.9951507890061 0.0015290352130914 
0.660645 0.99517924522094 0.0015430118395351 
0.661133 0.99522207735698 0.0015456525507744 
0.661621 0.99525458302872 0.0015497879006399 
0.662109 0.99528636612195 0.0015591017224198 
0.662598 0.99531520078223 0.0015715409356222 
0.663086 0.99534364693893 0.0015880330766305 
0.663574 0.99538131620436 0.0015682141660707 
0.664062 0.9954080387488 0.0015727327229388 
0.664551 0.99543090901147 0.0015749121376961 
0.665039 0.99546665627991 0.0015685515834431 
0.665527 0.99550971922118 0.0015806924494605 
0.666016 0.99555105308957 0.0015838348648762 
0.666504 0.99558183380187 0.0015932216850109 
0.666992 0.99560413735683 0.0015913946940926 
0.66748 0.99563963962008 0.001585363289507 
0.667969 0.99566983283762 0.0015978877791313 
0.668457 0.99571757361377 0.0015635875976793 
0.668945 0.99575176949265 0.0015743018116144 
0.669434 0.99579375427528 0.0015765996893486 
0.669922 0.99583282937562 0.0015773991039833 
0.67041 0.99587181307037 0.0015669368006145 
0.670898 0.99589490776088 0.0015854871308012 
0.671387 0.99593297893074 0.001585065816656 
0.671875 0.99595938891042 0.0015885284921956 
0.672363 0.99599771916188 0.0015990579169839 
0.672852 0.99603520438083 0.0016108313823763 
0.67334 0.99607780781477 0.0016229771069546 
0.673828 0.99611555808166 0.0016373543823124 
0.674316 0.99615042521299 0.0016452701711611 
0.674805 0.99619369692479 0.0016635353805697 
0.675293 0.99622497737368 0.0016693649463107 
0.675781 0.99625963956076 0.0016828169674114 
0.67627 0.99628400726987 0.0016993454078775 
0.676758 0.99632373520411 0.0017049333333361 
0.677246 0.99636055078312 0.0017046138707662 
0.677734 0.99639729370244 0.0017122519309668 
0.678223 0.99644037685123 0.0017227322583443 
0.678711 0.99647822470529 0.0017162168151347 
0.679199 0.99651833936172 0.0016960308793506 
0.679688 0.99656487729126 0.0016871246214255 
0.680176 0.99660206474843 0.0016852847056866 
0.680664 0.99664516026637 0.0016868806622096 
0.681152 0.99669351721583 0.0016720990809378 
0.681641 0.99673349653982 0.0016732117175859 
0.682129 0.99678029535856 0.0016710472195147 
0.682617 0.99681635843639 0.0016771193317905 
0.683105 0.99686645857902 0.0016794776689455 
0.683594 0.99690753502484 0.0016836740462754 
0.684082 0.9969420492055 0.0016985794469631 
0.68457 0.99697995982693 0.0016986409060604 
0.685059 0.99702296842678 0.0017209453563595 
0.685547 0.99706553440749 0.0017438427667284 
0.686035 0.99710493842816 0.0017513527927587 
0.686523 0.99713490319274 0.0017780703320548 
0.687012 0.99718694633161 0.0017780398732058 
0.6875 0.99724063561673 0.001816115475252 
0.687988 0.99728066609769 0.0018284839260284 
0.688477 0.99732015015123 0.001840920719917 
0.688965 0.99736256137864 0.0018656880798786 
0.689453 0.99740337124386 0.0018823531040382 
0.689941 0.99744788176308 0.0018865611898953 
0.69043 0.99749659763597 0.001887653633471 
0.690918 0.99754561758235 0.0019121798333792 
0.691406 0.99759002718976 0.0019162001311123 
0.691895 0.99764295749633 0.0019382163103095 
0.692383 0.9976993266293 0.001939814857323 
0.692871 0.9977460823942 0.0019565546974972 
0.693359 0.99779180536714 0.0019714964058779 
0.693848 0.99784081900364 0.0019833430676393 
0.694336 0.99788613950032 0.0019813532965944 
0.694824 0.99793061704326 0.0019934620007021 
0.695312 0.9979704887971 0.0020129743406166 
0.695801 0.99802069481526 0.0020085508403086 
0.696289 0.99806475675547 0.0020273357709543 
0.696777 0.99811774726005 0.0020295086325284 
0.697266 0.99816310338965 0.0020439882105936 
0.697754 0.99820970491438 0.0020551526851169 
0.698242 0.99826112198023 0.002080888392923 
0.69873 0.99830070896067 0.0020816217220012 
0.699219 0.99834664066817 0.002092899119138 
0.699707 0.99839285042758 0.002119972648602 
0.700195 0.99845106632226 0.0021494896684592 
0.700684 0.99850088490598 0.0021805738840929 
0.701172 0.99854912729746 0.0022058557900371 
0.70166 0.99859619823369 0.0022224356555927 
0.702148 0.99865221913817 0.0022201551221912 
0.702637 0.99870675365461 0.0022432437270572 
0.703125 0.99876060877192 0.0022706096463655 
0.703613 0.99879960080087 0.0022935936897268 
0.704102 0.99885477103312 0.002312843178425 
0.70459 0.99890943339337 0.0023167262895187 
0.705078 0.998967695928 0.0023223664244483 
0.705566 0.99902274733677 0.0023425297626144 
0.706055 0.99907041098907 0.0023686565463639 
0.706543 0.99912262455468 0.0023756320211207 
0.707031 0.99918527016978 0.0024030986127081 
0.70752 0.99923914114107 0.0024124589993459 
0.708008 0.99928651499598 0.002437720450738 
0.708496 0.99933575700737 0.0024370120038473 
0.708984 0.99939849212833 0.0024626044126316 
0.709473 0.99944977927485 0.0024819978504346 
0.709961 0.99950888932386 0.0024886941184584 
0.710449 0.99956752486652 0.0025204801496092 
0.710938 0.9996437185339 0.0025318160674036 
0.711426 0.99970849701492 0.0025317259903322 
0.711914 0.99976337631762 0.0025589810283509 
0.712402 0.9998125742536 0.0025554375600678 
0.712891 0.99987248291993 0.0025721667728662 
0.713379 0.99993308498901 0.0025817197180282 
0.713867 0.99999638181148 0.0025789611640437 
0.714355 1.0000577905221 0.0026007981911581 
0.714844 1.0001210700655 0.0026098328137057 
0.715332 1.0001772030414 0.0026116112792688 
0.71582 1.0002282484565 0.0026156397331777 
0.716309 1.0002958281092 0.0026329914471756 
0.716797 1.0003598193778 0.0026383969039856 
0.717285 1.0004180242834 0.0026689470666639 
0.717773 1.0004790063872 0.0026781458470795 
0.718262 1.0005360578355 0.0026691515276578 
0.71875 1.0006149328895 0.0026702674766457 
0.719238 1.0006631208514 0.0026804639180462 
0.719727 1.0007268506677 0.0027125789332397 
0.720215 1.0007922815267 0.0027169933974292 
0.720703 1.0008508094276 0.0027148735747435 
0.721191 1.0009060208669 0.0027248655679471 
0.72168 1.0009673226846 0.002762309881286 
0.722168 1.0010253429877 0.0027631768103308 
0.722656 1.0010778398287 0.0027690120145792 
0.723145 1.001128212456 0.0027802822608663 
0.723633 1.0011911099792 0.0027715694249092 
0.724121 1.0012527100452 0.0027743803823468 
0.724609 1.0013249755275 0.0027827487089874 
0.725098 1.001377521857 0.0027996408479861 
0.725586 1.0014434648256 0.0027888525337597 
0.726074 1.0015098275766 0.002813343321941 
0.726562 1.0015815838392 0.0028252681121433 
0.727051 1.0016353702235 0.0028264483137996 
0.727539 1.0016959135449 0.0028190851770636 
0.728027 1.0017563244676 0.0028277290559644 
0.728516 1.0018167480268 0.0028397202936613 
0.729004 1.0018773616773 0.002835204738328 
0.729492 1.0019434031096 0.0028123746442461 
0.72998 1.0020037638899 0.0028215189839571 
0.730469 1.0020663438709 0.002830232918907 
0.730957 1.0021271674229 0.0028433226793323 
0.731445 1.0021897487373 0.0028449837572961 
0.731934 1.0022490974282 0.0028454529547632 
0.732422 1.0023077539126 0.0028444891031318 
0.73291 1.0023761731411 0.0028643656677964 
0.733398 1.0024460719589 0.002859778633845 
0.733887 1.0025110353987 0.0028538031398378 
0.734375 1.0025770933042 0.002839502783416 
0.734863 1.0026435478143 0.0028363703389165 
0.735352 1.002710035513 0.0028617653935414 
0.73584 1.0027768606864 0.0028766852058747 
0.736328 1.0028419062511 0.0028787889363594 
0.736816 1.0029134582689 0.0028612261579461 
0.737305 1.0029773096014 0.0028502801700459 
0.737793 1.0030413653514 0.0028512783637633 
0.738281 1.003103903755 0.002837433730618 
0.73877 1.0031725638396 0.0028481144255598 
0.739258 1.0032295175416 0.0028427511669038 
0.739746 1.0032939096812 0.0028423377220566 
0.740234 1.003353342887 0.0028243730334981 
0.740723 1.0034210542045 0.0028304762178092 
0.741211 1.003495199205 0.0028425455966706 
0.741699 1.0035641755993 0.0028290380499263 
0.742188 1.0036200501641 0.0028203326114822 
0.742676 1.0036838891523 0.0028228950853256 
0.743164 1.0037389918763 0.0028188323230432 
0.743652 1.0038020940208 0.0028223657347161 
0.744141 1.0038654924231 0.0028155694265475 
0.744629 1.0039200350827 0.0028150144992703 
0.745117 1.0039958362151 0.0028208866817662 
0.745605 1.0040643846859 0.0028267668914907 
0.746094 1.0041463819664 0.0028532882773816 
0.746582 1.0042101930797 0.0028480959792697 
0.74707 1.0042683217238 0.0028250748312168 
0.747559 1.0043339054135 0.0028192490368988 
0.748047 1.0043849159895 0.002804826222939 
0.748535 1.0044520611808 0.0027868576328657 
0.749023 1.0045219597541 0.0027621351399083 
0.749512 1.0045755044954 0.0027392639033472 
0.75 1.0046473853629 0.0027310376986861 
0.750488 1.0047002635651 0.0027091552536228 
0.750977 1.0047574001963 0.0026873427921955 
0.751465 1.0048282579086 0.0026844956412584 
0.751953 1.004891555557 0.0026772127986513 
0.752441 1.0049510267819 0.002654673297618 
0.75293 1.0050083826733 0.0026465330349291 
0.753418 1.005076096544 0.0026412841300282 
0.753906 1.0051351636416 0.0026242457699975 
0.754395 1.0052005225619 0.0026037350796416 
0.754883 1.0052564913822 0.0025980658728977 
0.755371 1.0053222914501 0.0026090580222673 
0.755859 1.0053884013738 0.002599086268811 
0.756348 1.0054564237944 0.0026063274360898 
0.756836 1.005528236832 0.0026207056270535 
0.757324 1.0055976516595 0.00266606292716 
0.757812 1.0056698041579 0.002671768602301 
0.758301 1.0057170915554 0.0026431021964515 
0.758789 1.0057885708869 0.0026650247238438 
0.759277 1.0058450755129 0.0026499155474154 
0.759766 1.0059088827836 0.0026371597909345 
0.760254 1.0059665950553 0.0026192949328694 
0.760742 1.0060170669649 0.0026114508364133 
0.76123 1.0060812109862 0.0025979940553301 
0.761719 1.0061325851691 0.0025934217312548 
0.762207 1.0062082135455 0.0026222352624036 
0.762695 1.0062597076557 0.0026066974767456 
0.763184 1.0063240816456 0.0026064703066993 
0.763672 1.0063882438056 0.0026072127308835 
0.76416 1.0064570494367 0.002594350391002 
0.764648 1.0065247660823 0.0025938390891435 
0.765137 1.0065972840175 0.0026051574342724 
0.765625 1.0066587707628 0.0025856466442176 
0.766113 1.0067260866513 0.0025901758417686 
0.766602 1.0067783704941 0.0025688797378472 
0.76709 1.0068445443098 0.0025676835476991 
0.767578 1.0069154883034 0.0025732563107417 
0.768066 1.0069725220192 0.0025750452661226 
0.768555 1.0070343130606 0.0025403672993004 
0.769043 1.0070826239032 0.0025119876091356 
0.769531 1.0071482363183 0.0025245907978068 
0.77002 1.0072187340167 0.002566791010456 
0.770508 1.0072619439221 0.0025539318243121 
0.770996 1.0073125938239 0.002543158348382 
0.771484 1.0073617836029 0.0025217535175063 
0.771973 1.0074126291859 0.0024971870861992 
0.772461 1.0074690214639 0.0024997776243367 
0.772949 1.0074975207765 0.0024801550180502 
0.773438 1.0075536193702 0.0024665169572463 
0.773926 1.0076374240966 0.002532633078702 
0.774414 1.0077079677894 0.0025416993651181 
0.774902 1.0077516922227 0.0025196763221657 
0.775391 1.00781206654 0.0025273459432597 
0.775879 1.0078729685427 0.0025335487146661 
0.776367 1.0079167222129 0.0025054197044992 
0.776855 1.0079721548224 0.0025208531911957 
0.777344 1.0080102599084 0.0024937352130734 
0.777832 1.0080742305504 0.0025058869668908 
0.77832 1.0081862878503 0.0026229387623095 
0.778809 1.0082402181894 0.0026330934508239 
0.779297 1.0082906056 0.0026208814349974 
0.779785 1.0083356402071 0.0026018094675933 
0.780273 1.0083505847797 0.0025892216517964 
0.780762 1.0083985068913 0.0025981123735367 
0.78125 1.0084123674552 0.0025814667947277 
0.781738 1.0084699193461 0.0025947586970714 
0.782227 1.0085449687893 0.0025941812192931 
0.782715 1.0086064391472 0.0026098052794993 
0.783203 1.0086960898545 0.0026910131266653 
0.783691 1.0086888208924 0.0027040396916568 
0.78418 1.008734118556 0.0027017954732395 
0.784668 1.0087664828188 0.002684365573232 
0.785156 1.0088173923412 0.0026671173226446 
0.785645 1.0088859483364 0.0026699130093422 
0.786133 1.0089263097994 0.0026660934519842 
0.786621 1.0089985038645 0.0027017426483644 
0.787109 1.0090263243508 0.0026906003345396 
0.787598 1.0090553823464 0.0026716209397318 
0.788086 1.0091367483589 0.0026984940901326 
0.788574 1.0091702586649 0.0026922195656106 
0.789062 1.0091797098216 0.0026786745988079 
0.789551 1.00919287399 0.0026706296647291 
0.790039 1.0092209205236 0.0026539792037804 
0.790527 1.0092489753022 0.0026293286594789 
0.791016 1.0093065056052 0.0026326948066245 
0.791504 1.009355097552 0.0026536361977786 
0.791992 1.0093625506692 0.0026433933578876 
0.79248 1.0094294113948 0.0026559379445401 
0.792969 1.0094447288961 0.00263848417167 
0.793457 1.0094807931203 0.0026163595284678 
0.793945 1.0095430812936 0.0026328421646032 
0.794434 1.0095625912924 0.0026225939397916 
0.794922 1.0095569267378 0.0026311314850058 
0.79541 1.0096608753646 0.0027656405912871 
0.795898 1.0096830802781 0.0027589765278734 
0.796387 1.0097370485411 0.0027841630997269 
0.796875 1.0098156964783 0.0028224075415924 
0.797363 1.0097987574429 0.0028544375852336 
0.797852 1.0097980609544 0.0028552667599098 
0.79834 1.0098044878714 0.0028492447290149 
0.798828 1.0097988062523 0.002857683806736 
0.799316 1.0097540377824 0.0029701638945229 
0.799805 1.0098306851256 0.0030315676618123 
0.800293 1.0099370208477 0.0031895774608401 
0.800781 1.0099207453659 0.0032101081638041 
0.80127 1.0099198112125 0.0032110620942116 
0.801758 1.009999143323 0.0032649168837467 
0.802246 1.0101548255143 0.0036039782277465 
0.802734 1.0101112194493 0.0036662088287104 
0.803223 1.0100536299345 0.0037742446221196 
0.803711 1.0099311024185 0.0041423688219554 
0.804199 1.010034923897 0.0042436686580085 
0.804688 1.0099280224992 0.0044979556283442 
0.805176 1.0099497942763 0.0044986169711086 
0.805664 1.010097589288 0.004776072970063 
0.806152 1.0101796231257 0.0048320823152556 
0.806641 1.0101298250525 0.0048978600900701 
0.807129 1.0102144977969 0.0049477940699321 
0.807617 1.0102457617498 0.0049455124107953 
0.808105 1.010223844733 0.004967124745363 
0.808594 1.0102465651326 0.0049665710250008 
0.809082 1.0103239868387 0.0050016098557387 
0.80957 1.0103433874484 0.0049973449884888 
0.810059 1.0104182569995 0.0050225859408779 
0.810547 1.0104861253212 0.0050614036796788 
0.811035 1.0106197587348 0.0052740460007793 
0.811523 1.0106009355543 0.0052884809027164 
0.812012 1.0104327538125 0.0057572802161654 
0.8125 1.0102531943447 0.0062032107642573 
0.812988 1.0102713335926 0.0061987585588752 
0.813477 1.0103227120384 0.0062137990523158 
0.813965 1.0104443464275 0.0063374163757816 
0.814453 1.0103488937745 0.0064782980408064 
0.814941 1.0105058593265 0.0067253711198902 
0.81543 1.0105681659481 0.0067539510493672 
0.815918 1.0106136024827 0.0067777550579948 
0.816406 1.0104603903613 0.0070651412528764 
0.816895 1.0098161962876 0.010627889752085 
0.817383 1.0094798069539 0.011390553978431 
0.817871 1.0094967492164 0.011388969316295 
0.818359 1.0090866355672 0.012427117808103 
0.818848 1.0094490100958 0.01313991484305 
0.819336 1.0100727893137 0.015003554856947 
0.819824 1.0097068427731 0.01563929402337 
0.820312 1.009507356995 0.015848881746674 
0.820801 1.0096124774678 0.015886909102594 
0.821289 1.0094257032348 0.016040438414503 
0.821777 1.0093983627631 0.016044340565131 
0.822266 1.0100167922095 0.017612541556106 
0.822754 1.0102163985685 0.017757685228708 
0.823242 1.010274177433 0.017769280165583 
0.82373 1.0105918639127 0.018138233381927 
0.824219 1.0113836032984 0.020384319292787 
0.824707 1.0113198083007 0.020406046687252 
0.825195 1.0124211700621 0.024221690343771 
0.825684 1.0128965688069 0.024823084086811 
0.826172 1.0132990051961 0.025244899668291 
0.82666 1.0119697126427 0.029898734212896 
0.827148 1.0102811785434 0.03602553761849 
0.827637 1.0095854289449 0.036953640962848 
0.828125 1.0128012725956 0.053107800275768 
0.828613 1.0125262907495 0.053214601028872 
0.829102 1.0119355580402 0.053715362319632 
0.82959 1.0148984293247 0.064186475304618 
0.830078 1.0160431390604 0.065521328814417 
0.830566 1.0157770863289 0.0656257592295 
0.831055 1.0147286287632 0.066893670182628 
0.831543 1.020701565216 0.097359525647841 
0.832031 1.0196357467643 0.098272658608554 
0.83252 1.0199821150614 0.098322283592347 
0.833008 1.0219356388577 0.10086445625922 
0.833496 1.0255594003861 0.10935669707675 
0.833984 1.0234119257109 0.11259170135394 
0.834473 1.0223549105708 0.11340688904633 
0.834961 1.0273071193922 0.12744617393525 
0.835449 1.0282629256335 0.12782626037002 
0.835938 1.0302108955838 0.12966794779766 
0.836426 1.0276632021025 0.13357132416462 
0.836914 1.0306149843507 0.13777919237424 
0.837402 1.029552091808 0.13850188514726 
0.837891 1.0284965197938 0.13921186222495 
0.838379 1.0250427382144 0.14560792214839 
0.838867 1.0219966669612 0.15038876553388 
0.839355 1.0329630027286 0.19869799010432 
0.839844 1.0330983201305 0.19938983743605 
0.840332 1.0320461227484 0.19990479838052 
0.84082 1.0309883211328 0.20041348437754 
0.841309 1.0299348461665 0.20091488538101 
0.841797 1.0288809632359 0.2014095667543 
0.842285 1.0290036108616 0.20211723914401 
0.842773 1.0291550183842 0.2028298341008 
0.843262 1.0292860952804 0.203552221906 
0.84375 1.0281681044068 0.20405069478167 
0.844238 1.0282777091708 0.20478459737422 
0.844727 1.0284141780353 0.20552437512856 
0.845215 1.02853178805 0.20627400220026 
0.845703 1.0286508773486 0.2070319122918 
0.846191 1.0287945147219 0.20779628169769 
0.84668 1.028916221037 0.2085712496323 
0.847168 1.0290676214039 0.20935252061421 
0.847656 1.0291895803002 0.21014538552311 
0.848145 1.0292693380932 0.21095011344991 
0.848633 1.0293988359972 0.21176102369922 
0.849121 1.029540768867 0.21258049369148 
0.849609 1.0296912693821 0.21340899111697 
0.850098 1.0298695695653 0.21424475623423 
0.850586 1.0300102687989 0.21509422997349 
0.851074 1.0302015910531 0.21594921008693 
0.851562 1.0303401906437 0.21681978236836 
0.852051 1.030475327323 0.21770141566795 
0.852539 1.0306145268125 0.218593750203 
0.853027 1.0307241303956 0.21949935677578 
0.853516 1.0309542614057 0.22040527686216 
0.854004 1.0311164471815 0.22133015599131 
0.854492 1.0313002289825 0.22226503333779 
0.85498 1.0314707014588 0.22321340021575 
0.855469 1.0316238184714 0.22417572692303 
0.855957 1.0317999967873 0.22514888024887 
0.856445 1.03194469063 0.22613764275293 
0.856934 1.0321413241004 0.22713532469999 
0.857422 1.0323464953321 0.22814583042595 
0.85791 1.0324969130868 0.22917503148262 
0.858398 1.0326937213961 0.2302146394022 
0.858887 1.0329408662086 0.23126359821743 
0.859375 1.0331693510621 0.2323296223516 
0.859863 1.0333914044968 0.23341164276931 
0.860352 1.0336244678225 0.23450821699178 
0.86084 1.0338175386683 0.23562465762252 
0.861328 1.0340104833586 0.23675752748344 
0.861816 1.0342826267182 0.23789924063806 
0.862305 1.0344767749015 0.2390660178177 
0.862793 1.0347463840072 0.2402430954011 
0.863281 1.0349920092499 0.24144090195124 
0.86377 1.0351994781103 0.24266083658522 
0.864258 1.0354637251861 0.24389443016022 
0.864746 1.035779018479 0.24514175581238 
0.865234 1.0359395036359 0.24642358124681 
0.865723 1.0362108747972 0.247716756721 
0.866211 1.0364404297364 0.24903506128926 
0.866699 1.036654316314 0.2503763586114 
0.867188 1.0370216284818 0.25172364037231 
0.867676 1.0373624255928 0.25309736342745 
0.868164 1.0376969671042 0.25449549829997 
0.868652 1.0380667385947 0.25591363607692 
0.869141 1.0385128587183 0.25734617595182 
0.869629 1.0387551396109 0.25882818509739 
0.870117 1.0389509763214 0.26033991751112 
0.870605 1.0393583838356 0.26185803750547 
0.871094 1.0397533652111 0.26340589796804 
0.871582 1.0400207252754 0.26499597018486 
0.87207 1.0401606333814 0.26662371999566 
0.872559 1.0406397973647 0.26825028092656 
0.873047 1.0411670635713 0.2699015300131 
0.873535 1.041831522972 0.27156194633954 
0.874023 1.0420956021469 0.27330969611551 
0.874512 1.042755529185 0.27504095536323 
0.875 1.0431705064933 0.2768448539408 
0.875488 1.0433579898768 0.27870442068049 
0.875977 1.0436877698326 0.2805925215607 
0.876465 1.0442922101045 0.28248715902631 
0.876953 1.0446466159237 0.28445365364346 
0.877441 1.045111503392 0.28645147776266 
0.87793 1.0457105060663 0.28847621692752 
0.878418 1.0462100919479 0.29055999066212 
0.878906 1.0466299950586 0.29269983728839 
0.879395 1.0471755739602 0.29487510997425 
0.879883 1.0476333056078 0.29711145224266 
0.880371 1.0480933794659 0.29940066277796 
0.880859 1.0484070711752 0.30175706830051 
0.881348 1.0491037262619 0.30413059558483 
0.881836 1.0501858027574 0.30649493040872 
0.882324 1.0513113542704 0.30891344402648 
0.882812 1.0520109159787 0.31147322233061 
0.883301 1.0526354592923 0.31411023102276 
0.883789 1.0531122515021 0.3168327967878 
0.884277 1.0541657882929 0.31955016586147 
0.884766 1.0545680373108 0.32242803055899 
0.885254 1.0552436786336 0.32536119928767 
0.885742 1.0559580084516 0.32837434791956 
0.88623 1.057291826143 0.33137451621367 
0.886719 1.0600788755283 0.33400340045126 
0.887207 1.0620677334343 0.33702774900441 
0.887695 1.0631378028864 0.34036534425137 
0.888184 1.0654984877742 0.34349528463696 
0.888672 1.0656086044971 0.34712941825023 
0.88916 1.0649391683228 0.35085226243774 
0.889648 1.0673354263975 0.35435670081114 
0.890137 1.0693475383745 0.35810657365304 
0.890625 1.0704296614539 0.36217554789997 
0.891113 1.0725103077602 0.36620772623016 
0.891602 1.0741528140496 0.3704938855882 
0.89209 1.0735916717422 0.37507926113215 
0.892578 1.0745235563468 0.37981180789859 
0.893066 1.0760125653586 0.38466450023821 
0.893555 1.0766075359678 0.38981075950223 
0.894043 1.0753399834832 0.39511249221399 
0.894531 1.0774970075272 0.40050815100293 
0.89502 1.0748373970725 0.40605055349004 
0.895508 1.074751517022 0.41215661529236 
0.895996 1.0749590180422 0.41854532403233 
0.896484 1.0831492638566 0.42271101007248 
0.896973 1.0935611400381 0.42577004259363 
0.897461 1.0998387141268 0.43168151456124 
0.897949 1.0867140554404 0.43359982200123 
0.898438 1.0909495688318 0.44098728629516 
0.898926 1.0973448781496 0.44815744371753 
0.899414 1.0838946204273 0.45185755817637 
0.899902 1.0801842258757 0.46080188735646 
0.900391 1.0849249068472 0.4701394532448 
0.900879 1.0951415135403 0.4782021076131 
0.901367 1.0585444881948 0.45836788613983 
0.901855 1.0684637455051 0.46748256654035 
0.902344 1.0689798600438 0.47962143943677 
0.902832 1.0566876667464 0.48984250624777 
0.90332 1.0288944812811 0.49005696801162 
0.903809 1.0492149371387 0.49814246520832 
0.904297 1.0618186065543 0.51200325874251 
0.904785 1.0147829613475 0.4976814924686 
0.905273 1.0046215693769 0.51506713108747 
0.905762 0.98082008854187 0.52918556192637 
0.90625 1.0113383084367 0.54251171390818 
0.906738 0.96911200715967 0.55148634614596 
0.907227 0.9812176976525 0.58005580220513 
0.907715 0.99635042732883 0.61356485379599 
0.908203 1.064958303828 0.62656664886815 
0.908691 1.1468779330522 0.64112475137102 
0.90918 0.86015822782795 1.1837751060408e-06 
0.909668 0.86015822782795 1.1837751060408e-06 
0.910156 0.86015881972447 0 
0.910645 0.86015881972447 1.0536712127724e-08 
0.911133 0.86015881972447 0 
0.911621 0.86015881972447 0 
0.912109 0.86015881972447 0 
0.912598 0.86015881972447 0 
0.913086 0.86015881972447 0 
0.913574 -nan -nan 
0.914062 -nan -nan 
0.914551 -nan -nan 
0.915039 -nan -nan 
0.915527 -nan -nan 
0.916016 -nan -nan 
0.916504 -nan -nan 
0.916992 -nan -nan 
0.91748 -nan -nan 
0.917969 -nan -nan 
0.918457 -nan -nan 
0.918945 -nan -nan 
0.919434 -nan -nan 
0.919922 -nan -nan 
0.92041 -nan -nan 
0.920898 -nan -nan 
0.921387 -nan -nan 
0.921875 -nan -nan 
0.922363 -nan -nan 
0.922852 -nan -nan 
0.92334 -nan -nan 
0.923828 -nan -nan 
0.924316 -nan -nan 
0.924805 -nan -nan 
0.925293 -nan -nan 
0.925781 -nan -nan 
0.92627 -nan -nan 
0.926758 -nan -nan 
0.927246 -nan -nan 
0.927734 -nan -nan 
0.928223 -nan -nan 
0.928711 -nan -nan 
0.929199 -nan -nan 
0.929688 -nan -nan 
0.930176 -nan -nan 
0.930664 -nan -nan 
0.931152 -nan -nan 
0.931641 -nan -nan 
0.932129 -nan -nan 
0.932617 -nan -nan 
0.933105 -nan -nan 
0.933594 -nan -nan 
0.934082 -nan -nan 
0.93457 -nan -nan 
0.935059 -nan -nan 
0.935547 -nan -nan 
0.936035 -nan -nan 
0.936523 -nan -nan 
0.937012 -nan -nan 
0.9375 -nan -nan 
0.937988 -nan -nan 
0.938477 -nan -nan 
0.938965 -nan -nan 
0.939453 -nan -nan 
0.939941 -nan -nan 
0.94043 -nan -nan 
0.940918 -nan -nan 
0.941406 -nan -nan 
0.941895 -nan -nan 
0.942383 -nan -nan 
0.942871 -nan -nan 
0.943359 -nan -nan 
0.943848 -nan -nan 
0.944336 -nan -nan 
0.944824 -nan -nan 
0.945312 -nan -nan 
0.945801 -nan -nan 
0.946289 -nan -nan 
0.946777 -nan -nan 
0.947266 -nan -nan 
0.947754 -nan -nan 
0.948242 -nan -nan 
0.94873 -nan -nan 
0.949219 -nan -nan 
0.949707 -nan -nan 
0.950195 -nan -nan 
0.950684 -nan -nan 
0.951172 -nan -nan 
0.95166 -nan -nan 
0.952148 -nan -nan 
0.952637 -nan -nan 
0.953125 -nan -nan 
0.953613 -nan -nan 
0.954102 -nan -nan 
0.95459 -nan -nan 
0.955078 -nan -nan 
0.955566 -nan -nan 
0.956055 -nan -nan 
0.956543 -nan -nan 
0.957031 -nan -nan 
0.95752 -nan -nan 
0.958008 -nan -nan 
0.958496 -nan -nan 
0.958984 -nan -nan 
0.959473 -nan -nan 
0.959961 -nan -nan 
0.960449 -nan -nan 
0.960938 -nan -nan 
0.961426 -nan -nan 
0.961914 -nan -nan 
0.962402 -nan -nan 
0.962891 -nan -nan 
0.963379 -nan -nan 
0.963867 -nan -nan 
0.964355 -nan -nan 
0.964844 -nan -nan 
0.965332 -nan -nan 
0.96582 -nan -nan 
0.966309 -nan -nan 
0.966797 -nan -nan 
0.967285 -nan -nan 
0.967773 -nan -nan 
0.968262 -nan -nan 
0.96875 -nan -nan 
0.969238 -nan -nan 
0.969727 -nan -nan 
0.970215 -nan -nan 
0.970703 -nan -nan 
0.971191 -nan -nan 
0.97168 -nan -nan 
0.972168 -nan -nan 
0.972656 -nan -nan 
0.973145 -nan -nan 
0.973633 -nan -nan 
0.974121 -nan -nan 
0.974609 -nan -nan 
0.975098 -nan -nan 
0.975586 -nan -nan 
0.976074 -nan -nan 
0.976562 -nan -nan 
0.977051 -nan -nan 
0.977539 -nan -nan 
0.978027 -nan -nan 
0.978516 -nan -nan 
0.979004 -nan -nan 
0.979492 -nan -nan 
0.97998 -nan -nan 
0.980469 -nan -nan 
0.980957 -nan -nan 
0.981445 -nan -nan 
0.981934 -nan -nan 
0.982422 -nan -nan 
0.98291 -nan -nan 
0.983398 -nan -nan 
0.983887 -nan -nan 
0.984375 -nan -nan 
0.984863 -nan -nan 
0.985352 -nan -nan 
0.98584 -nan -nan 
0.986328 -nan -nan 
0.986816 -nan -nan 
0.987305 -nan -nan 
0.987793 -nan -nan 
0.988281 -nan -nan 
0.98877 -nan -nan 
0.989258 -nan -nan 
0.989746 -nan -nan 
0.990234 -nan -nan 
0.990723 -nan -nan 
0.991211 -nan -nan 
0.991699 -nan -nan 
0.992188 -nan -nan 
0.992676 -nan -nan 
0.993164 -nan -nan 
0.993652 -nan -nan 
0.994141 -nan -nan 
0.994629 -nan -nan 
0.995117 -nan -nan 
0.995605 -nan -nan 
0.996094 -nan -nan 
0.996582 -nan -nan 
0.99707 -nan -nan 
0.997559 -nan -nan 
0.998047 -nan -nan 
0.998535 -nan -nan 
0.999023 -nan -nan 
0.999512 -nan -nan 
1 -nan -nan 
